10,20,41,6.1879e+05,-0.143,-0.144
10,20,41,6.1883e+05,-0.151,-0.098
10,20,41,6.1887e+05,-0.175,-0.111
10,20,41,6.1891e+05,-0.416,0.376
10,20,41,6.1894e+05,-0.157,-0.577
10,20,41,6.1898e+05,-0.336,-0.118
10,20,41,6.1902e+05,-0.092,-0.261
10,20,41,6.1906e+05,-0.238,0.448
10,20,41,6.191e+05,0.174,0.108
10,20,41,6.1914e+05,0.371,-0.783
10,20,41,6.1918e+05,0.243,0.263
10,20,41,6.1922e+05,0.149,-0.19
10,20,41,6.1926e+05,0.056,0.032
10,20,41,6.193e+05,-0.074,-0.442
10,20,41,6.1934e+05,-0.071,0.079
10,20,41,6.1937e+05,-0.075,0.345
10,20,41,6.1941e+05,-0.224,-0.008
10,20,41,6.1945e+05,0.154,-0.489
10,20,41,6.1949e+05,-0.097,-0.37
10,20,41,6.1953e+05,0.039,0.233
10,20,41,6.1957e+05,-0.159,-0.054
10,20,41,6.1961e+05,0.096,0.36
10,20,41,6.1965e+05,-0.243,-0.842
10,20,41,6.1969e+05,-0.099,0.398
10,20,41,6.1973e+05,0.076,-0.173
10,20,41,6.1976e+05,-0.156,0.045
10,20,41,6.198e+05,0.128,-0
10,20,41,6.1984e+05,0.049,-0.042
10,20,41,6.1988e+05,-0.032,-0.354
10,20,41,6.1992e+05,-0.228,0.279
10,20,41,6.1996e+05,-0.095,-0.09
10,20,41,6.2e+05,0.032,-0.446
10,20,41,6.2004e+05,-0.036,0.249
10,20,41,6.2008e+05,-0.046,-0.104
10,20,41,6.2012e+05,-0.329,0.042
10,20,41,6.2016e+05,0.281,-0.749
10,20,41,6.202e+05,0.104,0.392
10,20,41,6.2023e+05,-0.243,0.512
10,20,41,6.2027e+05,-0.09,-0.5
10,20,41,6.2031e+05,-0.147,-0.009
10,20,41,6.2035e+05,0.03,-0.07
10,20,41,6.2039e+05,-0.081,0.187
10,20,41,6.2043e+05,0.326,0.354
10,20,41,6.2047e+05,0.214,-0.782
10,20,41,6.2051e+05,-0.017,-0.071
10,20,41,6.2055e+05,0.02,0.165
10,20,41,6.2058e+05,0.278,0.132
10,20,41,6.2062e+05,0.206,-0.145
10,20,41,6.2066e+05,0.012,0.038
10,20,41,6.207e+05,-0.038,0.087
10,20,41,6.2074e+05,0.078,-0.484
10,20,41,6.2078e+05,0.069,0.309
10,20,41,6.2082e+05,0.234,0.646
10,20,41,6.2086e+05,0.317,-0.412
10,20,41,6.209e+05,0.116,-0.178
10,20,41,6.2094e+05,-0.097,0.006
10,20,41,6.2098e+05,-0.156,0.029
10,20,41,6.2102e+05,-0.442,0.151
10,20,41,6.2105e+05,-0.401,0.124
10,20,41,6.2109e+05,-0.454,-0.015
10,20,41,6.2113e+05,-0.307,-0.031
10,20,41,6.2117e+05,0.042,-0.238
10,20,41,6.2121e+05,-0.376,0.372
10,20,41,6.2125e+05,-0.379,0.232
10,20,41,6.2129e+05,0.153,-0.35
10,20,41,6.2133e+05,0.377,0.124
10,20,41,6.2137e+05,0.335,-0.132
10,20,41,6.2141e+05,-0.1,0.056
10,20,41,6.2144e+05,0.206,-0.263
10,20,41,6.2148e+05,0.289,-0.171
10,20,41,6.2152e+05,0.182,0.608
10,20,41,6.2156e+05,0.104,0.486
10,20,41,6.216e+05,0.385,-0.707
10,20,41,6.2164e+05,0.127,-0.604
10,20,41,6.2168e+05,-0.248,0.072
10,20,41,6.2172e+05,-0.805,0.581
10,20,41,6.2176e+05,-0.533,0.381
10,20,41,6.218e+05,-0.225,-0.041
10,20,41,6.2184e+05,-0.194,-0.166
10,20,41,6.2187e+05,-0.233,-0.234
10,20,41,6.2191e+05,-0.21,-0.092
10,20,41,6.2195e+05,-0.273,0.2
10,20,41,6.2199e+05,-0.363,0.163
10,20,41,6.2203e+05,-0.255,0.27
10,20,41,6.2207e+05,0.456,0.316
10,20,41,6.2211e+05,0.314,-0.319
10,20,41,6.2215e+05,0.28,0.105
10,20,41,6.2219e+05,0.427,-0.283
10,20,41,6.2223e+05,0.238,0.091
10,20,41,6.2226e+05,-0.015,0.029
10,20,41,6.223e+05,-0.245,0.301
10,20,41,6.2234e+05,-0.287,-0.328
10,20,41,6.2238e+05,-0.212,-0.014
10,20,41,6.2242e+05,-0.451,0.626
10,20,41,6.2246e+05,-0.482,0.139
10,20,41,6.225e+05,-0.314,-0.245
10,20,41,6.2254e+05,-0.034,-0.319
10,20,41,6.2258e+05,-0.494,0.299
10,20,41,6.2262e+05,-0.293,0.073
10,20,41,6.2266e+05,-0.234,-0.169
10,20,41,6.227e+05,-0.396,0.438
10,20,41,6.2273e+05,-0.094,0.52
10,20,41,6.2277e+05,-0.153,0.044
10,20,41,6.2281e+05,-0.047,0.197
10,20,41,6.2285e+05,-0.074,-0.19
10,20,41,6.2289e+05,-0.132,0.228
10,20,41,6.2293e+05,0.054,0.148
10,20,41,6.2297e+05,0.066,-0.124
10,20,41,6.2301e+05,-0.091,0.038
10,20,41,6.2305e+05,-0.289,0.252
10,20,41,6.2308e+05,0.106,-0.169
10,20,41,6.2312e+05,-0.111,0.489
10,20,41,6.2316e+05,0.026,0.06
10,20,41,6.232e+05,-0.189,-0.175
10,20,41,6.2324e+05,-0.381,-0.084
10,20,41,6.2328e+05,-0.398,0.24
10,20,41,6.2332e+05,-0.059,0.507
10,20,41,6.2336e+05,-0.017,-0.334
10,20,41,6.234e+05,-0.138,0.164
10,20,41,6.2344e+05,-0.256,0.181
10,20,41,6.2348e+05,-0.244,0.224
10,20,41,6.2352e+05,-0.177,0.275
10,20,41,6.2355e+05,-0.397,0.148
10,20,41,6.2359e+05,-0.145,-0.182
10,20,41,6.2363e+05,0.021,-0.149
10,20,41,6.2367e+05,-0.189,0.017
10,20,41,6.2371e+05,-0.092,0.216
10,20,41,6.2375e+05,-0.035,-0.112
10,20,41,6.2379e+05,0.207,-0.06
10,20,41,6.2383e+05,-0.11,0.221
10,20,41,6.2387e+05,-0.133,0.01
10,20,41,6.2391e+05,0.162,-0.106
10,20,41,6.2394e+05,-0.148,-0.541
10,20,41,6.2398e+05,-0.126,0.412
10,20,41,6.2402e+05,-0.061,0.265
10,20,41,6.2406e+05,-0.009,-0.372
10,20,41,6.241e+05,-0.045,0.312
10,20,41,6.2414e+05,-0.166,-0.023
10,20,41,6.2418e+05,-0.034,-0.034
10,20,41,6.2422e+05,-0.188,0.182
10,20,41,6.2426e+05,-0.198,-0.536
10,20,41,6.243e+05,-0.276,0.779
10,20,41,6.2434e+05,0.057,-0.072
10,20,41,6.2437e+05,0.052,-0.506
10,20,41,6.2441e+05,-0.04,-0.091
10,20,41,6.2445e+05,-0.138,0.245
10,20,41,6.2449e+05,-0.077,0.425
10,20,41,6.2453e+05,0.097,-0.453
10,20,41,6.2457e+05,0.032,0.295
10,20,41,6.2461e+05,0.259,-0.026
10,20,41,6.2465e+05,0.099,-0.2
10,20,41,6.2469e+05,0.044,-0.254
10,20,41,6.2473e+05,-0.124,0.006
10,20,41,6.2476e+05,-0.299,0.152
10,20,41,6.248e+05,-0.097,0.012
10,20,41,6.2484e+05,-0.294,-0.137
10,20,41,6.2488e+05,-0.243,0.754
10,20,41,6.2492e+05,0.131,-0.487
10,20,41,6.2496e+05,0.055,-0.344
10,20,41,6.25e+05,-0.077,-0.064
10,20,41,6.2504e+05,-0.322,0.141
10,20,41,6.2508e+05,-0.252,-0.534
10,20,41,6.2512e+05,-0.047,-0.086
10,20,41,6.2516e+05,0.051,0.426
10,20,41,6.252e+05,0.19,-0.091
10,20,41,6.2523e+05,0.535,-0.184
10,20,41,6.2527e+05,0.364,-0.32
10,20,41,6.2531e+05,0.094,0.149
10,20,41,6.2535e+05,-0.119,0.146
10,20,41,6.2539e+05,-0.017,-0.022
10,20,41,6.2543e+05,0.215,-0.163
10,20,41,6.2547e+05,0.3,0.352
10,20,41,6.2551e+05,0.148,-0.362
10,20,41,6.2555e+05,0.001,-0.312
10,20,41,6.2558e+05,-0.352,-0.144
10,20,41,6.2562e+05,-0.561,0.319
10,20,41,6.2566e+05,-0.227,0.445
10,20,41,6.257e+05,0.042,-0.248
10,20,41,6.2574e+05,0.286,-0.079
10,20,41,6.2578e+05,0.268,-0.337
10,20,41,6.2582e+05,-0.224,-0.288
10,20,41,6.2586e+05,0.04,-0.41
10,20,41,6.259e+05,-0.227,0.149
10,20,41,6.2594e+05,0.041,0.467
10,20,41,6.2598e+05,0.302,-0.568
10,20,41,6.2602e+05,0.423,-0.344
10,20,41,6.2605e+05,0.018,0.051
10,20,41,6.2609e+05,0.101,0.041
10,20,41,6.2613e+05,-0.192,0.014
10,20,41,6.2617e+05,-0.026,0.176
10,20,41,6.2621e+05,0.097,0.546
10,20,41,6.2625e+05,0.1,-0.518
10,20,41,6.2629e+05,0.081,-0.593
10,20,41,6.2633e+05,-0.212,0.312
10,20,41,6.2637e+05,-0.171,-0.073
10,20,41,6.2641e+05,-0.164,-0.057
10,20,41,6.2644e+05,-0.158,-0.069
10,20,41,6.2648e+05,-0.016,0.475
10,20,41,6.2652e+05,0.212,-0.313
10,20,41,6.2656e+05,0.2,-0.774
10,20,41,6.266e+05,-0.261,0.299
10,20,41,6.2664e+05,-0.067,0.189
10,20,41,6.2668e+05,0.05,-0.056
10,20,41,6.2672e+05,0.065,-0.404
10,20,41,6.2676e+05,-0.1,-0.087
10,20,41,6.268e+05,0.043,0.105
10,20,41,6.2684e+05,0.257,-0.147
10,20,41,6.2687e+05,0.073,0.613
10,20,41,6.2691e+05,0.001,-0.194
10,20,41,6.2695e+05,0.272,-0.24
10,20,41,6.2699e+05,0.333,-0.004
10,20,41,6.2703e+05,0.103,-0.022
10,20,41,6.2707e+05,-0.012,0.223
10,20,41,6.2711e+05,-0.067,-0.413
10,20,41,6.2715e+05,-0.113,0.127
10,20,41,6.2719e+05,-0.175,0.264
10,20,41,6.2723e+05,-0.028,0.302
10,20,41,6.2726e+05,-0.104,-0.053
10,20,41,6.273e+05,-0.023,-0.246
10,20,41,6.2734e+05,-0.426,-0.01
10,20,41,6.2738e+05,0.205,-0.198
10,20,41,6.2742e+05,0.15,-0.058
10,20,41,6.2746e+05,0.439,-0.064
10,20,41,6.275e+05,0.17,-0.229
10,20,41,6.2754e+05,0.238,0.036
10,20,41,6.2758e+05,0.249,-0.122
10,20,41,6.2762e+05,0.222,0.111
10,20,41,6.2766e+05,-0.044,-0.036
10,20,41,6.277e+05,-0.09,0.041
10,20,41,6.2773e+05,0.118,-0.269
10,20,41,6.2777e+05,0.116,0.113
10,20,41,6.2781e+05,0.206,0.3
10,20,41,6.2785e+05,-0.137,-0.123
10,20,41,6.2789e+05,0.007,0.107
10,20,41,6.2793e+05,-0.248,-0.435
10,20,41,6.2797e+05,-0.055,0.567
10,20,41,6.2801e+05,0.251,-0.204
10,20,41,6.2805e+05,0.076,0.009
10,20,41,6.2808e+05,-0.049,-0.438
10,20,41,6.2812e+05,-0.115,-0.216
10,20,41,6.2816e+05,-0.187,-0.047
10,20,41,6.282e+05,0.015,0.23
10,20,41,6.2824e+05,0.177,0.174
10,20,41,6.2828e+05,0.142,-0.546
10,20,41,6.2832e+05,0.097,-0.011
10,20,41,6.2836e+05,-0.151,0.148
10,20,41,6.284e+05,0.325,0.025
10,20,41,6.2844e+05,0.048,-0.079
10,20,41,6.2848e+05,-0.124,0.526
10,20,41,6.2852e+05,0.091,-0.128
10,20,41,6.2855e+05,0.279,-0.635
10,20,41,6.2859e+05,0.071,0.376
10,20,41,6.2863e+05,-0.013,0.425
10,20,41,6.2867e+05,-0.114,0.016
10,20,41,6.2871e+05,0.004,-0.248
10,20,41,6.2875e+05,-0.063,0.166
10,20,41,6.2879e+05,-0.293,0.283
10,20,41,6.2883e+05,-0.2,-0.292
10,20,41,6.2887e+05,-0.136,-0.118
10,20,41,6.2891e+05,-0.219,0.457
10,20,41,6.2894e+05,0.386,-0.471
10,20,41,6.2898e+05,0.147,-0.799
10,20,41,6.2902e+05,-0.245,0.333
10,20,41,6.2906e+05,-0.335,0.142
10,20,41,6.291e+05,-0.001,-0.04
10,20,41,6.2914e+05,0.138,-0.215
10,20,41,6.2918e+05,0.046,1.105
10,20,41,6.2922e+05,0.231,-0.505
10,20,41,6.2926e+05,0.101,0.134
10,20,41,6.293e+05,0.11,-0.394
10,20,41,6.2934e+05,-0.055,0.709
10,20,41,6.2937e+05,0.002,0.672
10,20,41,6.2941e+05,0.129,-0.7
10,20,41,6.2945e+05,-0.023,0.411
10,20,41,6.2949e+05,0.083,-0.26
10,20,41,6.2953e+05,-0.109,-0.286
10,20,41,6.2957e+05,-0.043,0.496
10,20,41,6.2961e+05,0.037,0.365
10,20,41,6.2965e+05,-0.09,-0.343
10,20,41,6.2969e+05,0.043,-0.421
10,20,41,6.2973e+05,0.069,-0
10,20,41,6.2976e+05,0.188,0.192
10,20,41,6.298e+05,-0.377,-0.164
10,20,41,6.2984e+05,-0.037,0.568
10,20,41,6.2988e+05,-0.43,0.155
10,20,41,6.2992e+05,-0.067,0.224
10,20,41,6.2996e+05,0.196,0.542
10,20,41,6.3e+05,0.095,0.01
10,20,41,6.3004e+05,0.253,0.027
10,20,41,6.3008e+05,0.045,-0.273
10,20,41,6.3012e+05,0.109,-0.286
10,20,41,6.3016e+05,0.082,0.232
10,20,41,6.302e+05,-0.086,0.24
10,20,41,6.3023e+05,0.041,0.225
10,20,41,6.3027e+05,-0.024,0.04
10,20,41,6.3031e+05,0.111,0.087
10,20,41,6.3035e+05,-0.165,-0.132
10,20,41,6.3039e+05,0.014,0.143
10,20,41,6.3043e+05,-0.033,-0.311
10,20,41,6.3047e+05,-0.01,-0.255
10,20,41,6.3051e+05,-0.081,0.063
10,20,41,6.3055e+05,0.093,-0.023
10,20,41,6.3058e+05,0.102,0.299
10,20,41,6.3062e+05,0.156,0.16
10,20,41,6.3066e+05,0.199,0.159
10,20,41,6.307e+05,0.183,-0.097
10,20,41,6.3074e+05,0.192,-0.051
10,20,41,6.3078e+05,-0.104,0.053
10,20,41,6.3082e+05,0.108,-0.202
10,20,41,6.3086e+05,-0.143,0.283
10,20,41,6.309e+05,-0.162,0.193
10,20,41,6.3094e+05,-0.201,0.24
10,20,41,6.3098e+05,-0.228,-0.115
10,20,41,6.3102e+05,0.114,-0.043
10,20,41,6.3105e+05,-0.034,0.039
10,20,41,6.3109e+05,0.014,-0.099
10,20,41,6.3113e+05,-0.032,-0.193
10,20,41,6.3117e+05,0.247,0.023
10,20,41,6.3121e+05,0.098,0.551
10,20,41,6.3125e+05,0.273,0.018
10,20,41,6.3129e+05,0.115,-0.343
10,20,41,6.3133e+05,0.019,-0.225
10,20,41,6.3137e+05,-0.247,0.033
10,20,41,6.3141e+05,0.238,0.239
10,20,41,6.3144e+05,-0.01,0.334
10,20,41,6.3148e+05,0.352,-0.092
10,20,41,6.3152e+05,0.272,-0.566
10,20,41,6.3156e+05,0.106,-0.199
10,20,41,6.316e+05,-0.13,0.35
10,20,41,6.3164e+05,-0.083,0.693
10,20,41,6.3168e+05,0.077,-0.358
10,20,41,6.3172e+05,-0.132,0.008
10,20,41,6.3176e+05,-0.049,-0.307
10,20,41,6.318e+05,-0.014,0.165
10,20,41,6.3184e+05,0.309,-0.215
10,20,41,6.3187e+05,0.077,-0.508
10,20,41,6.3191e+05,-0.149,0.129
10,20,41,6.3195e+05,0.014,-0.117
10,20,41,6.3199e+05,0.023,0.27
10,20,41,6.3203e+05,0.077,-0.127
10,20,41,6.3207e+05,0.09,0.653
10,20,41,6.3211e+05,0.264,-0.248
10,20,41,6.3215e+05,0.187,-0.431
10,20,41,6.3219e+05,0.032,-0.05
10,20,41,6.3223e+05,0.125,-0.475
10,20,41,6.3226e+05,0.166,0.285
10,20,41,6.323e+05,0.287,-0.312
10,20,41,6.3234e+05,-0.119,-0.199
10,20,41,6.3238e+05,-0.198,0.462
10,20,41,6.3242e+05,0.026,-0.28
10,20,41,6.3246e+05,-0.014,0.185
10,20,41,6.325e+05,0.088,-0.047
10,20,41,6.3254e+05,0.128,-0.279
10,20,41,6.3258e+05,0.055,-0.239
10,20,41,6.3262e+05,0.07,-0.028
10,20,41,6.3266e+05,0.073,0.198
10,20,41,6.327e+05,-0.212,-0.107
10,20,41,6.3273e+05,-0.167,-0.141
10,20,41,6.3277e+05,-0.024,0.427
10,20,41,6.3281e+05,0.206,-0.49
10,20,41,6.3285e+05,0.093,0.17
10,20,41,6.3289e+05,0.285,-0.223
10,20,41,6.3293e+05,-0.05,-0.317
10,20,41,6.3297e+05,0.229,0.313
10,20,41,6.3301e+05,-0.079,-0.263
10,20,41,6.3305e+05,-0.11,-0.048
10,20,41,6.3308e+05,0.038,0.032
10,20,41,6.3312e+05,0.237,0.236
10,20,41,6.3316e+05,0.179,-0.114
10,20,41,6.332e+05,-0.02,-0.099
10,20,41,6.3324e+05,-0.118,-0.08
10,20,41,6.3328e+05,0.003,0.304
10,20,41,6.3332e+05,0.117,0.12
10,20,41,6.3336e+05,0.338,-0.009
10,20,41,6.334e+05,0.157,-0.115
10,20,41,6.3344e+05,0.366,-0.008
10,20,41,6.3348e+05,0.026,0.148
10,20,41,6.3352e+05,-0.103,-0.532
10,20,41,6.3355e+05,-0.084,0.491
10,20,41,6.3359e+05,-0.244,-0.141
10,20,41,6.3363e+05,-0.101,-0.078
10,20,41,6.3367e+05,0.02,0.162
10,20,41,6.3371e+05,0.018,0.322
10,20,41,6.3375e+05,0.032,-0.056
10,20,41,6.3379e+05,0.008,0.05
10,20,41,6.3383e+05,0.034,-0.236
10,20,41,6.3387e+05,-0.186,-0.046
10,20,41,6.3391e+05,0.139,0.158
10,20,41,6.3394e+05,0.358,-0.19
10,20,41,6.3398e+05,0.299,0.103
10,20,41,6.3402e+05,0.208,0.217
10,20,41,6.3406e+05,0.097,0.137
10,20,41,6.341e+05,0.253,-0.307
10,20,41,6.3414e+05,0.113,0.139
10,20,41,6.3418e+05,0.053,0.419
10,20,41,6.3422e+05,0.323,-0.332
10,20,41,6.3426e+05,0.224,0.119
10,20,41,6.343e+05,-0.136,-0.205
10,20,41,6.3434e+05,-0.493,0.446
10,20,41,6.3437e+05,-0.091,0.138
10,20,41,6.3441e+05,-0.143,-0.195
10,20,41,6.3445e+05,-0.017,0.45
10,20,41,6.3449e+05,0.231,-0.246
10,20,41,6.3453e+05,0.398,-0.151
10,20,41,6.3457e+05,0.094,0.308
10,20,41,6.3461e+05,-0.245,0.066
10,20,41,6.3465e+05,-0.24,0.743
10,20,41,6.3469e+05,0.26,-0.419
10,20,41,6.3473e+05,0.015,-0.104
10,20,41,6.3476e+05,0.451,0.165
10,20,41,6.348e+05,0.046,-0.495
10,20,41,6.3484e+05,0.109,-0.158
10,20,41,6.3488e+05,-0.214,0.009
10,20,41,6.3492e+05,-0.241,0.504
10,20,41,6.3496e+05,0.062,0.251
10,20,41,6.35e+05,-0.007,-0.101
10,20,41,6.3504e+05,0.057,0.199
10,20,41,6.3508e+05,0.129,0.07
10,20,41,6.3512e+05,0.07,-0.295
10,20,41,6.3516e+05,0.051,0.212
10,20,41,6.352e+05,-0.096,0.057
10,20,41,6.3523e+05,-0.003,-0.039
10,20,41,6.3527e+05,-0.184,-0.141
10,20,41,6.3531e+05,0.121,-0.251
10,20,41,6.3535e+05,-0.402,0.453
10,20,41,6.3539e+05,0.183,0.488
10,20,41,6.3543e+05,-0.032,-0.527
10,20,41,6.3547e+05,-0.165,0.198
10,20,41,6.3551e+05,0.133,0.024
10,20,41,6.3555e+05,0.101,0.115
10,20,41,6.3558e+05,-0.06,-0.21
10,20,41,6.3562e+05,-0.035,0.706
10,20,41,6.3566e+05,0.105,0.182
10,20,41,6.357e+05,0.136,-0.315
10,20,41,6.3574e+05,0.329,-0.184
10,20,41,6.3578e+05,-0.438,0.406
10,20,41,6.3582e+05,0.219,0.108
10,20,41,6.3586e+05,0.543,-0.415
10,20,41,6.359e+05,-0.076,0.123
10,20,41,6.3594e+05,-0.095,0.154
10,20,41,6.3598e+05,0.053,-0.242
10,20,41,6.3602e+05,-0.06,-0.096
10,20,41,6.3605e+05,-0.091,0.637
10,20,41,6.3609e+05,-0.012,0.366
10,20,41,6.3613e+05,0.031,-0.747
10,20,41,6.3617e+05,0.113,-0.137
10,20,41,6.3621e+05,-0.027,0.573
10,20,41,6.3625e+05,-0.263,-0.187
10,20,41,6.3629e+05,0.061,0.333
10,20,41,6.3633e+05,-0.003,0.321
10,20,41,6.3637e+05,-0.283,-0.288
10,20,41,6.3641e+05,-0.014,0.211
10,20,41,6.3644e+05,0.028,-0.128
10,20,41,6.3648e+05,0.111,-0.004
10,20,41,6.3652e+05,0.031,0.438
10,20,41,6.3656e+05,-0.121,-0.494
10,20,41,6.366e+05,-0.227,-0.126
10,20,41,6.3664e+05,0.041,0.842
10,20,41,6.3668e+05,-0.065,-0.541
10,20,41,6.3672e+05,0.038,0.621
10,20,41,6.3676e+05,0.119,0.165
10,20,41,6.368e+05,0.017,-0.201
10,20,41,6.3684e+05,-0.198,-0.045
10,20,41,6.3687e+05,-0.009,-0.127
10,20,41,6.3691e+05,-0.314,0.364
10,20,41,6.3695e+05,0.054,-0.137
10,20,41,6.3699e+05,-0.052,-0.416
10,20,41,6.3703e+05,-0.484,0.464
10,20,41,6.3707e+05,-0.134,-0.093
10,20,41,6.3711e+05,-0.157,0.248
10,20,41,6.3715e+05,-0.073,-0.292
10,20,41,6.3719e+05,-0.162,0.441
10,20,41,6.3723e+05,0.197,0.039
10,20,41,6.3726e+05,0.149,-0.684
10,20,41,6.373e+05,0.024,0.274
10,20,41,6.3734e+05,0.019,0.098
10,20,41,6.3738e+05,-0.102,0.207
10,20,41,6.3742e+05,0.254,0.391
10,20,41,6.3746e+05,-0.062,0.185
10,20,41,6.375e+05,0.269,-0.436
10,20,41,6.3754e+05,0.139,-0.057
10,20,41,6.3758e+05,-0.011,-0.276
10,20,41,6.3762e+05,-0.497,0.163
10,20,41,6.3766e+05,-0.17,0.147
10,20,41,6.377e+05,-0.2,-0.28
10,20,41,6.3773e+05,-0.229,0.928
10,20,41,6.3777e+05,-0.025,-0.642
10,20,41,6.3781e+05,-0.013,0.055
10,20,41,6.3785e+05,-0.027,-0.635
10,20,41,6.3789e+05,-0.34,0.251
10,20,41,6.3793e+05,0.029,0.756
10,20,41,6.3797e+05,0.351,-0.533
10,20,41,6.3801e+05,0.206,0.184
10,20,41,6.3805e+05,0.204,-0.24
10,20,41,6.3808e+05,-0.141,-0.084
10,20,41,6.3812e+05,-0.024,-0.06
10,20,41,6.3816e+05,-0.11,-0.005
10,20,41,6.382e+05,0.087,0.14
10,20,41,6.3824e+05,0.036,-0.497
10,20,41,6.3828e+05,0.168,-0.232
10,20,41,6.3832e+05,-0.153,0.022
10,20,41,6.3836e+05,0.055,-0.074
10,20,41,6.384e+05,0.174,0.579
10,20,41,6.3844e+05,-0.265,-0.424
10,20,41,6.3848e+05,-0.236,-0.252
10,20,41,6.3852e+05,-0.113,0.459
10,20,41,6.3855e+05,0.189,-0.371
10,20,41,6.3859e+05,0.238,0.027
10,20,41,6.3863e+05,0.011,-0.39
10,20,41,6.3867e+05,-0.117,0.475
10,20,41,6.3871e+05,0.008,-0.557
10,20,41,6.3875e+05,0.084,-0.175
10,20,41,6.3879e+05,-0.055,0.548
10,20,41,6.3883e+05,0.015,-0.48
10,20,41,6.3887e+05,-0.049,0.003
10,20,41,6.3891e+05,-0.212,0.177
10,20,41,6.3894e+05,-0.004,-0.157
10,20,41,6.3898e+05,-0.168,0.272
10,20,41,6.3902e+05,0.097,-0.232
10,20,41,6.3906e+05,0.267,-0.397
10,20,41,6.391e+05,0.001,-0.144
10,20,41,6.3914e+05,0.103,0.025
10,20,41,6.3918e+05,0.179,-0.354
10,20,41,6.3922e+05,-0.164,0.158
10,20,41,6.3926e+05,0.056,-0.067
10,20,41,6.393e+05,-0.057,0.112
10,20,41,6.3934e+05,0.067,0.099
10,20,41,6.3937e+05,-0.007,-0.777
10,20,41,6.3941e+05,-0.257,0.726
10,20,41,6.3945e+05,-0.475,-0.191
10,20,41,6.3949e+05,-0.164,-0.362
10,20,41,6.3953e+05,-0.143,0.575
10,20,41,6.3957e+05,0.046,-0.371
10,20,41,6.3961e+05,0.436,0.194
10,20,41,6.3965e+05,0.432,-0.351
10,20,41,6.3969e+05,0.022,-0.601
10,20,41,6.3973e+05,-0.314,0.687
10,20,41,6.3976e+05,-0.062,-0.075
10,20,41,6.398e+05,0.155,0.51
10,20,41,6.3984e+05,0.37,-0.064
10,20,41,6.3988e+05,0.086,-0.37
10,20,41,6.3992e+05,0.005,-0.254
10,20,41,6.3996e+05,-0.007,-0.409
10,20,41,6.4e+05,-0.055,0.542
10,20,41,6.4004e+05,-0.409,-0.073
10,20,41,6.4008e+05,-0.196,-0.222
10,20,41,6.4012e+05,-0.124,-0.043
10,20,41,6.4016e+05,-0.207,-0.235
10,20,41,6.402e+05,-0.006,0.427
10,20,41,6.4023e+05,-0.313,-0.128
10,20,41,6.4027e+05,-0.313,0.184
10,20,41,6.4031e+05,-0.172,0.37
10,20,41,6.4035e+05,0.009,-0.213
10,20,41,6.4039e+05,0.104,0.066
10,20,41,6.4043e+05,-0.016,-0.102
10,20,41,6.4047e+05,-0.158,0.181
10,20,41,6.4051e+05,-0.467,-0.237
10,20,41,6.4055e+05,-0.235,-0.041
10,20,41,6.4058e+05,-0.153,0.242
10,20,41,6.4062e+05,-0.213,0.127
10,20,41,6.4066e+05,0.219,-0.268
10,20,41,6.407e+05,0.156,-0.25
10,20,41,6.4074e+05,-0.117,-0.248
10,20,41,6.4078e+05,-0.548,-0.131
10,20,41,6.4082e+05,-0.193,0.386
10,20,41,6.4086e+05,-0.099,0.036
10,20,41,6.409e+05,0.216,0.204
10,20,41,6.4094e+05,0.169,-0.181
10,20,41,6.4098e+05,-0.306,-0.216
10,20,41,6.4102e+05,-0.527,-0.335
10,20,41,6.4105e+05,-0.467,0.499
10,20,41,6.4109e+05,-0.388,0.264
10,20,41,6.4113e+05,-0.09,0.261
10,20,41,6.4117e+05,0.197,-0.292
10,20,41,6.4121e+05,-0.214,-0.904
10,20,41,6.4125e+05,-0.322,0.403
10,20,41,6.4129e+05,-0.044,0.064
10,20,41,6.4133e+05,-0.288,0.28
10,20,41,6.4137e+05,0.042,0.584
10,20,41,6.4141e+05,0.324,-0.395
10,20,41,6.4144e+05,0.274,-0.596
10,20,41,6.4148e+05,0.375,-0.083
10,20,41,6.4152e+05,-0.196,-0.259
10,20,41,6.4156e+05,-0.546,0.996
10,20,41,6.416e+05,-0.184,-0.349
10,20,41,6.4164e+05,-0.249,-0.033
10,20,41,6.4168e+05,-0.045,0.398
10,20,41,6.4172e+05,0.365,-0.582
10,20,41,6.4176e+05,-0.028,0.138
10,20,41,6.418e+05,-0.308,-0.354
10,20,41,6.4184e+05,-0.324,0.391
10,20,41,6.4187e+05,-0.086,0.202
10,20,41,6.4191e+05,0.34,0.079
10,20,41,6.4195e+05,0.335,-0.334
10,20,41,6.4199e+05,0.117,-0.436
10,20,41,6.4203e+05,0.035,0.278
10,20,41,6.4207e+05,0.131,-0.236
10,20,41,6.4211e+05,-0.018,0.363
10,20,41,6.4215e+05,-0.162,-0.11
10,20,41,6.4219e+05,-0.127,-0.18
10,20,41,6.4223e+05,-0.058,0.402
10,20,41,6.4226e+05,-0.009,-0.238
10,20,41,6.423e+05,-0.276,0.556
10,20,41,6.4234e+05,-0.498,-0.481
10,20,41,6.4238e+05,-0.323,0.154
10,20,41,6.4242e+05,-0.11,0.122
10,20,41,6.4246e+05,0.07,-0.368
10,20,41,6.425e+05,-0.141,0.858
10,20,41,6.4254e+05,0.19,-0.501
10,20,41,6.4258e+05,-0.214,0.153
10,20,41,6.4262e+05,-0.122,0.006
10,20,41,6.4266e+05,-0.073,-0.195
10,20,41,6.427e+05,0.074,0.706
10,20,41,6.4273e+05,0.239,-0.465
10,20,41,6.4277e+05,0.019,-0.257
10,20,41,6.4281e+05,-0.024,-0.015
10,20,41,6.4285e+05,-0.303,0.731
10,20,41,6.4289e+05,-0.025,-0.163
10,20,41,6.4293e+05,0.039,-0.21
10,20,41,6.4297e+05,-0.029,0.004
10,20,41,6.4301e+05,0.158,-0.166
10,20,41,6.4305e+05,0.246,0.1
10,20,41,6.4308e+05,0.134,-0.391
10,20,41,6.4312e+05,-0.387,0.771
10,20,41,6.4316e+05,-0.251,-0.232
10,20,41,6.432e+05,-0.065,0.024
10,20,41,6.4324e+05,-0.144,0.851
10,20,41,6.4328e+05,0.08,-0.571
10,20,41,6.4332e+05,0.03,0.353
10,20,41,6.4336e+05,0.039,-0.479
10,20,41,6.434e+05,0.244,0.28
10,20,41,6.4344e+05,-0.035,0.576
10,20,41,6.4348e+05,0.129,-0.148
10,20,41,6.4352e+05,0.079,0.307
10,20,41,6.4355e+05,-0.132,-0.669
10,20,41,6.4359e+05,0.11,0.251
10,20,41,6.4363e+05,-0.209,0.022
10,20,41,6.4367e+05,0.07,0.424
10,20,41,6.4371e+05,-0.17,-0.243
10,20,41,6.4375e+05,0.16,0.045
10,20,41,6.4379e+05,-0.097,-0.145
10,20,41,6.4383e+05,-0.211,0.076
10,20,41,6.4387e+05,-0.175,0.515
10,20,41,6.4391e+05,-0.396,-0.096
10,20,41,6.4394e+05,0.076,-0.118
10,20,41,6.4398e+05,-0.005,-0.043
10,20,41,6.4402e+05,0.092,0.052
10,20,41,6.4406e+05,0.074,-0.045
10,20,41,6.441e+05,-0.124,-0.321
10,20,41,6.4414e+05,-0.258,0.473
10,20,41,6.4418e+05,-0.028,-0.098
10,20,41,6.4422e+05,0.097,0.098
10,20,41,6.4426e+05,0.383,-0.148
10,20,41,6.443e+05,0.175,-0.188
10,20,41,6.4434e+05,-0.094,-0.296
10,20,41,6.4437e+05,-0.172,-0.316
10,20,41,6.4441e+05,-0.218,0.601
10,20,41,6.4445e+05,-0.004,0.701
10,20,41,6.4449e+05,0.078,-0.423
10,20,41,6.4453e+05,-0.024,0.152
10,20,41,6.4457e+05,0.084,-0.568
10,20,41,6.4461e+05,-0.027,-0.1
10,20,41,6.4465e+05,-0.069,0.4
10,20,41,6.4469e+05,-0.208,-0.104
10,20,41,6.4473e+05,-0.022,0.32
10,20,41,6.4476e+05,0.263,-0.17
10,20,41,6.448e+05,0.427,0.149
10,20,41,6.4484e+05,0.405,-0.302
10,20,41,6.4488e+05,-0.073,-0.157
10,20,41,6.4492e+05,-0.117,0.616
10,20,41,6.4496e+05,-0.196,-0.641
10,20,41,6.45e+05,-0.139,0.085
10,20,41,6.4504e+05,0.143,0.013
10,20,41,6.4508e+05,0.181,-0.401
10,20,41,6.4512e+05,-0.119,0.357
10,20,41,6.4516e+05,-0.235,-0.286
10,20,41,6.452e+05,-0.061,-0.454
10,20,41,6.4523e+05,0.031,-0.054
10,20,41,6.4527e+05,0.272,-0.091
10,20,41,6.4531e+05,0.229,0.462
10,20,41,6.4535e+05,0.366,-0.57
10,20,41,6.4539e+05,0.05,-0.433
10,20,41,6.4543e+05,0.134,0.662
10,20,41,6.4547e+05,0.042,-0.078
10,20,41,6.4551e+05,0.384,0.28
10,20,41,6.4555e+05,0.138,-0.465
10,20,41,6.4558e+05,-0.295,-0.332
10,20,41,6.4562e+05,0.057,0.054
10,20,41,6.4566e+05,-0.106,0.173
10,20,41,6.457e+05,0.029,0.249
10,20,41,6.4574e+05,-0.016,0.125
10,20,41,6.4578e+05,0.092,-0.167
10,20,41,6.4582e+05,0.569,-0.609
10,20,41,6.4586e+05,-0.024,-0.133
10,20,41,6.459e+05,0.128,0.317
10,20,41,6.4594e+05,0.19,-0.081
10,20,41,6.4598e+05,0.296,0.369
10,20,41,6.4602e+05,0.203,0.022
10,20,41,6.4605e+05,0.393,0.42
10,20,41,6.4609e+05,0.639,-0.508
10,20,41,6.4613e+05,0.577,-0.416
10,20,41,6.4617e+05,0.135,0.083
10,20,41,6.4621e+05,-0.404,-0.035
10,20,41,6.4625e+05,-0.122,-0.217
10,20,41,6.4629e+05,0.225,-0.079
10,20,41,6.4633e+05,-0.068,0.092
10,20,41,6.4637e+05,0.112,-0.131
10,20,41,6.4641e+05,0.124,-0.407
10,20,41,6.4644e+05,-0.207,-0.224
10,20,41,6.4648e+05,-0.104,0.309
10,20,41,6.4652e+05,-0.173,0.319
10,20,41,6.4656e+05,0.335,0.011
10,20,41,6.466e+05,0.172,0.105
10,20,41,6.4664e+05,0.181,-0.016
10,20,41,6.4668e+05,0.12,-0.192
10,20,41,6.4672e+05,0.159,0.386
10,20,41,6.4676e+05,0.248,-0.005
10,20,41,6.468e+05,0.333,0.357
10,20,41,6.4684e+05,0.343,-0.241
10,20,41,6.4687e+05,0.093,-0.213
10,20,41,6.4691e+05,0.208,0.232
10,20,41,6.4695e+05,0.138,0.061
10,20,41,6.4699e+05,0.142,0.243
10,20,41,6.4703e+05,0.064,-0.021
10,20,41,6.4707e+05,-0.129,-0.214
10,20,41,6.4711e+05,-0.297,0.027
10,20,41,6.4715e+05,0.03,-0.234
10,20,41,6.4719e+05,-0.142,0.043
10,20,41,6.4723e+05,-0.125,0.086
10,20,41,6.4726e+05,-0.271,-0.577
10,20,41,6.473e+05,-0.077,0.186
10,20,41,6.4734e+05,0.265,-0.18
10,20,41,6.4738e+05,0.254,0.686
10,20,41,6.4742e+05,0.109,-0.206
10,20,41,6.4746e+05,-0.001,-0.249
10,20,41,6.475e+05,-0.058,-0.005
10,20,41,6.4754e+05,-0.219,0.274
10,20,41,6.4758e+05,0.425,-0.206
10,20,41,6.4762e+05,0.153,-0.042
10,20,41,6.4766e+05,-0.124,0.147
10,20,41,6.477e+05,-0.133,0.164
10,20,41,6.4773e+05,-0.066,0.154
10,20,41,6.4777e+05,-0.283,0.487
10,20,41,6.4781e+05,0.209,0.256
10,20,41,6.4785e+05,-0.018,-0.184
10,20,41,6.4789e+05,0.128,0.124
10,20,41,6.4793e+05,0.513,-0.272
10,20,41,6.4797e+05,0.33,0.339
10,20,41,6.4801e+05,0.206,-0.209
10,20,41,6.4805e+05,-0.067,0.1
10,20,41,6.4808e+05,-0.04,0.104
10,20,41,6.4812e+05,0.157,-0.084
10,20,41,6.4816e+05,0.206,0.362
10,20,41,6.482e+05,-0.083,0.035
10,20,41,6.4824e+05,-0.142,-0.13
10,20,41,6.4828e+05,-0.108,-0.145
10,20,41,6.4832e+05,-0.416,0.377
10,20,41,6.4836e+05,-0.104,0.539
10,20,41,6.484e+05,0.105,-0.168
10,20,41,6.4844e+05,-0.338,0.006
10,20,41,6.4848e+05,-0.05,0.04
10,20,41,6.4852e+05,-0.04,0.114
10,20,41,6.4855e+05,0.145,0.237
10,20,41,6.4859e+05,-0.115,0.121
10,20,41,6.4863e+05,0.082,0.332
10,20,41,6.4867e+05,-0.024,-0.518
10,20,41,6.4871e+05,0.324,-0.057
10,20,41,6.4875e+05,-0.001,0.594
10,20,41,6.4879e+05,0.056,0.129
10,20,41,6.4883e+05,0.409,-0.48
10,20,41,6.4887e+05,0.122,0.02
10,20,41,6.4891e+05,0.147,0.183
10,20,41,6.4894e+05,0.11,0.394
10,20,41,6.4898e+05,0.131,-0.035
10,20,41,6.4902e+05,-0.091,0.101
10,20,41,6.4906e+05,-0.038,0.182
10,20,41,6.491e+05,-0.017,-0.109
10,20,41,6.4914e+05,-0.268,0.348
10,20,41,6.4918e+05,-0.328,0.144
10,20,41,6.4922e+05,-0.255,0.018
10,20,41,6.4926e+05,-0.349,0.309
10,20,41,6.493e+05,-0.067,0.23
10,20,41,6.4934e+05,-0.338,-0.138
10,20,41,6.4937e+05,0.084,-0.247
10,20,41,6.4941e+05,-0.084,0.445
10,20,41,6.4945e+05,0.217,-0.005
10,20,41,6.4949e+05,0.085,-0.129
10,20,41,6.4953e+05,0.075,0.338
10,20,41,6.4957e+05,-0.016,0.011
10,20,41,6.4961e+05,0.026,0.169
10,20,41,6.4965e+05,0.165,-0.077
10,20,41,6.4969e+05,-0.313,0.333
10,20,41,6.4973e+05,-0.176,0.118
10,20,41,6.4976e+05,-0.107,-0.17
10,20,41,6.498e+05,-0.155,0.057
10,20,41,6.4984e+05,0.045,0.549
10,20,41,6.4988e+05,0.281,-0.322
10,20,41,6.4992e+05,0.05,-0.144
10,20,41,6.4996e+05,-0.203,0.234
10,20,41,6.5e+05,0.032,0.212
10,20,41,6.5004e+05,0.085,0.306
10,20,41,6.5008e+05,0.111,0.152
10,20,41,6.5012e+05,-0.131,0.235
10,20,41,6.5016e+05,0.01,-0.605
10,20,41,6.502e+05,-0.009,-0.198
10,20,41,6.5023e+05,-0.335,0.467
10,20,41,6.5027e+05,-0.021,0.111
10,20,41,6.5031e+05,0.176,-0.318
10,20,41,6.5035e+05,0.191,0.259
10,20,41,6.5039e+05,0.176,-0.391
10,20,41,6.5043e+05,-0.145,0.112
10,20,41,6.5047e+05,-0.073,0.268
10,20,41,6.5051e+05,-0.192,0.281
10,20,41,6.5055e+05,0.141,0.049
10,20,41,6.5058e+05,0.151,0.211
10,20,41,6.5062e+05,0.428,-0.195
10,20,41,6.5066e+05,-0.052,-0.246
10,20,41,6.507e+05,-0.167,-0.036
10,20,41,6.5074e+05,-0.15,0.331
10,20,41,6.5078e+05,0.031,-0.006
10,20,41,6.5082e+05,0.298,0.06
10,20,41,6.5086e+05,-0.094,-0.012
10,20,41,6.509e+05,0.073,-0.606
10,20,41,6.5094e+05,-0.349,0.359
10,20,41,6.5098e+05,-0.239,0.233
10,20,41,6.5102e+05,-0.154,0.538
10,20,41,6.5105e+05,0.151,-0.142
10,20,41,6.5109e+05,0.363,-0.807
10,20,41,6.5113e+05,0.007,0.191
10,20,41,6.5117e+05,-0.139,-0.23
10,20,41,6.5121e+05,0.096,0.09
10,20,41,6.5125e+05,-0.002,0.295
10,20,41,6.5129e+05,-0.11,0.217
10,20,41,6.5133e+05,0.326,-0.01
10,20,41,6.5137e+05,0.047,-0.418
10,20,41,6.5141e+05,-0.046,0.193
10,20,41,6.5144e+05,-0.127,0.404
10,20,41,6.5148e+05,-0.177,-0.651
10,20,41,6.5152e+05,-0.019,0.325
10,20,41,6.5156e+05,-0.112,0.17
10,20,41,6.516e+05,0.071,-0.612
10,20,41,6.5164e+05,0.215,0.003
10,20,41,6.5168e+05,-0.198,-0.052
10,20,41,6.5172e+05,-0.293,0.363
10,20,41,6.5176e+05,-0.172,-0.006
10,20,41,6.518e+05,0.229,-0.372
10,20,41,6.5184e+05,0.043,0.553
10,20,41,6.5187e+05,0.432,-0.38
10,20,41,6.5191e+05,0.09,-0.201
10,20,41,6.5195e+05,0.097,0.049
10,20,41,6.5199e+05,-0.202,-0.121
10,20,41,6.5203e+05,-0.055,0.465
10,20,41,6.5207e+05,0.204,-0.494
10,20,41,6.5211e+05,0.044,0.111
10,20,41,6.5215e+05,0.043,0.088
10,20,41,6.5219e+05,0.136,0.15
10,20,41,6.5223e+05,-0.021,-0.348
10,20,41,6.5226e+05,-0.302,0.152
10,20,41,6.523e+05,-0.24,0.012
10,20,41,6.5234e+05,-0.143,-0.093
10,20,41,6.5238e+05,-0.051,0.22
10,20,41,6.5242e+05,-0.022,-0.353
10,20,41,6.5246e+05,-0.284,-0.062
10,20,41,6.525e+05,-0.133,-0.092
10,20,41,6.5254e+05,-0.236,0.381
10,20,41,6.5258e+05,-0.21,0.286
10,20,41,6.5262e+05,0.106,-0.362
10,20,41,6.5266e+05,0.206,-0.016
10,20,41,6.527e+05,0.061,-0.021
10,20,41,6.5273e+05,0.111,0.289
10,20,41,6.5277e+05,0.277,0.206
10,20,41,6.5281e+05,0.054,-0.005
10,20,41,6.5285e+05,0.16,0.191
10,20,41,6.5289e+05,0.241,0.531
10,20,41,6.5293e+05,-0.026,-0.269
10,20,41,6.5297e+05,-0.273,-0.077
10,20,41,6.5301e+05,-0.517,0.328
10,20,41,6.5305e+05,-0.251,-0.157
10,20,41,6.5308e+05,-0.196,0.373
10,20,41,6.5312e+05,-0.051,-0.22
10,20,41,6.5316e+05,-0.297,0.086
10,20,41,6.532e+05,-0.382,-0.348
10,20,41,6.5324e+05,-0.312,0.091
10,20,41,6.5328e+05,0.15,0.348
10,20,41,6.5332e+05,0.485,-0.278
10,20,41,6.5336e+05,0.465,0.104
10,20,41,6.534e+05,0.338,-0.484
10,20,41,6.5344e+05,0.272,-0.419
10,20,41,6.5348e+05,0.216,0.449
10,20,41,6.5352e+05,0.214,0.938
10,20,41,6.5355e+05,-0.112,0.262
10,20,41,6.5359e+05,-0.267,-0.263
10,20,41,6.5363e+05,0.01,0.454
10,20,41,6.5367e+05,-0.255,-0.2
10,20,41,6.5371e+05,-0.222,0.06
10,20,41,6.5375e+05,-0.275,0.245
10,20,41,6.5379e+05,-0.481,-0.554
10,20,41,6.5383e+05,-0.24,0.067
10,20,41,6.5387e+05,-0.062,0.014
10,20,41,6.5391e+05,0.131,-0.064
10,20,41,6.5394e+05,0,0.683
10,20,41,6.5398e+05,0.007,-0.35
10,20,41,6.5402e+05,-0.067,-0.165
10,20,41,6.5406e+05,-0.079,0.285
10,20,41,6.541e+05,0.327,0.084
10,20,41,6.5414e+05,0.213,0.216
10,20,41,6.5418e+05,0.29,-0.644
10,20,41,6.5422e+05,0.166,0.568
10,20,41,6.5426e+05,-0.102,-0.096
10,20,41,6.543e+05,-0.365,-0.169
10,20,41,6.5434e+05,0.128,0.811
10,20,41,6.5437e+05,0.028,-0.463
10,20,41,6.5441e+05,0.036,-0.023
10,20,41,6.5445e+05,-0.233,0.187
10,20,41,6.5449e+05,-0.341,-0.022
10,20,41,6.5453e+05,-0.357,0.045
10,20,41,6.5457e+05,-0.202,0.562
10,20,41,6.5461e+05,-0.179,0.3
10,20,41,6.5465e+05,-0.089,-0.005
10,20,41,6.5469e+05,-0.119,-0.517
10,20,41,6.5473e+05,-0.097,0.463
10,20,41,6.5476e+05,-0.212,0.444
10,20,41,6.548e+05,-0.097,0.272
10,20,41,6.5484e+05,-0.07,-0.047
10,20,41,6.5488e+05,0.059,-0.237
10,20,41,6.5492e+05,0.511,-0.394
10,20,41,6.5496e+05,0.307,0.097
10,20,41,6.55e+05,0.181,-0.223
10,20,41,6.5504e+05,-0.136,0.139
10,20,41,6.5508e+05,-0.155,0.149
10,20,41,6.5512e+05,-0.083,-0.047
10,20,41,6.5516e+05,-0.071,0.262
10,20,41,6.552e+05,-0.241,-0.26
10,20,41,6.5523e+05,-0.452,0.011
10,20,41,6.5527e+05,-0.631,0.098
10,20,41,6.5531e+05,-0.653,-0.141
10,20,41,6.5535e+05,-0.631,0.362
10,20,41,6.5539e+05,-0.483,0.367
10,20,41,6.5543e+05,-0.224,-0.362
10,20,41,6.5547e+05,-0.144,-0.197
10,20,41,6.5551e+05,-0.387,0.384
10,20,41,6.5555e+05,-0.308,0.145
10,20,41,6.5558e+05,0.066,0.006
10,20,41,6.5562e+05,0.227,0.22
10,20,41,6.5566e+05,0.106,0.268
10,20,41,6.557e+05,0.165,0.424
10,20,41,6.5574e+05,0.292,-0.378
10,20,41,6.5578e+05,-0.204,0.162
10,20,41,6.5582e+05,-0.196,0.471
10,20,41,6.5586e+05,0.161,-0.33
10,20,41,6.559e+05,-0.249,-0.33
10,20,41,6.5594e+05,-0.21,0.113
10,20,41,6.5598e+05,-0.305,0.234
10,20,41,6.5602e+05,-0.627,-0.543
10,20,41,6.5605e+05,-0.567,0.358
10,20,41,6.5609e+05,-0.346,0.543
10,20,41,6.5613e+05,-0.319,-0.026
10,20,41,6.5617e+05,0.229,0.076
10,20,41,6.5621e+05,0.186,-0.629
10,20,41,6.5625e+05,-0.248,0.003
10,20,41,6.5629e+05,0.02,0.192
10,20,41,6.5633e+05,0.135,0.281
10,20,41,6.5637e+05,-0.092,0.165
10,20,41,6.5641e+05,0.164,0.447
10,20,41,6.5644e+05,0.653,-0.002
10,20,41,6.5648e+05,0.293,-0.312
10,20,41,6.5652e+05,-0.029,0.317
10,20,41,6.5656e+05,-0.373,-0.107
10,20,41,6.566e+05,-0.42,-0.237
10,20,41,6.5664e+05,-0.514,-0.08
10,20,41,6.5668e+05,-0.367,0.199
10,20,41,6.5672e+05,-0.667,-0.383
10,20,41,6.5676e+05,-0.187,-0.121
10,20,41,6.568e+05,-0.089,0.219
10,20,41,6.5684e+05,-0.421,0.279
10,20,41,6.5687e+05,-0.137,0.211
10,20,41,6.5691e+05,0.346,0.095
10,20,41,6.5695e+05,0.522,-0.473
10,20,41,6.5699e+05,0.651,0.022
10,20,41,6.5703e+05,0.515,-0.281
10,20,41,6.5707e+05,-0.012,0.022
10,20,41,6.5711e+05,-0.244,0.302
10,20,41,6.5715e+05,-0.199,0.559
10,20,41,6.5719e+05,-0.02,0.103
10,20,41,6.5723e+05,0.208,-0.24
10,20,41,6.5726e+05,0.173,-0.274
10,20,41,6.573e+05,-0.217,-0.75
10,20,41,6.5734e+05,-0.523,0.311
10,20,41,6.5738e+05,-0.555,0.186
10,20,41,6.5742e+05,-0.364,0.314
10,20,41,6.5746e+05,-0.016,-0.025
10,20,41,6.575e+05,-0.13,-0.224
10,20,41,6.5754e+05,-0.321,0.012
10,20,41,6.5758e+05,0.054,-0.745
10,20,41,6.5762e+05,-0.386,0.674
10,20,41,6.5766e+05,-0.147,0.056
10,20,41,6.577e+05,0.248,0.182
10,20,41,6.5773e+05,0.427,0.119
10,20,41,6.5777e+05,0.291,-0.484
10,20,41,6.5781e+05,0.319,-0.012
10,20,41,6.5785e+05,0.145,-0.3
10,20,41,6.5789e+05,0.206,0.278
10,20,41,6.5793e+05,0.354,-0.217
10,20,41,6.5797e+05,-0.055,-0.379
10,20,41,6.5801e+05,0.158,0.105
10,20,41,6.5805e+05,0.103,-0.512
10,20,41,6.5808e+05,-0.358,0.331
10,20,41,6.5812e+05,-0.137,0.118
10,20,41,6.5816e+05,-0.441,-0.27
10,20,41,6.582e+05,-0.459,-0.159
10,20,41,6.5824e+05,-0.291,-0.142
10,20,41,6.5828e+05,-0.027,0.131
10,20,41,6.5832e+05,-0.143,-0.493
10,20,41,6.5836e+05,-0.203,0.053
10,20,41,6.584e+05,-0.147,-0.201
10,20,41,6.5844e+05,-0.133,0.14
10,20,41,6.5848e+05,0.049,0.123
10,20,41,6.5852e+05,0.009,0.368
10,20,41,6.5855e+05,0.276,-0.585
10,20,41,6.5859e+05,0.299,0.256
10,20,41,6.5863e+05,0.533,-0.084
10,20,41,6.5867e+05,0.094,0.091
10,20,41,6.5871e+05,0.272,-0.167
10,20,41,6.5875e+05,-0.181,-0.388
10,20,41,6.5879e+05,-0.345,0.355
10,20,41,6.5883e+05,-0.305,-0.266
10,20,41,6.5887e+05,-0.41,0.788
10,20,41,6.5891e+05,-0.262,-1.009
10,20,41,6.5894e+05,-0.3,0.522
10,20,41,6.5898e+05,-0.415,-0.264
10,20,41,6.5902e+05,-0.416,-0.257
10,20,41,6.5906e+05,-0.261,0.547
10,20,41,6.591e+05,-0.35,-0.178
10,20,41,6.5914e+05,0.075,0.022
10,20,41,6.5918e+05,0.078,-0.196
10,20,41,6.5922e+05,0.148,0.055
10,20,41,6.5926e+05,0.155,-0.031
10,20,41,6.593e+05,0.313,0.067
10,20,41,6.5934e+05,0.135,-0.026
10,20,41,6.5937e+05,-0.024,-0.048
10,20,41,6.5941e+05,-0.186,-0.361
10,20,41,6.5945e+05,-0.182,-0.126
10,20,41,6.5949e+05,-0.086,0.243
10,20,41,6.5953e+05,0.128,0.373
10,20,41,6.5957e+05,-0.003,-0.232
10,20,41,6.5961e+05,0.165,-0.521
10,20,41,6.5965e+05,-0.086,0.203
10,20,41,6.5969e+05,-0.001,-0.139
10,20,41,6.5973e+05,-0.37,0.269
10,20,41,6.5976e+05,-0.077,0.096
10,20,41,6.598e+05,-0.148,-0.099
10,20,41,6.5984e+05,-0.106,-0.429
10,20,41,6.5988e+05,-0.138,0.139
10,20,41,6.5992e+05,-0.372,0.169
10,20,41,6.5996e+05,-0.061,-0.984
10,20,41,6.6e+05,-0.332,0.645
10,20,41,6.6004e+05,0.045,0.353
10,20,41,6.6008e+05,0.286,-0.377
10,20,41,6.6012e+05,0.516,-0.305
10,20,41,6.6016e+05,0.225,0.415
10,20,41,6.602e+05,0.159,-0.071
10,20,41,6.6023e+05,0.166,-0.402
10,20,41,6.6027e+05,0.047,0.548
10,20,41,6.6031e+05,-0.106,-0.409
10,20,41,6.6035e+05,-0.124,0.563
10,20,41,6.6039e+05,0.007,-0.801
10,20,41,6.6043e+05,-0.394,0.076
10,20,41,6.6047e+05,-0.368,0.449
10,20,41,6.6051e+05,-0.368,-0.131
10,20,41,6.6055e+05,-0.087,-0.117
10,20,41,6.6058e+05,-0.11,0.113
10,20,41,6.6062e+05,-0.326,0.04
10,20,41,6.6066e+05,-0.071,-0.116
10,20,41,6.607e+05,0.286,-0.175
10,20,41,6.6074e+05,0.13,0.463
10,20,41,6.6078e+05,0.118,-0.095
10,20,41,6.6082e+05,0.092,-0.921
10,20,41,6.6086e+05,-0.028,0.033
10,20,41,6.609e+05,-0.105,0.309
10,20,41,6.6094e+05,-0.004,0.009
10,20,41,6.6098e+05,-0.186,0.236
10,20,41,6.6102e+05,-0.109,-0.104
10,20,41,6.6105e+05,-0.415,0.09
10,20,41,6.6109e+05,0.022,-0.206
10,20,41,6.6113e+05,-0.067,-0.045
10,20,41,6.6117e+05,-0.167,0.41
10,20,41,6.6121e+05,-0.171,-0.154
10,20,41,6.6125e+05,-0.231,-0.274
10,20,41,6.6129e+05,-0.207,0.444
10,20,41,6.6133e+05,-0.071,0.267
10,20,41,6.6137e+05,0.087,0.4
10,20,41,6.6141e+05,0.173,-0.478
10,20,41,6.6144e+05,-0.042,-0.194
10,20,41,6.6148e+05,0.21,0.14
10,20,41,6.6152e+05,-0.355,-0.266
10,20,41,6.6156e+05,0.055,0.193
10,20,41,6.616e+05,0.036,0.061
10,20,41,6.6164e+05,0.087,0.376
10,20,41,6.6168e+05,0.399,-0.192
10,20,41,6.6172e+05,0.271,-0.196
10,20,41,6.6176e+05,0.156,0.351
10,20,41,6.618e+05,-0.072,-0.015
10,20,41,6.6184e+05,-0.112,0.161
10,20,41,6.6187e+05,-0.082,-0.283
10,20,41,6.6191e+05,-0.418,0.641
10,20,41,6.6195e+05,-0.164,0.19
10,20,41,6.6199e+05,-0.349,-0.452
10,20,41,6.6203e+05,-0.173,0.508
10,20,41,6.6207e+05,-0.34,-0.406
10,20,41,6.6211e+05,-0.138,0.167
10,20,41,6.6215e+05,-0.179,-0.216
10,20,41,6.6219e+05,-0.008,-0.099
10,20,41,6.6223e+05,0.047,0.062
10,20,41,6.6226e+05,0.066,-0.16
10,20,41,6.623e+05,0.392,0.391
10,20,41,6.6234e+05,0.271,-0.539
10,20,41,6.6238e+05,0.194,0.564
10,20,41,6.6242e+05,0.207,-0.033
10,20,41,6.6246e+05,0.094,-0.152
10,20,41,6.625e+05,-0.199,0.131
10,20,41,6.6254e+05,-0.41,0.246
10,20,41,6.6258e+05,-0.307,0.22
10,20,41,6.6262e+05,-0.477,0.123
10,20,41,6.6266e+05,-0.163,-0.057
10,20,41,6.627e+05,-0.193,0.096
10,20,41,6.6273e+05,0.097,-0.503
10,20,41,6.6277e+05,-0.359,0.158
10,20,41,6.6281e+05,-0.202,-0.027
10,20,41,6.6285e+05,-0.197,0.095
10,20,41,6.6289e+05,-0.015,0.007
10,20,41,6.6293e+05,0.183,0.076
10,20,41,6.6297e+05,0.11,0.364
10,20,41,6.6301e+05,0.151,-0.904
10,20,41,6.6305e+05,0.081,0.261
10,20,41,6.6308e+05,0.074,0.004
10,20,41,6.6312e+05,0.192,0.097
10,20,41,6.6316e+05,0.169,-0.156
10,20,41,6.632e+05,0.398,-0.103
10,20,41,6.6324e+05,-0.017,0.748
10,20,41,6.6328e+05,0.134,-0.558
10,20,41,6.6332e+05,-0.321,0.324
10,20,41,6.6336e+05,-0.215,0.412
10,20,41,6.634e+05,-0.135,-0.101
10,20,41,6.6344e+05,-0.096,-0.332
10,20,41,6.6348e+05,0.06,-0.414
10,20,41,6.6352e+05,-0.22,0.509
10,20,41,6.6355e+05,-0.227,-0.369
10,20,41,6.6359e+05,-0.356,0.564
10,20,41,6.6363e+05,-0.162,0.242
10,20,41,6.6367e+05,-0.181,-0.213
10,20,41,6.6371e+05,0.045,-0.317
10,20,41,6.6375e+05,0.023,-0.491
10,20,41,6.6379e+05,-0.101,0.517
10,20,41,6.6383e+05,0.156,-0.593
10,20,41,6.6387e+05,0.182,0.01
10,20,41,6.6391e+05,-0.055,0.767
10,20,41,6.6394e+05,0.416,-0.132
10,20,41,6.6398e+05,0.203,-0.016
10,20,41,6.6402e+05,0.089,-0.048
10,20,41,6.6406e+05,-0.229,0.324
10,20,41,6.641e+05,0.187,0.034
10,20,41,6.6414e+05,0.061,-0.713
10,20,41,6.6418e+05,0.155,0.555
10,20,41,6.6422e+05,-0.111,-0.4
10,20,41,6.6426e+05,0.069,-0.475
10,20,41,6.643e+05,-0.276,0.335
10,20,41,6.6434e+05,-0.294,0.741
10,20,41,6.6437e+05,0.01,-0.517
10,20,41,6.6441e+05,-0.123,-0.063
10,20,41,6.6445e+05,0.24,-0.164
10,20,41,6.6449e+05,0.152,-0.4
10,20,41,6.6453e+05,0.204,-0.055
10,20,41,6.6457e+05,-0.246,-0.068
10,20,41,6.6461e+05,-0.067,0.309
10,20,41,6.6465e+05,0.184,-0.362
10,20,41,6.6469e+05,0.378,0.239
10,20,41,6.6473e+05,0.125,0.12
10,20,41,6.6476e+05,-0.126,-0.367
10,20,41,6.648e+05,0.003,0.273
10,20,41,6.6484e+05,-0.206,-0.486
10,20,41,6.6488e+05,-0.217,0.674
10,20,41,6.6492e+05,0.119,-0.414
10,20,41,6.6496e+05,0.13,-0.309
10,20,41,6.65e+05,0.097,0.508
10,20,41,6.6504e+05,0.094,-0.753
10,20,41,6.6508e+05,0.144,-0.026
10,20,41,6.6512e+05,-0.099,0.241
10,20,41,6.6516e+05,0.073,-0.006
10,20,41,6.652e+05,0.242,-0.531
10,20,41,6.6523e+05,0.264,-0.087
10,20,41,6.6527e+05,-0.106,0.107
10,20,41,6.6531e+05,-0.075,0.34
10,20,41,6.6535e+05,0.121,-0.112
10,20,41,6.6539e+05,-0.078,-0.095
10,20,41,6.6543e+05,-0.192,0.119
10,20,41,6.6547e+05,0.163,-0.113
10,20,41,6.6551e+05,0.036,-0.533
10,20,41,6.6555e+05,-0.177,0.134
10,20,41,6.6558e+05,-0.252,0.433
10,20,41,6.6562e+05,0.195,-0.246
10,20,41,6.6566e+05,0.26,0.203
10,20,41,6.657e+05,0.303,0.113
10,20,41,6.6574e+05,0.143,-0.057
10,20,41,6.6578e+05,0.168,-0.447
10,20,41,6.6582e+05,-0.155,-0.18
10,20,41,6.6586e+05,-0.08,0.686
10,20,41,6.659e+05,0.143,-0.094
10,20,41,6.6594e+05,0.45,-0.022
10,20,41,6.6598e+05,0.517,-0.355
10,20,41,6.6602e+05,0.346,0.168
10,20,41,6.6605e+05,0.051,-0.061
10,20,41,6.6609e+05,-0.118,-0.161
10,20,41,6.6613e+05,-0.198,0.44
10,20,41,6.6617e+05,0.088,0.425
10,20,41,6.6621e+05,0.212,-0.555
10,20,41,6.6625e+05,0.153,-0.278
10,20,41,6.6629e+05,-0.007,-0.11
10,20,41,6.6633e+05,-0.274,-0.002
10,20,41,6.6637e+05,-0.158,0.513
10,20,41,6.6641e+05,-0.123,0.208
10,20,41,6.6644e+05,0.217,-0.373
10,20,41,6.6648e+05,0.374,-0.331
10,20,41,6.6652e+05,0.123,0.035
10,20,41,6.6656e+05,-0.22,0.038
10,20,41,6.666e+05,-0.386,0.242
10,20,41,6.6664e+05,-0.165,0.185
10,20,41,6.6668e+05,0.413,0.006
10,20,41,6.6672e+05,0.44,0.166
10,20,41,6.6676e+05,0.597,-0.434
10,20,41,6.668e+05,0.012,-0.632
10,20,41,6.6684e+05,-0.089,-0.076
10,20,41,6.6687e+05,-0.275,0.451
10,20,41,6.6691e+05,0.093,0.501
10,20,41,6.6695e+05,0.361,-0.484
10,20,41,6.6699e+05,0.173,-0.163
10,20,41,6.6703e+05,0.363,-0.632
10,20,41,6.6707e+05,-0.208,0.175
10,20,41,6.6711e+05,-0.265,0.537
10,20,41,6.6715e+05,-0.411,0.522
10,20,41,6.6719e+05,0.115,0.011
10,20,41,6.6723e+05,-0.149,-0.439
10,20,41,6.6726e+05,0.009,-0.379
10,20,41,6.673e+05,-0.211,0.399
10,20,41,6.6734e+05,-0.026,0.282
10,20,41,6.6738e+05,-0.245,-0.633
10,20,41,6.6742e+05,-0.214,0.578
10,20,41,6.6746e+05,-0.087,-0.092
10,20,41,6.675e+05,0.336,0.184
10,20,41,6.6754e+05,0.382,-0.353
10,20,41,6.6758e+05,-0.403,-0.35
10,20,41,6.6762e+05,-0.149,0.359
10,20,41,6.6766e+05,-0.003,-0.092
10,20,41,6.677e+05,0.202,0.305
10,20,41,6.6773e+05,-0.056,0.273
10,20,41,6.6777e+05,0.012,-0.541
10,20,41,6.6781e+05,-0.102,-0.142
10,20,41,6.6785e+05,-0.288,0.171
10,20,41,6.6789e+05,-0.41,0.879
10,20,41,6.6793e+05,-0.4,-0.171
10,20,41,6.6797e+05,0.2,-0.534
10,20,41,6.6801e+05,0.08,0.234
10,20,41,6.6805e+05,0.231,-0.411
10,20,41,6.6808e+05,-0.1,0.434
10,20,41,6.6812e+05,-0.009,0.393
10,20,41,6.6816e+05,0.134,0.009
10,20,41,6.682e+05,0.169,0.247
10,20,41,6.6824e+05,0.036,-0.16
10,20,41,6.6828e+05,0.075,0.278
10,20,41,6.6832e+05,0.327,-0.285
10,20,41,6.6836e+05,-0.034,0.216
10,20,41,6.684e+05,0.067,-0.021
10,20,41,6.6844e+05,0.075,0.344
10,20,41,6.6848e+05,0.149,-0.145
10,20,41,6.6852e+05,-0.067,-0.172
10,20,41,6.6855e+05,-0.052,0.052
10,20,41,6.6859e+05,-0.114,-0.193
10,20,41,6.6863e+05,-0.079,0.625
10,20,41,6.6867e+05,-0.325,-0.122
10,20,41,6.6871e+05,-0.166,-0.185
10,20,41,6.6875e+05,-0.345,0.163
10,20,41,6.6879e+05,0.06,0.863
10,20,41,6.6883e+05,0.09,-0.087
10,20,41,6.6887e+05,-0.086,-0.027
10,20,41,6.6891e+05,0.038,-0.43
10,20,41,6.6894e+05,-0.141,0.078
10,20,41,6.6898e+05,0.322,0.466
10,20,41,6.6902e+05,0.602,0.327
10,20,41,6.6906e+05,0.392,-0.852
10,20,41,6.691e+05,0.166,0.459
10,20,41,6.6914e+05,0.056,-0.105
10,20,41,6.6918e+05,-0.103,0.175
10,20,41,6.6922e+05,-0.021,0.618
10,20,41,6.6926e+05,-0.077,-0.372
10,20,41,6.693e+05,-0.112,0.079
10,20,41,6.6934e+05,-0.024,-0.347
10,20,41,6.6937e+05,-0.064,0.03
10,20,41,6.6941e+05,0.003,0.431
10,20,41,6.6945e+05,-0.103,-0.314
10,20,41,6.6949e+05,0.149,0.223
10,20,41,6.6953e+05,-0.073,-0.23
10,20,41,6.6957e+05,0.06,-0.123
10,20,41,6.6961e+05,0.023,-0.002
10,20,41,6.6965e+05,0.052,0.543
10,20,41,6.6969e+05,-0.015,0.072
10,20,41,6.6973e+05,0.189,0.084
10,20,41,6.6976e+05,0.216,-0.314
10,20,41,6.698e+05,0.141,-0.122
10,20,41,6.6984e+05,0.197,0.18
10,20,41,6.6988e+05,0.056,0.159
10,20,41,6.6992e+05,0.183,-0.217
10,20,41,6.6996e+05,0.04,0.562
10,20,41,6.7e+05,0.219,-0.25
10,20,41,6.7004e+05,0.15,-0.137
10,20,41,6.7008e+05,-0.257,0.137
10,20,41,6.7012e+05,-0.093,-0.031
10,20,41,6.7016e+05,-0.15,0.226
10,20,41,6.702e+05,-0.058,-0.438
10,20,41,6.7023e+05,-0.036,0.207
10,20,41,6.7027e+05,0.099,-0.233
10,20,41,6.7031e+05,0.085,-0.079
10,20,41,6.7035e+05,0.16,0.15
10,20,41,6.7039e+05,-0.008,-0.17
10,20,41,6.7043e+05,0.063,0.168
10,20,41,6.7047e+05,0.114,-0.051
10,20,41,6.7051e+05,0.072,-0.258
10,20,41,6.7055e+05,0.122,0.376
10,20,41,6.7058e+05,0.203,-0.368
10,20,41,6.7062e+05,0.147,0.085
10,20,41,6.7066e+05,0.251,-0.02
10,20,41,6.707e+05,0.263,-0.609
10,20,41,6.7074e+05,-0.319,0.747
10,20,41,6.7078e+05,0.173,-0.419
10,20,41,6.7082e+05,0.284,-0.356
10,20,41,6.7086e+05,0.106,0.116
10,20,41,6.709e+05,-0.076,-0.562
10,20,41,6.7094e+05,-0.06,0.453
10,20,41,6.7098e+05,0.057,-0.518
10,20,41,6.7102e+05,0.027,0.848
10,20,41,6.7105e+05,0.094,-0.379
10,20,41,6.7109e+05,-0.229,-0.213
10,20,41,6.7113e+05,0.064,0.326
10,20,41,6.7117e+05,-0.11,-0.663
10,20,41,6.7121e+05,0.237,0.635
10,20,41,6.7125e+05,0.212,-0.098
10,20,41,6.7129e+05,0.054,-0.109
10,20,41,6.7133e+05,0.023,-0.26
10,20,41,6.7137e+05,0.08,-0.167
10,20,41,6.7141e+05,0.134,0.305
10,20,41,6.7144e+05,0.224,0.092
10,20,41,6.7148e+05,0.253,0.221
10,20,41,6.7152e+05,0.265,-0.665
10,20,41,6.7156e+05,0.305,-0.543
10,20,41,6.716e+05,-0.116,0.556
10,20,41,6.7164e+05,0.02,-0.274
10,20,41,6.7168e+05,0.25,0.004
10,20,41,6.7172e+05,0.189,-0.242
10,20,41,6.7176e+05,0.267,0.135
10,20,41,6.718e+05,0.151,0.246
10,20,41,6.7184e+05,-0.233,-0.687
10,20,41,6.7187e+05,-0.328,0.362
10,20,41,6.7191e+05,-0.169,0.067
10,20,41,6.7195e+05,-0.247,0.071
10,20,41,6.7199e+05,0.218,-0.179
10,20,41,6.7203e+05,0.16,-0.195
10,20,41,6.7207e+05,-0.059,-0.111
10,20,41,6.7211e+05,0.261,-0.266
10,20,41,6.7215e+05,-0.146,0.595
10,20,41,6.7219e+05,-0.086,0.05
10,20,41,6.7223e+05,-0.043,-0.041
10,20,41,6.7226e+05,0.174,0.076
10,20,41,6.723e+05,0.214,0.198
10,20,41,6.7234e+05,0.188,-0.318
10,20,41,6.7238e+05,0.282,0.246
10,20,41,6.7242e+05,0.18,0.055
10,20,41,6.7246e+05,0.09,0.022
10,20,41,6.725e+05,0.293,0.2
10,20,41,6.7254e+05,0.178,-0.388
10,20,41,6.7258e+05,-0.022,-0.132
10,20,41,6.7262e+05,-0.383,0.347
10,20,41,6.7266e+05,-0.061,0.266
10,20,41,6.727e+05,0.032,-0.194
10,20,41,6.7273e+05,0.226,0.003
10,20,41,6.7277e+05,-0.215,0.002
10,20,41,6.7281e+05,-0.376,0.072
10,20,41,6.7285e+05,-0.037,-0.078
10,20,41,6.7289e+05,0.099,0.617
10,20,41,6.7293e+05,0.229,-0.153
10,20,41,6.7297e+05,0.337,-0.18
10,20,41,6.7301e+05,0.344,-0.008
10,20,41,6.7305e+05,0.264,-0.363
10,20,41,6.7308e+05,-0.203,0.062
10,20,41,6.7312e+05,-0.235,0.787
10,20,41,6.7316e+05,-0.226,0.138
10,20,41,6.732e+05,0.416,0.046
10,20,41,6.7324e+05,0.1,-0.411
10,20,41,6.7328e+05,-0.178,0.031
10,20,41,6.7332e+05,-0.073,-0.341
10,20,41,6.7336e+05,-0.373,-0.009
10,20,41,6.734e+05,-0.618,0.332
10,20,41,6.7344e+05,-0.624,0.585
10,20,41,6.7348e+05,0.013,0.079
10,20,41,6.7352e+05,0.162,-0.354
10,20,41,6.7355e+05,0.227,0.309
10,20,41,6.7359e+05,0.085,-0.155
10,20,41,6.7363e+05,0.113,-0.152
10,20,41,6.7367e+05,0.072,-0.043
10,20,41,6.7371e+05,0.118,0.134
10,20,41,6.7375e+05,-0.072,0.26
10,20,41,6.7379e+05,0.366,-0.31
10,20,41,6.7383e+05,-0.155,-0.096
10,20,41,6.7387e+05,0.046,0.172
10,20,41,6.7391e+05,-0.361,0.234
10,20,41,6.7394e+05,-0.066,0.292
10,20,41,6.7398e+05,-0.11,-0.212
10,20,41,6.7402e+05,-0.135,0.17
10,20,41,6.7406e+05,-0.081,-0.066
10,20,41,6.741e+05,-0.317,0.283
10,20,41,6.7414e+05,-0.105,0.278
10,20,41,6.7418e+05,-0.125,0.119
10,20,41,6.7422e+05,-0.28,0.255
10,20,41,6.7426e+05,-0.263,0.319
10,20,41,6.743e+05,0.244,-0.12
10,20,41,6.7434e+05,-0.006,0.293
10,20,41,6.7437e+05,-0.165,-0.055
10,20,41,6.7441e+05,-0.229,0.106
10,20,41,6.7445e+05,-0.097,0.348
10,20,41,6.7449e+05,-0.053,-0.463
10,20,41,6.7453e+05,-0.071,0.568
10,20,41,6.7457e+05,-0.049,-0.15
10,20,41,6.7461e+05,-0.054,0.001
10,20,41,6.7465e+05,-0.062,-0.208
10,20,41,6.7469e+05,-0.122,0.086
10,20,41,6.7473e+05,-0.114,0.449
10,20,41,6.7476e+05,0.202,-0.257
10,20,41,6.748e+05,-0.022,0.248
10,20,41,6.7484e+05,-0.167,0.098
10,20,41,6.7488e+05,-0.117,0.091
10,20,41,6.7492e+05,-0.454,0.095
10,20,41,6.7496e+05,-0.487,0.498
10,20,41,6.75e+05,-0.03,0.441
10,20,41,6.7504e+05,-0.117,-0.487
10,20,41,6.7508e+05,-0.064,0.425
10,20,41,6.7512e+05,-0.114,0.041
10,20,41,6.7516e+05,-0.057,-0.31
10,20,41,6.752e+05,0.009,0.333
10,20,41,6.7523e+05,0.23,0.017
10,20,41,6.7527e+05,0.008,-0.035
10,20,41,6.7531e+05,0.097,0.471
10,20,41,6.7535e+05,0.104,-0.908
10,20,41,6.7539e+05,-0.177,0.306
10,20,41,6.7543e+05,0.1,0.131
10,20,41,6.7547e+05,-0.218,-0.096
10,20,41,6.7551e+05,-0.405,0.109
10,20,41,6.7555e+05,-0.452,-0.058
10,20,41,6.7558e+05,-0.302,0.255
10,20,41,6.7562e+05,-0.011,-0.064
10,20,41,6.7566e+05,-0.028,0.146
10,20,41,6.757e+05,-0.259,-0.399
10,20,41,6.7574e+05,-0.203,0.336
10,20,41,6.7578e+05,0.004,0.073
10,20,41,6.7582e+05,-0.104,0.182
10,20,41,6.7586e+05,0.068,0.235
10,20,41,6.759e+05,0.195,0.15
10,20,41,6.7594e+05,0.142,-0.173
10,20,41,6.7598e+05,0.216,-0.338
10,20,41,6.7602e+05,0.12,-0.112
10,20,41,6.7605e+05,-0.001,-0.303
10,20,41,6.7609e+05,-0.13,0.334
10,20,41,6.7613e+05,-0.134,-0.137
10,20,41,6.7617e+05,-0.333,0.089
10,20,41,6.7621e+05,-0.346,-0.062
10,20,41,6.7625e+05,-0.22,-0.124
10,20,41,6.7629e+05,-0.12,0.287
10,20,41,6.7633e+05,-0.021,-0.019
10,20,41,6.7637e+05,0.041,-0.102
10,20,41,6.7641e+05,0.075,-0.312
10,20,41,6.7644e+05,-0.317,0.168
10,20,41,6.7648e+05,-0.119,0.375
10,20,41,6.7652e+05,-0.164,0.032
10,20,41,6.7656e+05,-0.052,0.135
10,20,41,6.766e+05,0.219,-0.368
10,20,41,6.7664e+05,-0.01,-0.509
10,20,41,6.7668e+05,-0.169,0.095
10,20,41,6.7672e+05,-0.019,0.207
10,20,41,6.7676e+05,-0.211,-0.206
10,20,41,6.768e+05,-0.314,-0.017
10,20,41,6.7684e+05,-0.306,0.119
10,20,41,6.7687e+05,-0.086,-0.223
10,20,41,6.7691e+05,-0.3,-0.354
10,20,41,6.7695e+05,0.119,0.265
10,20,41,6.7699e+05,-0.132,-0.058
10,20,41,6.7703e+05,-0.081,-0.265
10,20,41,6.7707e+05,0.095,0.138
10,20,41,6.7711e+05,-0.151,-0.039
10,20,41,6.7715e+05,0.009,-0.289
10,20,41,6.7719e+05,-0.103,0.011
10,20,41,6.7723e+05,-0.15,-0.034
10,20,41,6.7726e+05,-0.161,-0.13
10,20,41,6.773e+05,-0.178,0.234
10,20,41,6.7734e+05,0.079,-0.302
10,20,41,6.7738e+05,-0.013,0.007
10,20,41,6.7742e+05,-0.155,-0.149
10,20,41,6.7746e+05,0.015,-0.249
10,20,41,6.775e+05,-0.119,-0.403
10,20,41,6.7754e+05,0.341,0.138
10,20,41,6.7758e+05,0.152,-0.217
10,20,41,6.7762e+05,-0.016,-0.484
10,20,41,6.7766e+05,-0.174,0.496
10,20,41,6.777e+05,0.259,-0.076
10,20,41,6.7773e+05,-0.204,-0.099
10,20,41,6.7777e+05,0.2,-0.262
10,20,41,6.7781e+05,-0.292,0.032
10,20,41,6.7785e+05,0.206,0.23
10,20,41,6.7789e+05,0.09,-0.603
10,20,41,6.7793e+05,-0.307,0.512
10,20,41,6.7797e+05,-0.261,-0.343
10,20,41,6.7801e+05,-0.243,0.362
10,20,41,6.7805e+05,0.085,-0.429
10,20,41,6.7808e+05,-0.003,0.254
10,20,41,6.7812e+05,0.151,0.025
10,20,41,6.7816e+05,0.488,-0.92
10,20,41,6.782e+05,0.035,0.369
10,20,41,6.7824e+05,0.098,-0.023
10,20,41,6.7828e+05,-0.065,0.293
10,20,41,6.7832e+05,0.151,-0.362
10,20,41,6.7836e+05,-0.038,-0.147
10,20,41,6.784e+05,-0.176,0.483
10,20,41,6.7844e+05,0.17,-0.754
10,20,41,6.7848e+05,-0.184,-0.254
10,20,41,6.7852e+05,-0.249,0.459
10,20,41,6.7855e+05,-0.265,0.385
10,20,41,6.7859e+05,0.222,-0.631
10,20,41,6.7863e+05,-0.07,-0.187
10,20,41,6.7867e+05,-0.29,0.625
10,20,41,6.7871e+05,-0.183,-0.272
10,20,41,6.7875e+05,-0.152,0.023
10,20,41,6.7879e+05,0.094,0.145
10,20,41,6.7883e+05,0.181,0.358
10,20,41,6.7887e+05,0.029,-0.458
10,20,41,6.7891e+05,0.105,-0.264
10,20,41,6.7894e+05,-0.403,0.043
10,20,41,6.7898e+05,-0.089,0.373
10,20,41,6.7902e+05,0.272,-0.272
10,20,41,6.7906e+05,0.515,0.059
10,20,41,6.791e+05,0.445,-0.418
10,20,41,6.7914e+05,-0.093,-0.352
10,20,41,6.7918e+05,-0.056,0.102
10,20,41,6.7922e+05,-0.238,0.516
10,20,41,6.7926e+05,0.046,0.416
10,20,41,6.793e+05,-0.058,-0.039
10,20,41,6.7934e+05,0.087,-0.02
10,20,41,6.7937e+05,0.053,-0.87
10,20,41,6.7941e+05,-0.402,0.329
10,20,41,6.7945e+05,-0.383,0.199
10,20,41,6.7949e+05,-0.455,0.139
10,20,41,6.7953e+05,-0.12,0.272
10,20,41,6.7957e+05,0.055,-0.415
10,20,41,6.7961e+05,0.108,0.147
10,20,41,6.7965e+05,0.324,-0.43
10,20,41,6.7969e+05,0.092,-0.184
10,20,41,6.7973e+05,-0.369,0.091
10,20,41,6.7976e+05,-0.38,0.021
10,20,41,6.798e+05,0.038,0.207
10,20,41,6.7984e+05,0.222,-0.266
10,20,41,6.7988e+05,0.146,-0.108
10,20,41,6.7992e+05,-0.19,0.365
10,20,41,6.7996e+05,-0.006,-0.499
10,20,41,6.8e+05,-0.398,0.132
10,20,41,6.8004e+05,-0.355,0.411
10,20,41,6.8008e+05,0.089,0.127
10,20,41,6.8012e+05,0.519,-0.439
10,20,41,6.8016e+05,0.289,-0.614
10,20,41,6.802e+05,-0.25,0.296
10,20,41,6.8023e+05,-0.135,0.074
10,20,41,6.8027e+05,0.025,0.122
10,20,41,6.8031e+05,0.047,0.201
10,20,41,6.8035e+05,-0.01,-0.02
10,20,41,6.8039e+05,-0.04,-0.193
10,20,41,6.8043e+05,0.14,-0.169
10,20,41,6.8047e+05,-0.197,0.375
10,20,41,6.8051e+05,-0.168,0.326
10,20,41,6.8055e+05,0.054,0.081
10,20,41,6.8058e+05,0.367,-0.03
10,20,41,6.8062e+05,0.396,-0.123
10,20,41,6.8066e+05,0.078,-0.334
10,20,41,6.807e+05,-0.049,0.109
10,20,41,6.8074e+05,-0.035,-0.101
10,20,41,6.8078e+05,-0.202,0.349
10,20,41,6.8082e+05,-0.352,0.007
10,20,41,6.8086e+05,0.163,-0.003
10,20,41,6.809e+05,0.207,-0.284
10,20,41,6.8094e+05,0.253,-0.317
10,20,41,6.8098e+05,-0.298,0.248
10,20,41,6.8102e+05,-0.463,0.085
10,20,41,6.8105e+05,0.069,0.376
10,20,41,6.8109e+05,-0.016,-0.307
10,20,41,6.8113e+05,0.049,0.411
10,20,41,6.8117e+05,0.23,-0.206
10,20,41,6.8121e+05,0.156,-0.212
10,20,41,6.8125e+05,-0.142,0.38
10,20,41,6.8129e+05,-0.003,-0.11
10,20,41,6.8133e+05,0.077,0.396
10,20,41,6.8137e+05,0.369,-0.017
10,20,41,6.8141e+05,0.043,-0.314
10,20,41,6.8144e+05,0.01,0.279
10,20,41,6.8148e+05,-0.013,-0.538
10,20,41,6.8152e+05,-0.374,0.749
10,20,41,6.8156e+05,-0.184,0.283
10,20,41,6.816e+05,0.036,-0.59
10,20,41,6.8164e+05,0.351,-0.038
10,20,41,6.8168e+05,0.238,-0.247
10,20,41,6.8172e+05,-0.048,0.174
10,20,41,6.8176e+05,0.1,0.005
10,20,41,6.818e+05,0.065,0.278
10,20,41,6.8184e+05,0.051,0.358
10,20,41,6.8187e+05,0.375,0.459
10,20,41,6.8191e+05,0.605,-0.495
10,20,41,6.8195e+05,0.137,-0.142
10,20,41,6.8199e+05,0.024,0.326
10,20,41,6.8203e+05,-0.21,0.092
10,20,41,6.8207e+05,0.049,0.208
10,20,41,6.8211e+05,-0.178,0.026
10,20,41,6.8215e+05,0.169,-0.06
10,20,41,6.8219e+05,0.173,-0.343
10,20,41,6.8223e+05,0.065,0.174
10,20,41,6.8226e+05,-0.204,-0.428
10,20,41,6.823e+05,-0.126,0.471
10,20,41,6.8234e+05,0.06,-0.02
10,20,41,6.8238e+05,0.243,0.366
10,20,41,6.8242e+05,0.197,-0.294
10,20,41,6.8246e+05,0.099,-0.33
10,20,41,6.825e+05,0.103,-0.089
10,20,41,6.8254e+05,-0.355,0.547
10,20,41,6.8258e+05,-0.196,0.524
10,20,41,6.8262e+05,-0.057,0.005
10,20,41,6.8266e+05,0.313,-0.051
10,20,41,6.827e+05,0.382,-0.187
10,20,41,6.8273e+05,0.097,-0.111
10,20,41,6.8277e+05,0.169,-0.307
10,20,41,6.8281e+05,-0.076,-0.045
10,20,41,6.8285e+05,0.31,-0.044
10,20,41,6.8289e+05,-0.124,0.198
10,20,41,6.8293e+05,0.395,0.162
10,20,41,6.8297e+05,0.123,-0.703
10,20,41,6.8301e+05,-0.101,0.241
10,20,41,6.8305e+05,-0.033,0.054
10,20,41,6.8308e+05,-0.187,0.425
10,20,41,6.8312e+05,-0.166,-0.063
10,20,41,6.8316e+05,0.24,0.088
10,20,41,6.832e+05,0.005,-0.354
10,20,41,6.8324e+05,0.034,0.528
10,20,41,6.8328e+05,0.347,0.155
10,20,41,6.8332e+05,-0.005,-0.39
10,20,41,6.8336e+05,-0.058,0.25
10,20,41,6.834e+05,0.052,0.008
10,20,41,6.8344e+05,0.017,0.065
10,20,41,6.8348e+05,0.157,0.024
10,20,41,6.8352e+05,0.291,0.325
10,20,41,6.8355e+05,-0.058,-0.227
10,20,41,6.8359e+05,0.207,0.251
10,20,41,6.8363e+05,-0.213,-0.288
10,20,41,6.8367e+05,-0.088,0.06
10,20,41,6.8371e+05,0.228,-0.287
10,20,41,6.8375e+05,0.094,0.213
10,20,41,6.8379e+05,-0.128,-0.111
10,20,41,6.8383e+05,0.1,0.179
10,20,41,6.8387e+05,-0.116,0.055
10,20,41,6.8391e+05,-0.026,0.256
10,20,41,6.8394e+05,0.001,0.036
10,20,41,6.8398e+05,0.306,-0.247
10,20,41,6.8402e+05,0.11,-0.469
10,20,41,6.8406e+05,0.103,0.029
10,20,41,6.841e+05,0.046,-0.231
10,20,41,6.8414e+05,-0.063,0.357
10,20,41,6.8418e+05,0.094,0.426
10,20,41,6.8422e+05,-0.099,0.094
10,20,41,6.8426e+05,0.21,-0.3
10,20,41,6.843e+05,0.055,0.266
10,20,41,6.8434e+05,0.01,-0.228
10,20,41,6.8437e+05,0.03,-0.174
10,20,41,6.8441e+05,0.117,-0.027
10,20,41,6.8445e+05,-0.207,0.019
10,20,41,6.8449e+05,0.06,0.58
10,20,41,6.8453e+05,0.362,-0.266
10,20,41,6.8457e+05,0.29,-0.265
10,20,41,6.8461e+05,0.275,0.174
10,20,41,6.8465e+05,0.039,0.147
10,20,41,6.8469e+05,0.041,-0.234
10,20,41,6.8473e+05,0.05,0.152
10,20,41,6.8476e+05,0.017,0.26
10,20,41,6.848e+05,0.072,-0.085
10,20,41,6.8484e+05,0.048,-0.198
10,20,41,6.8488e+05,-0.174,0.001
10,20,41,6.8492e+05,-0.045,0.342
10,20,41,6.8496e+05,-0.098,-0.272
10,20,41,6.85e+05,-0.044,0.038
10,20,41,6.8504e+05,0.079,0.305
10,20,41,6.8508e+05,0.197,-0.164
10,20,41,6.8512e+05,0.019,-0.321
10,20,41,6.8516e+05,-0.066,0.166
10,20,41,6.852e+05,0.183,0.253
10,20,41,6.8523e+05,0.197,0.095
10,20,41,6.8527e+05,0.183,-0.436
10,20,41,6.8531e+05,0.095,0.076
10,20,41,6.8535e+05,0.202,0.087
10,20,41,6.8539e+05,-0.072,0.06
10,20,41,6.8543e+05,-0.114,0.427
10,20,41,6.8547e+05,-0.487,0.174
10,20,41,6.8551e+05,0.083,0.485
10,20,41,6.8555e+05,0.312,-0.299
10,20,41,6.8558e+05,-0.028,-0.07
10,20,41,6.8562e+05,0.007,0.189
10,20,41,6.8566e+05,-0.023,-0.207
10,20,41,6.857e+05,0.074,-0.167
10,20,41,6.8574e+05,0.064,0.24
10,20,41,6.8578e+05,-0.163,0.105
10,20,41,6.8582e+05,0.266,-0.327
10,20,41,6.8586e+05,0.199,0.145
10,20,41,6.859e+05,0.076,0.241
10,20,41,6.8594e+05,0.071,0.168
10,20,41,6.8598e+05,0.275,-0.273
10,20,41,6.8602e+05,0.13,-0.111
10,20,41,6.8605e+05,-0.269,0.111
10,20,41,6.8609e+05,-0.195,0.138
10,20,41,6.8613e+05,-0.04,0.211
10,20,41,6.8617e+05,-0.066,-0.248
10,20,41,6.8621e+05,-0.226,0.392
10,20,41,6.8625e+05,-0.363,0.212
10,20,41,6.8629e+05,-0.286,-0.265
10,20,41,6.8633e+05,0.008,0.16
10,20,41,6.8637e+05,-0.064,-0.112
10,20,41,6.8641e+05,-0.199,0.266
10,20,41,6.8644e+05,-0.123,-0.197
10,20,41,6.8648e+05,0.066,-0.162
10,20,41,6.8652e+05,0.03,0.102
10,20,41,6.8656e+05,0.015,0.235
10,20,41,6.866e+05,-0.202,0.532
10,20,41,6.8664e+05,0.262,-0.201
10,20,41,6.8668e+05,0.344,-0.442
10,20,41,6.8672e+05,0.267,0.027
10,20,41,6.8676e+05,0.041,0.404
10,20,41,6.868e+05,-0.075,-0.289
10,20,41,6.8684e+05,-0.249,-0.136
10,20,41,6.8687e+05,-0.147,0.419
10,20,41,6.8691e+05,0.041,0.405
10,20,41,6.8695e+05,0.16,0.025
10,20,41,6.8699e+05,-0.009,-0.481
10,20,41,6.8703e+05,-0.182,-0.523
10,20,41,6.8707e+05,-0.493,0.383
10,20,41,6.8711e+05,-0.101,0.374
10,20,41,6.8715e+05,-0.505,0.653
10,20,41,6.8719e+05,0.076,0.103
10,20,41,6.8723e+05,0.089,-0.446
10,20,41,6.8726e+05,-0.018,0.046
10,20,41,6.873e+05,-0.066,0.12
10,20,41,6.8734e+05,0.095,0.092
10,20,41,6.8738e+05,-0.137,0.048
10,20,41,6.8742e+05,0.037,0.052
10,20,41,6.8746e+05,-0.021,-0.013
10,20,41,6.875e+05,0.077,0.211
10,20,41,6.8754e+05,0.06,0.119
10,20,41,6.8758e+05,0.008,0.355
10,20,41,6.8762e+05,-0.149,0.04
10,20,41,6.8766e+05,-0.242,-0.282
10,20,41,6.877e+05,-0.174,0.064
10,20,41,6.8773e+05,-0.25,0.3
10,20,41,6.8777e+05,0.181,0.269
10,20,41,6.8781e+05,-0.134,-0.025
10,20,41,6.8785e+05,-0.192,-0.525
10,20,41,6.8789e+05,-0.099,0.124
10,20,41,6.8793e+05,-0.408,0.378
10,20,41,6.8797e+05,0.124,-0.152
10,20,41,6.8801e+05,0.059,-0.104
10,20,41,6.8805e+05,-0.048,0.247
10,20,41,6.8808e+05,-0.043,0.094
10,20,41,6.8812e+05,0.164,0.059
10,20,41,6.8816e+05,-0.041,-0.46
10,20,41,6.882e+05,-0.107,0.757
10,20,41,6.8824e+05,-0.16,0.063
10,20,41,6.8828e+05,0.1,-0.27
10,20,41,6.8832e+05,0.035,0.089
10,20,41,6.8836e+05,0.007,0.341
10,20,41,6.884e+05,-0.059,-0.022
10,20,41,6.8844e+05,-0.083,-0.043
10,20,41,6.8848e+05,0.12,-0.122
10,20,41,6.8852e+05,-0.171,0.519
10,20,41,6.8855e+05,-0.063,-0.177
10,20,41,6.8859e+05,-0.209,-0.027
10,20,41,6.8863e+05,0.031,0.294
10,20,41,6.8867e+05,-0.334,0.092
10,20,41,6.8871e+05,0.063,-0.089
10,20,41,6.8875e+05,-0.164,-0.073
10,20,41,6.8879e+05,-0.146,0.057
10,20,41,6.8883e+05,-0.068,-0.071
10,20,41,6.8887e+05,-0.021,0.383
10,20,41,6.8891e+05,0.035,-0.095
10,20,41,6.8894e+05,-0.32,0.613
10,20,41,6.8898e+05,-0.01,-0.167
10,20,41,6.8902e+05,-0.071,-0.143
10,20,41,6.8906e+05,-0.008,0.063
10,20,41,6.891e+05,-0.082,0.078
10,20,41,6.8914e+05,0.009,0.154
10,20,41,6.8918e+05,0.117,-0.5
10,20,41,6.8922e+05,-0.085,0.165
10,20,41,6.8926e+05,0.132,0.403
10,20,41,6.893e+05,-0.175,-0.367
10,20,41,6.8934e+05,-0.164,0.456
10,20,41,6.8937e+05,-0.253,0.172
10,20,41,6.8941e+05,-0.171,-0.172
10,20,41,6.8945e+05,0.059,-0.036
10,20,41,6.8949e+05,0.121,-0.045
10,20,41,6.8953e+05,0.014,-0.032
10,20,41,6.8957e+05,-0.104,-0.002
10,20,41,6.8961e+05,-0.073,-0.076
10,20,41,6.8965e+05,-0.216,0.34
10,20,41,6.8969e+05,0.199,0.164
10,20,41,6.8973e+05,-0.002,0.044
10,20,41,6.8976e+05,0.383,-0.504
10,20,41,6.898e+05,0.051,0.211
10,20,41,6.8984e+05,0.185,-0.121
10,20,41,6.8988e+05,-0.147,0.057
10,20,41,6.8992e+05,0.026,0.011
10,20,41,6.8996e+05,0.06,0.046
10,20,41,6.9e+05,-0.121,0.18
10,20,41,6.9004e+05,-0.186,-0.162
10,20,41,6.9008e+05,-0.143,-0.22
10,20,41,6.9012e+05,-0.209,-0.271
10,20,41,6.9016e+05,-0.255,0.516
10,20,41,6.902e+05,-0.055,-0.183
10,20,41,6.9023e+05,0.245,-0.19
10,20,41,6.9027e+05,0.22,-0.409
10,20,41,6.9031e+05,-0.346,-0.116
10,20,41,6.9035e+05,-0.401,0.54
10,20,41,6.9039e+05,0.126,-0.348
10,20,41,6.9043e+05,0.055,0.414
10,20,41,6.9047e+05,0.163,0.184
10,20,41,6.9051e+05,0.088,-0.691
10,20,41,6.9055e+05,0.157,-0.153
10,20,41,6.9058e+05,-0.009,0.069
10,20,41,6.9062e+05,-0.16,0.634
10,20,41,6.9066e+05,-0.028,0.023
10,20,41,6.907e+05,0.374,-0.248
10,20,41,6.9074e+05,0.142,0.136
10,20,41,6.9078e+05,0.315,-0.362
10,20,41,6.9082e+05,0.089,0.032
10,20,41,6.9086e+05,0.2,0.342
10,20,41,6.909e+05,-0.091,-0.478
10,20,41,6.9094e+05,0.022,0.369
10,20,41,6.9098e+05,0.202,-0.216
10,20,41,6.9102e+05,0.075,-0.795
10,20,41,6.9105e+05,-0.078,0.493
10,20,41,6.9109e+05,-0.422,-0.108
10,20,41,6.9113e+05,-0.152,0.205
10,20,41,6.9117e+05,-0.094,0.316
10,20,41,6.9121e+05,-0.125,-0.604
10,20,41,6.9125e+05,-0.194,0.374
10,20,41,6.9129e+05,0.08,-0.585
10,20,41,6.9133e+05,-0.209,0.087
10,20,41,6.9137e+05,-0.461,0.135
10,20,41,6.9141e+05,0.068,-0.092
10,20,41,6.9144e+05,-0.018,0.191
10,20,41,6.9148e+05,0.285,-0.491
10,20,41,6.9152e+05,0.2,-0.001
10,20,41,6.9156e+05,-0.217,-0.07
10,20,41,6.916e+05,-0.146,-0.353
10,20,41,6.9164e+05,-0.492,0.571
10,20,41,6.9168e+05,-0.067,-0.157
10,20,41,6.9172e+05,0.066,-0.287
10,20,41,6.9176e+05,0.059,-0.11
10,20,41,6.918e+05,-0.323,-0.444
10,20,41,6.9184e+05,-0.553,0.802
10,20,41,6.9187e+05,-0.209,0.123
10,20,41,6.9191e+05,-0.052,0.537
10,20,41,6.9195e+05,0.244,-0.02
10,20,41,6.9199e+05,0.336,-0.55
10,20,41,6.9203e+05,0.188,-0.027
10,20,41,6.9207e+05,0.079,-0.693
10,20,41,6.9211e+05,-0.409,0.486
10,20,41,6.9215e+05,-0.425,0.718
10,20,41,6.9219e+05,0.007,-0.255
10,20,41,6.9223e+05,0.274,0.107
10,20,41,6.9226e+05,0.395,-0.109
10,20,41,6.923e+05,-0.123,-0.239
10,20,41,6.9234e+05,-0.261,-0.228
10,20,41,6.9238e+05,-0.502,0.212
10,20,41,6.9242e+05,-0.262,0.429
10,20,41,6.9246e+05,-0.027,0.147
10,20,41,6.925e+05,0.26,0.151
10,20,41,6.9254e+05,0.414,-1.127
10,20,41,6.9258e+05,0.097,0.173
10,20,41,6.9262e+05,-0.477,0.195
10,20,41,6.9266e+05,-0.247,0.11
10,20,41,6.927e+05,-0.082,0.328
10,20,41,6.9273e+05,-0.117,0.098
10,20,41,6.9277e+05,0.192,0.153
10,20,41,6.9281e+05,0.04,-0.68
10,20,41,6.9285e+05,-0.247,-0.087
10,20,41,6.9289e+05,-0.448,0.637
10,20,41,6.9293e+05,-0.298,-0.173
10,20,41,6.9297e+05,-0.091,-0.195
10,20,41,6.9301e+05,-0.119,-0.227
10,20,41,6.9305e+05,-0.012,0.143
10,20,41,6.9308e+05,-0.318,-0.037
10,20,41,6.9312e+05,0.139,0.294
10,20,41,6.9316e+05,-0.535,-0.197
10,20,41,6.932e+05,-0.504,0.511
10,20,41,6.9324e+05,-0.091,-0.233
10,20,41,6.9328e+05,0.211,-0.291
10,20,41,6.9332e+05,0.7,0.038
10,20,41,6.9336e+05,0.326,-0.018
10,20,41,6.934e+05,-0.107,-0.379
10,20,41,6.9344e+05,-0.195,0.277
10,20,41,6.9348e+05,-0.022,0.412
10,20,41,6.9352e+05,-0.098,0.656
10,20,41,6.9355e+05,-0.043,-0.235
10,20,41,6.9359e+05,-0.205,-0.41
10,20,41,6.9363e+05,-0.427,0.139
10,20,41,6.9367e+05,-0.537,-0.289
10,20,41,6.9371e+05,-0.348,0.792
10,20,41,6.9375e+05,-0.282,-0.154
10,20,41,6.9379e+05,-0.148,0.412
10,20,41,6.9383e+05,-0.178,-0.184
10,20,41,6.9387e+05,-0.033,-0.051
10,20,41,6.9391e+05,-0.349,0.294
10,20,41,6.9394e+05,-0.23,0.476
10,20,41,6.9398e+05,-0.319,0.121
10,20,41,6.9402e+05,0.075,-0.478
10,20,41,6.9406e+05,0.258,-0.054
10,20,41,6.941e+05,-0.086,0.521
10,20,41,6.9414e+05,0.027,0.006
10,20,41,6.9418e+05,-0.315,0.028
10,20,41,6.9422e+05,-0.218,0.183
10,20,41,6.9426e+05,-0.009,0.598
10,20,41,6.943e+05,0.135,-0.246
10,20,41,6.9434e+05,0.101,-0.426
10,20,41,6.9437e+05,-0.083,-0.36
10,20,41,6.9441e+05,-0.215,0.129
10,20,41,6.9445e+05,-0.005,0.287
10,20,41,6.9449e+05,-0.303,0.406
10,20,41,6.9453e+05,0.211,0.564
10,20,41,6.9457e+05,-0.059,-1.062
10,20,41,6.9461e+05,-0.308,0.154
10,20,41,6.9465e+05,-0.628,0.557
10,20,41,6.9469e+05,-0.329,0.275
10,20,41,6.9473e+05,-0.439,0.348
10,20,41,6.9476e+05,-0.163,0.525
10,20,41,6.948e+05,0.049,-0.218
10,20,41,6.9484e+05,0.393,-0.498
10,20,41,6.9488e+05,0.069,-0.295
10,20,41,6.9492e+05,-0.139,0.432
10,20,41,6.9496e+05,0.018,-0.2
10,20,41,6.95e+05,0.07,0.106
10,20,41,6.9504e+05,-0.175,-0.185
10,20,41,6.9508e+05,-0.331,0.183
10,20,41,6.9512e+05,-0.437,0.19
10,20,41,6.9516e+05,-0.447,0.205
10,20,41,6.952e+05,-0.585,-0.087
10,20,41,6.9523e+05,-0.345,-0.408
10,20,41,6.9527e+05,-0.341,-0.031
10,20,41,6.9531e+05,-0.28,-0.388
10,20,41,6.9535e+05,0.089,0.099
10,20,41,6.9539e+05,-0.085,0.126
10,20,41,6.9543e+05,-0.051,0.286
10,20,41,6.9547e+05,0.408,0.487
10,20,41,6.9551e+05,0.215,-0.151
10,20,41,6.9555e+05,0.398,0.236
10,20,41,6.9558e+05,0.492,0.08
10,20,41,6.9562e+05,0.237,-0.384
10,20,41,6.9566e+05,-0.22,0.639
10,20,41,6.957e+05,-0.183,-0.152
10,20,41,6.9574e+05,-0.409,0.206
10,20,41,6.9578e+05,-0.164,0.313
10,20,41,6.9582e+05,-0.051,-0.675
10,20,41,6.9586e+05,-0.595,0.475
10,20,41,6.959e+05,-0.372,-0.636
10,20,41,6.9594e+05,-0.303,0.218
10,20,41,6.9598e+05,-0.355,-0.05
10,20,41,6.9602e+05,-0.037,-0.278
10,20,41,6.9605e+05,-0.17,0.266
10,20,41,6.9609e+05,0.294,-0.592
10,20,41,6.9613e+05,-0.047,0.266
10,20,41,6.9617e+05,0.095,0
10,20,41,6.9621e+05,0.205,0.227
10,20,41,6.9625e+05,0.148,0.294
10,20,41,6.9629e+05,0.252,-0.642
10,20,41,6.9633e+05,-0.148,0.049
10,20,41,6.9637e+05,-0.163,-0.488
10,20,41,6.9641e+05,-0.393,0.328
10,20,41,6.9644e+05,-0.261,-0.033
10,20,41,6.9648e+05,-0.157,-0.079
10,20,41,6.9652e+05,0.094,0.213
10,20,41,6.9656e+05,0.266,-0.789
10,20,41,6.966e+05,0.094,-0.19
10,20,41,6.9664e+05,-0.024,-0.35
10,20,41,6.9668e+05,-0.042,0.135
10,20,41,6.9672e+05,0.135,0.149
10,20,41,6.9676e+05,0.264,0.217
10,20,41,6.968e+05,0.238,0.144
10,20,41,6.9684e+05,0.211,-0.733
10,20,41,6.9687e+05,-0.176,0.156
10,20,41,6.9691e+05,-0.281,0.587
10,20,41,6.9695e+05,-0.224,-0.258
10,20,41,6.9699e+05,-0.021,0.443
10,20,41,6.9703e+05,0.28,-0.759
10,20,41,6.9707e+05,-0.057,-0.102
10,20,41,6.9711e+05,0.042,-0.32
10,20,41,6.9715e+05,-0.451,0.35
10,20,41,6.9719e+05,-0.06,0.017
10,20,41,6.9723e+05,-0.287,-0.009
10,20,41,6.9726e+05,0.249,-0.043
10,20,41,6.973e+05,0.242,-1.201
10,20,41,6.9734e+05,0.064,-0.022
10,20,41,6.9738e+05,-0.053,-0.322
10,20,41,6.9742e+05,-0.28,0.529
10,20,41,6.9746e+05,0.145,-0.054
10,20,41,6.975e+05,0.131,0.004
10,20,41,6.9754e+05,0.36,-0.421
10,20,41,6.9758e+05,0.262,-0.282
10,20,41,6.9762e+05,-0.01,0.609
10,20,41,6.9766e+05,0.031,-0.206
10,20,41,6.977e+05,-0.366,0.127
10,20,41,6.9773e+05,-0.292,0.404
10,20,41,6.9777e+05,-0.233,-0.315
10,20,41,6.9781e+05,0.092,-0.047
10,20,41,6.9785e+05,0.021,-0.483
10,20,41,6.9789e+05,-0.039,-0.048
10,20,41,6.9793e+05,-0.156,-0.338
10,20,41,6.9797e+05,-0.281,0.155
10,20,41,6.9801e+05,-0.158,0.012
10,20,41,6.9805e+05,0.143,0.198
10,20,41,6.9808e+05,0.415,-0.114
10,20,41,6.9812e+05,0.318,-0.173
10,20,41,6.9816e+05,0.197,-0.545
10,20,41,6.982e+05,-0.001,0.359
10,20,41,6.9824e+05,-0.255,0.047
10,20,41,6.9828e+05,-0.051,-0.28
10,20,41,6.9832e+05,-0.032,0.466
10,20,41,6.9836e+05,-0.065,0.112
10,20,41,6.984e+05,0.097,-0.065
10,20,41,6.9844e+05,-0.093,-0.602
10,20,41,6.9848e+05,-0.178,0.334
10,20,41,6.9852e+05,-0.246,0.483
10,20,41,6.9855e+05,-0.047,-0.036
10,20,41,6.9859e+05,0.003,0.034
10,20,41,6.9863e+05,0.081,-0.187
10,20,41,6.9867e+05,0.126,0.297
10,20,41,6.9871e+05,0.334,-0.393
10,20,41,6.9875e+05,0.005,-0.17
10,20,41,6.9879e+05,-0.134,0.385
10,20,41,6.9883e+05,0.056,-0.19
10,20,41,6.9887e+05,0.106,-0.012
10,20,41,6.9891e+05,-0.262,-0.008
10,20,41,6.9894e+05,-0.069,0.046
10,20,41,6.9898e+05,0.145,0.025
10,20,41,6.9902e+05,-0.138,-0.592
10,20,41,6.9906e+05,-0.286,0.25
10,20,41,6.991e+05,-0.126,0.383
10,20,41,6.9914e+05,0.115,-0.261
10,20,41,6.9918e+05,0.066,-0.139
10,20,41,6.9922e+05,0.031,0.284
10,20,41,6.9926e+05,0.029,0.409
10,20,41,6.993e+05,0.326,-0.369
10,20,41,6.9934e+05,0.064,0.054
10,20,41,6.9937e+05,-0.075,0.006
10,20,41,6.9941e+05,0.126,-0.407
10,20,41,6.9945e+05,-0.063,0.089
10,20,41,6.9949e+05,-0.379,0.044
10,20,41,6.9953e+05,-0.168,0.245
10,20,41,6.9957e+05,-0.074,-0.191
10,20,41,6.9961e+05,-0.299,-0.028
10,20,41,6.9965e+05,-0.408,0.551
10,20,41,6.9969e+05,-0.039,-0.218
10,20,41,6.9973e+05,-0.044,0.086
10,20,41,6.9976e+05,-0.173,-0.047
10,20,41,6.998e+05,-0.451,0.284
10,20,41,6.9984e+05,0.048,-0.029
10,20,41,6.9988e+05,0.191,-0.409
10,20,41,6.9992e+05,-0.075,0.87
10,20,41,6.9996e+05,0.211,-0.153
10,20,41,7e+05,0.256,-0.272
10,20,41,7.0004e+05,-0.078,-0.326
10,20,41,7.0008e+05,-0.035,0.007
10,20,41,7.0012e+05,0.004,0.459
10,20,41,7.0016e+05,0.14,-0.043
10,20,41,7.002e+05,0.163,-0.4
10,20,41,7.0023e+05,-0.152,0.046
10,20,41,7.0027e+05,-0.053,-0.464
10,20,41,7.0031e+05,-0.118,0.864
10,20,41,7.0035e+05,-0.05,0.29
10,20,41,7.0039e+05,0.011,0.128
10,20,41,7.0043e+05,0.294,-0.374
10,20,41,7.0047e+05,-0.016,-0.646
10,20,41,7.0051e+05,-0.012,0.662
10,20,41,7.0055e+05,0.237,-0.385
10,20,41,7.0058e+05,-0.149,0.171
10,20,41,7.0062e+05,0.006,0.727
10,20,41,7.0066e+05,-0.117,-0.182
10,20,41,7.007e+05,-0.244,-0.1
10,20,41,7.0074e+05,-0.202,0.068
10,20,41,7.0078e+05,-0.272,0.643
10,20,41,7.0082e+05,0.181,-0.093
10,20,41,7.0086e+05,0.104,-0.358
10,20,41,7.009e+05,0.069,0.109
10,20,41,7.0094e+05,-0.213,0.092
10,20,41,7.0098e+05,0.21,-0.267
10,20,41,7.0102e+05,-0.008,0.473
10,20,41,7.0105e+05,0.256,0.284
10,20,41,7.0109e+05,0.414,-0.46
10,20,41,7.0113e+05,0.116,-0.284
10,20,41,7.0117e+05,0.185,0.033
10,20,41,7.0121e+05,0.022,0.721
10,20,41,7.0125e+05,0.161,-0.639
10,20,41,7.0129e+05,-0.303,0.118
10,20,41,7.0133e+05,-0.192,0.369
10,20,41,7.0137e+05,-0.175,-0.62
10,20,41,7.0141e+05,-0.147,-0.082
10,20,41,7.0144e+05,-0.199,0.429
10,20,41,7.0148e+05,-0.53,0.263
10,20,41,7.0152e+05,-0.047,-0.197
10,20,41,7.0156e+05,0.26,-0.187
10,20,41,7.016e+05,0.146,0.285
10,20,41,7.0164e+05,0.07,-0.286
10,20,41,7.0168e+05,0.273,-0.203
10,20,41,7.0172e+05,0.182,-0.138
10,20,41,7.0176e+05,0.179,0.375
10,20,41,7.018e+05,0.243,-0.169
10,20,41,7.0184e+05,0.133,0.055
10,20,41,7.0187e+05,0.017,0.159
10,20,41,7.0191e+05,0.023,0.067
10,20,41,7.0195e+05,0.254,-0.693
10,20,41,7.0199e+05,0.216,0.234
10,20,41,7.0203e+05,-0.016,0.267
10,20,41,7.0207e+05,0.049,-0.307
10,20,41,7.0211e+05,-0.032,0.042
10,20,41,7.0215e+05,-0.12,0.353
10,20,41,7.0219e+05,-0.035,0.149
10,20,41,7.0223e+05,0.049,-0.309
10,20,41,7.0226e+05,0.052,-0.262
10,20,41,7.023e+05,-0.046,0.2
10,20,41,7.0234e+05,0.194,0.244
10,20,41,7.0238e+05,0.13,-0.096
10,20,41,7.0242e+05,-0.101,-0.127
10,20,41,7.0246e+05,-0.062,0.279
10,20,41,7.025e+05,0.233,-0.326
10,20,41,7.0254e+05,0.123,-0.245
10,20,41,7.0258e+05,0.107,0.416
10,20,41,7.0262e+05,0.234,-0.711
10,20,41,7.0266e+05,0.135,0.006
10,20,41,7.027e+05,-0.177,0.414
10,20,41,7.0273e+05,0.069,-0.05
10,20,41,7.0277e+05,0.365,-0.226
10,20,41,7.0281e+05,0.213,0.524
10,20,41,7.0285e+05,-0.026,-0.55
10,20,41,7.0289e+05,-0.154,0.206
10,20,41,7.0293e+05,-0.088,-0.276
10,20,41,7.0297e+05,-0.148,0.646
10,20,41,7.0301e+05,0.096,-0.021
10,20,41,7.0305e+05,0.064,-0.66
10,20,41,7.0308e+05,0.189,-0.291
10,20,41,7.0312e+05,-0.189,-0.127
10,20,41,7.0316e+05,-0.237,0.378
10,20,41,7.032e+05,-0.021,0.036
10,20,41,7.0324e+05,0.197,0.544
10,20,41,7.0328e+05,0.362,-0.262
10,20,41,7.0332e+05,0.146,0.125
10,20,41,7.0336e+05,0.336,-0.65
10,20,41,7.034e+05,0.286,-0.093
10,20,41,7.0344e+05,0.251,0.341
10,20,41,7.0348e+05,0.105,-0.524
10,20,41,7.0352e+05,0.009,0.545
10,20,41,7.0355e+05,-0.13,-0.62
10,20,41,7.0359e+05,-0.057,0.401
10,20,41,7.0363e+05,-0.258,0.525
10,20,41,7.0367e+05,-0.276,-0.387
10,20,41,7.0371e+05,-0.11,0.022
10,20,41,7.0375e+05,0.039,-0.277
10,20,41,7.0379e+05,0.21,0.015
10,20,41,7.0383e+05,-0.11,0.145
10,20,41,7.0387e+05,0.076,-0.233
10,20,41,7.0391e+05,0.163,0.228
10,20,41,7.0394e+05,0.079,0.006
10,20,41,7.0398e+05,0.072,0.356
10,20,41,7.0402e+05,0.234,-0.068
10,20,41,7.0406e+05,0.152,-0.391
10,20,41,7.041e+05,0.341,-0.512
10,20,41,7.0414e+05,-0.035,0.439
10,20,41,7.0418e+05,0.14,0.122
10,20,41,7.0422e+05,-0.112,0.405
10,20,41,7.0426e+05,0.025,-0.574
10,20,41,7.043e+05,-0.124,0.49
10,20,41,7.0434e+05,0.32,0.348
10,20,41,7.0437e+05,0.493,-0.302
10,20,41,7.0441e+05,0.23,-0.363
10,20,41,7.0445e+05,-0.064,-0.444
10,20,41,7.0449e+05,0.034,0.25
10,20,41,7.0453e+05,0.016,-0.225
10,20,41,7.0457e+05,-0,0.71
10,20,41,7.0461e+05,-0.374,0.156
10,20,41,7.0465e+05,0.093,-0.376
10,20,41,7.0469e+05,0.019,0.352
10,20,41,7.0473e+05,0.122,-0.303
10,20,41,7.0476e+05,-0.096,0.365
10,20,41,7.048e+05,-0.039,0.379
10,20,41,7.0484e+05,-0.045,-0.844
10,20,41,7.0488e+05,0.065,0.136
10,20,41,7.0492e+05,0.147,0.32
10,20,41,7.0496e+05,0.324,0.088
10,20,41,7.05e+05,0.304,-0.552
10,20,41,7.0504e+05,-0.114,0.547
10,20,41,7.0508e+05,-0.159,0.007
10,20,41,7.0512e+05,0.164,-0.098
10,20,41,7.0516e+05,0.103,0.354
10,20,41,7.052e+05,-0.03,-0.458
10,20,41,7.0523e+05,0.004,0.355
10,20,41,7.0527e+05,0.156,-0.412
10,20,41,7.0531e+05,0.019,0.125
10,20,41,7.0535e+05,-0.3,0.523
10,20,41,7.0539e+05,-0.126,0.001
10,20,41,7.0543e+05,0.18,-0.168
10,20,41,7.0547e+05,0.165,0.528
10,20,41,7.0551e+05,0.187,-0.621
10,20,41,7.0555e+05,-0.115,0.156
10,20,41,7.0558e+05,0.127,-0.043
10,20,41,7.0562e+05,-0.077,0.105
10,20,41,7.0566e+05,-0.284,0.411
10,20,41,7.057e+05,-0.229,-0.551
10,20,41,7.0574e+05,0.055,0.206
10,20,41,7.0578e+05,0.147,-0.178
10,20,41,7.0582e+05,-0.113,0.163
10,20,41,7.0586e+05,-0.137,-0.105
10,20,41,7.059e+05,0.005,-0.234
10,20,41,7.0594e+05,-0.093,0.426
10,20,41,7.0598e+05,0.157,0.142
10,20,41,7.0602e+05,-0.129,-0.274
10,20,41,7.0605e+05,0.021,-0.142
10,20,41,7.0609e+05,-0.103,0.097
10,20,41,7.0613e+05,0.001,-0.264
10,20,41,7.0617e+05,-0.069,0.329
10,20,41,7.0621e+05,-0.12,-0.087
10,20,41,7.0625e+05,-0.127,0.305
10,20,41,7.0629e+05,0.199,0.206
10,20,41,7.0633e+05,-0.052,-0.632
10,20,41,7.0637e+05,-0.149,0.673
10,20,41,7.0641e+05,-0.273,0.087
10,20,41,7.0644e+05,0.012,-0.008
10,20,41,7.0648e+05,0.252,-0.362
10,20,41,7.0652e+05,0.056,0.221
10,20,41,7.0656e+05,-0.008,-0.206
10,20,41,7.066e+05,-0.141,0.164
10,20,41,7.0664e+05,-0.334,0.204
10,20,41,7.0668e+05,0.073,0.394
10,20,41,7.0672e+05,0.146,0.049
10,20,41,7.0676e+05,-0.016,0.033
10,20,41,7.068e+05,-0.046,0.224
10,20,41,7.0684e+05,0.01,-0.561
10,20,41,7.0687e+05,0.255,-0.033
10,20,41,7.0691e+05,-0.069,0.466
10,20,41,7.0695e+05,0.24,-0.072
10,20,41,7.0699e+05,0.169,-0.856
10,20,41,7.0703e+05,0.351,0.032
10,20,41,7.0707e+05,-0.013,0.183
10,20,41,7.0711e+05,-0.174,0.747
10,20,41,7.0715e+05,-0.133,-0.071
10,20,41,7.0719e+05,-0.15,0.238
10,20,41,7.0723e+05,0.086,0.565
10,20,41,7.0726e+05,0.015,-0.524
10,20,41,7.073e+05,0.084,0.239
10,20,41,7.0734e+05,-0.132,-0.422
10,20,41,7.0738e+05,-0.058,0.393
10,20,41,7.0742e+05,0.248,-0.034
10,20,41,7.0746e+05,0.052,-0.181
10,20,41,7.075e+05,0.092,0.115
10,20,41,7.0754e+05,-0.079,0.055
10,20,41,7.0758e+05,-0.011,-0.494
10,20,41,7.0762e+05,-0.223,0.608
10,20,41,7.0766e+05,-0.052,0.747
10,20,41,7.077e+05,-0.216,-0.236
10,20,41,7.0773e+05,0.078,0.012
10,20,41,7.0777e+05,-0.028,-0.14
10,20,41,7.0781e+05,-0.192,0.244
10,20,41,7.0785e+05,0.049,0.014
10,20,41,7.0789e+05,-0.212,-0.35
10,20,41,7.0793e+05,-0.238,0.485
10,20,41,7.0797e+05,0.068,0.111
10,20,41,7.0801e+05,0.256,-0.158
10,20,41,7.0805e+05,0.352,0.104
10,20,41,7.0808e+05,-0.076,0.041
10,20,41,7.0812e+05,-0.097,-0.116
10,20,41,7.0816e+05,0.188,-0.009
10,20,41,7.082e+05,0.112,-0.361
10,20,41,7.0824e+05,-0.028,0.636
10,20,41,7.0828e+05,-0.099,-0.008
10,20,41,7.0832e+05,0.303,-0.608
10,20,41,7.0836e+05,0.094,0.433
10,20,41,7.084e+05,0.149,0.154
10,20,41,7.0844e+05,-0.023,0.083
10,20,41,7.0848e+05,-0.125,-0.087
10,20,41,7.0852e+05,0.083,-0.44
10,20,41,7.0855e+05,-0.013,0.44
10,20,41,7.0859e+05,0.015,-0.186
10,20,41,7.0863e+05,-0.122,-0.048
10,20,41,7.0867e+05,0.139,0.208
10,20,41,7.0871e+05,0.014,-0.245
10,20,41,7.0875e+05,0.171,0.309
10,20,41,7.0879e+05,0.021,0.126
10,20,41,7.0883e+05,0.205,0.062
10,20,41,7.0887e+05,0.438,-0.259
10,20,41,7.0891e+05,0.116,0.103
10,20,41,7.0894e+05,0.269,-0.046
10,20,41,7.0898e+05,0.375,0.018
10,20,41,7.0902e+05,0.228,-0.629
10,20,41,7.0906e+05,-0.285,0.312
10,20,41,7.091e+05,-0.269,0.263
10,20,41,7.0914e+05,0.163,-0.142
10,20,41,7.0918e+05,0.213,0.153
10,20,41,7.0922e+05,0.162,0.056
10,20,41,7.0926e+05,-0.028,-0.227
10,20,41,7.093e+05,-0.002,-0.629
10,20,41,7.0934e+05,-0.265,0.12
10,20,41,7.0937e+05,-0.2,0.626
10,20,41,7.0941e+05,0.068,0.604
10,20,41,7.0945e+05,0.427,-0.861
10,20,41,7.0949e+05,-0.08,-0.266
10,20,41,7.0953e+05,-0.081,0.121
10,20,41,7.0957e+05,-0.132,-0.273
10,20,41,7.0961e+05,-0.291,0.157
10,20,41,7.0965e+05,-0.303,0.11
10,20,41,7.0969e+05,-0.264,0.15
10,20,41,7.0973e+05,0.176,-0.154
10,20,41,7.0976e+05,0.216,0.185
10,20,41,7.098e+05,0.025,-0.003
10,20,41,7.0984e+05,-0.023,0.063
10,20,41,7.0988e+05,-0.011,-0.444
10,20,41,7.0992e+05,0.331,-0.713
10,20,41,7.0996e+05,0.375,0.521
10,20,41,7.1e+05,0.418,-0.437
10,20,41,7.1004e+05,-0.089,-0.015
10,20,41,7.1008e+05,0.027,0.253
10,20,41,7.1012e+05,0.011,0.022
10,20,41,7.1016e+05,-0.022,0.491
10,20,41,7.102e+05,-0.016,-0.468
10,20,41,7.1023e+05,-0.039,0.042
10,20,41,7.1027e+05,-0.04,-0.8
10,20,41,7.1031e+05,-0.116,0.035
10,20,41,7.1035e+05,0.021,0.256
10,20,41,7.1039e+05,0.139,-0.091
10,20,41,7.1043e+05,0.104,0.095
10,20,41,7.1047e+05,-0.29,-0.567
10,20,41,7.1051e+05,-0.483,0.348
10,20,41,7.1055e+05,0.118,0.127
10,20,41,7.1058e+05,0.004,0.047
10,20,41,7.1062e+05,0.464,0.16
10,20,41,7.1066e+05,0.132,-0.348
10,20,41,7.107e+05,0.016,-0.602
10,20,41,7.1074e+05,-0.015,0.322
10,20,41,7.1078e+05,0.088,0.682
10,20,41,7.1082e+05,0.343,-0.34
10,20,41,7.1086e+05,0.242,-0.143
10,20,41,7.109e+05,-0.061,-0.364
10,20,41,7.1094e+05,-0.363,-0.008
10,20,41,7.1098e+05,-0.293,0.004
10,20,41,7.1102e+05,-0.079,0.451
10,20,41,7.1105e+05,-0.203,-0.011
10,20,41,7.1109e+05,-0.039,0.116
10,20,41,7.1113e+05,0.108,-0.223
10,20,41,7.1117e+05,-0.03,-0.428
10,20,41,7.1121e+05,-0.209,0.529
10,20,41,7.1125e+05,-0.002,0.347
10,20,41,7.1129e+05,-0.518,-0.185
10,20,41,7.1133e+05,-0.208,0.082
10,20,41,7.1137e+05,-0.026,-0.426
10,20,41,7.1141e+05,0.002,0.552
10,20,41,7.1144e+05,0.377,-0.268
10,20,41,7.1148e+05,0.316,0.056
10,20,41,7.1152e+05,-0.097,-0.397
10,20,41,7.1156e+05,-0.185,-0.223
10,20,41,7.116e+05,0.132,0.569
10,20,41,7.1164e+05,0.169,0.244
10,20,41,7.1168e+05,0.4,-0.165
10,20,41,7.1172e+05,-0.008,-0.143
10,20,41,7.1176e+05,-0.385,-0.025
10,20,41,7.118e+05,-0.206,-0.111
10,20,41,7.1184e+05,0.183,0.573
10,20,41,7.1187e+05,-0.159,-0.338
10,20,41,7.1191e+05,-0.41,0.277
10,20,41,7.1195e+05,-0.057,-0.616
10,20,41,7.1199e+05,-0.097,-0.066
10,20,41,7.1203e+05,-0.358,0.388
10,20,41,7.1207e+05,-0.214,0.243
10,20,41,7.1211e+05,-0.322,0.165
10,20,41,7.1215e+05,0.03,-1.016
10,20,41,7.1219e+05,-0.089,0.469
10,20,41,7.1223e+05,-0.194,0.424
10,20,41,7.1226e+05,0.457,-0.486
10,20,41,7.123e+05,0.207,-0.038
10,20,41,7.1234e+05,-0.235,0.069
10,20,41,7.1238e+05,-0.054,0.178
10,20,41,7.1242e+05,0.207,0.078
10,20,41,7.1246e+05,-0.042,-0.543
10,20,41,7.125e+05,-0.261,0.623
10,20,41,7.1254e+05,-0.169,-0.427
10,20,41,7.1258e+05,-0.234,-0.145
10,20,41,7.1262e+05,0.036,0.041
10,20,41,7.1266e+05,-0.538,0.292
10,20,41,7.127e+05,-0.398,0.112
10,20,41,7.1273e+05,-0.138,-0.508
10,20,41,7.1277e+05,-0.339,0.497
10,20,41,7.1281e+05,-0.392,0.216
10,20,41,7.1285e+05,-0.03,-0.042
10,20,41,7.1289e+05,-0.11,-0.203
10,20,41,7.1293e+05,-0.297,0.108
10,20,41,7.1297e+05,-0.176,0.273
10,20,41,7.1301e+05,-0.308,-0.326
10,20,41,7.1305e+05,-0.128,-0.023
10,20,41,7.1308e+05,-0.184,0.192
10,20,41,7.1312e+05,-0.426,-0.046
10,20,41,7.1316e+05,-0.186,0.234
10,20,41,7.132e+05,-0.239,0.212
10,20,41,7.1324e+05,-0.353,0.434
10,20,41,7.1328e+05,0.079,-0.192
10,20,41,7.1332e+05,-0.09,-0.153
10,20,41,7.1336e+05,-0.205,-0.213
10,20,41,7.134e+05,-0.528,-0.054
10,20,41,7.1344e+05,-0.698,0.301
10,20,41,7.1348e+05,-0.194,-0.288
10,20,41,7.1352e+05,-0.126,0.426
10,20,41,7.1355e+05,0.034,0.451
10,20,41,7.1359e+05,-0.004,-0.553
10,20,41,7.1363e+05,0.039,-0.283
10,20,41,7.1367e+05,0.31,0.038
10,20,41,7.1371e+05,0.238,0.476
10,20,41,7.1375e+05,0.211,0.421
10,20,41,7.1379e+05,0.069,-0.169
10,20,41,7.1383e+05,0.154,0.019
10,20,41,7.1387e+05,-0.243,0.071
10,20,41,7.1391e+05,0.069,0.106
10,20,41,7.1394e+05,-0.336,-0.001
10,20,41,7.1398e+05,-0.447,0.37
10,20,41,7.1402e+05,-0.348,-0.296
10,20,41,7.1406e+05,-0.47,0.131
10,20,41,7.141e+05,-0.402,0.007
10,20,41,7.1414e+05,-0.276,0.147
10,20,41,7.1418e+05,0.038,0.109
10,20,41,7.1422e+05,-0.093,-0.567
10,20,41,7.1426e+05,0.062,0.168
10,20,41,7.143e+05,-0.207,-0.257
10,20,41,7.1434e+05,-0.052,0.219
10,20,41,7.1437e+05,0.214,0.046
10,20,41,7.1441e+05,0.237,0.343
10,20,41,7.1445e+05,-0.036,-0.21
10,20,41,7.1449e+05,0.203,-0.158
10,20,41,7.1453e+05,0.021,-0.321
10,20,41,7.1457e+05,-0.054,0.557
10,20,41,7.1461e+05,0.058,0.008
10,20,41,7.1465e+05,-0.041,-0.326
10,20,41,7.1469e+05,0.007,0.191
10,20,41,7.1473e+05,-0.011,0.212
10,20,41,7.1476e+05,-0.156,0.071
10,20,41,7.148e+05,-0.118,0.045
10,20,41,7.1484e+05,-0.154,-0.054
10,20,41,7.1488e+05,-0.258,0.716
10,20,41,7.1492e+05,-0.103,-0.347
10,20,41,7.1496e+05,-0.144,0.037
10,20,41,7.15e+05,0.237,0.409
10,20,41,7.1504e+05,0.018,-0.31
10,20,41,7.1508e+05,-0.284,-0.188
10,20,41,7.1512e+05,-0.214,0.057
10,20,41,7.1516e+05,0.174,0.321
10,20,41,7.152e+05,0.336,-0.515
10,20,41,7.1523e+05,-0.076,-0.384
10,20,41,7.1527e+05,-0.136,-0.06
10,20,41,7.1531e+05,-0.06,-0.164
10,20,41,7.1535e+05,0.124,0.147
10,20,41,7.1539e+05,0.219,0.175
10,20,41,7.1543e+05,-0.079,-0.044
10,20,41,7.1547e+05,-0.122,-0.167
10,20,41,7.1551e+05,0.132,-0.42
10,20,41,7.1555e+05,-0.032,0.243
10,20,41,7.1558e+05,0.326,0.465
10,20,41,7.1562e+05,0.124,-0.218
10,20,41,7.1566e+05,0.077,-0.332
10,20,41,7.157e+05,-0.243,-0.409
10,20,41,7.1574e+05,-0.028,0.134
10,20,41,7.1578e+05,-0.008,0.354
10,20,41,7.1582e+05,-0.084,-0.059
10,20,41,7.1586e+05,-0.227,-0.408
10,20,41,7.159e+05,-0.238,0.067
10,20,41,7.1594e+05,0.126,-0.631
10,20,41,7.1598e+05,0.056,0.554
10,20,41,7.1602e+05,0.106,0.244
10,20,41,7.1605e+05,-0.132,-0.598
10,20,41,7.1609e+05,0.073,0.242
10,20,41,7.1613e+05,0.099,-0.102
10,20,41,7.1617e+05,0.193,0.205
10,20,41,7.1621e+05,0.273,-0.155
10,20,41,7.1625e+05,0.157,-0.322
10,20,41,7.1629e+05,0.095,0.29
10,20,41,7.1633e+05,-0.061,-0.1
10,20,41,7.1637e+05,0.205,-0.162
10,20,41,7.1641e+05,0.171,-0.051
10,20,41,7.1644e+05,0.277,-0.067
10,20,41,7.1648e+05,0.031,-0.117
10,20,41,7.1652e+05,0.197,-0.907
10,20,41,7.1656e+05,-0.378,0.328
10,20,41,7.166e+05,-0.194,0.422
10,20,41,7.1664e+05,0.171,-0.128
10,20,41,7.1668e+05,0.184,-0.194
10,20,41,7.1672e+05,0.252,-0.281
10,20,41,7.1676e+05,0.154,-0.393
10,20,41,7.168e+05,0.058,-0.378
10,20,41,7.1684e+05,-0.064,0.16
10,20,41,7.1687e+05,-0.1,0.411
10,20,41,7.1691e+05,0.156,-0.234
10,20,41,7.1695e+05,0.124,-0.164
10,20,41,7.1699e+05,-0.067,-0.256
10,20,41,7.1703e+05,-0.304,0.228
10,20,41,7.1707e+05,0.063,-0.155
10,20,41,7.1711e+05,0.059,-0.19
10,20,41,7.1715e+05,-0.104,0.031
10,20,41,7.1719e+05,-0.03,0.743
10,20,41,7.1723e+05,0.475,-0.299
10,20,41,7.1726e+05,0.431,-0.187
10,20,41,7.173e+05,-0.102,0.197
10,20,41,7.1734e+05,-0.115,0.233
10,20,41,7.1738e+05,-0.103,-0.209
10,20,41,7.1742e+05,0.261,-0.095
10,20,41,7.1746e+05,0.218,-0.168
10,20,41,7.175e+05,0.089,0.021
10,20,41,7.1754e+05,0.09,-0.518
10,20,41,7.1758e+05,-0.342,0.483
10,20,41,7.1762e+05,-0.185,0.272
10,20,41,7.1766e+05,0.009,-0.424
10,20,41,7.177e+05,0.031,0.194
10,20,41,7.1773e+05,0.027,-0.122
10,20,41,7.1777e+05,0.162,-0.251
10,20,41,7.1781e+05,-0.154,-0.178
10,20,41,7.1785e+05,0.03,-0.08
10,20,41,7.1789e+05,-0.187,0.478
10,20,41,7.1793e+05,0.064,0.31
10,20,41,7.1797e+05,0.231,-0.735
10,20,41,7.1801e+05,0.077,0.049
10,20,41,7.1805e+05,-0.311,-0.184
10,20,41,7.1808e+05,-0.136,0.515
10,20,41,7.1812e+05,-0.243,-0.025
10,20,41,7.1816e+05,-0.032,-0.006
10,20,41,7.182e+05,0.232,0.051
10,20,41,7.1824e+05,0.253,-0.583
10,20,41,7.1828e+05,0.111,0.206
10,20,41,7.1832e+05,-0.093,0.264
10,20,41,7.1836e+05,0.159,-0.123
10,20,41,7.184e+05,-0.019,0.035
10,20,41,7.1844e+05,0.21,0.093
10,20,41,7.1848e+05,0.026,0.062
10,20,41,7.1852e+05,0.093,-0.217
10,20,41,7.1855e+05,-0.139,-0.025
10,20,41,7.1859e+05,-0.309,0.455
10,20,41,7.1863e+05,-0.244,-0.106
10,20,41,7.1867e+05,-0.006,0.593
10,20,41,7.1871e+05,0.037,-0.35
10,20,41,7.1875e+05,0.056,-0.136
