15,36,11,7.7504e+05,-0.673,0.358
15,36,11,7.7508e+05,-0.182,-0.004
15,36,11,7.7512e+05,-0.209,-0.313
15,36,11,7.7516e+05,0.082,-0.369
15,36,11,7.752e+05,-0.001,0.262
15,36,11,7.7523e+05,0.715,-0.484
15,36,11,7.7527e+05,0.393,-0.335
15,36,11,7.7531e+05,0.276,0.424
15,36,11,7.7535e+05,0.195,-0.282
15,36,11,7.7539e+05,0.075,0.13
15,36,11,7.7543e+05,-0.364,0.412
15,36,11,7.7547e+05,-0.344,0.82
15,36,11,7.7551e+05,-0.658,-0.46
15,36,11,7.7555e+05,-0.794,0.35
15,36,11,7.7558e+05,-0.635,0.574
15,36,11,7.7562e+05,-0.595,-0.088
15,36,11,7.7566e+05,-0.188,0.486
15,36,11,7.757e+05,-0.01,0.189
15,36,11,7.7574e+05,-0.001,0.144
15,36,11,7.7578e+05,0.464,-0.551
15,36,11,7.7582e+05,0.391,0.106
15,36,11,7.7586e+05,0.536,-0.423
15,36,11,7.759e+05,0.082,-0.04
15,36,11,7.7594e+05,0.357,0.165
15,36,11,7.7598e+05,0.25,-0.704
15,36,11,7.7602e+05,-0.312,0.474
15,36,11,7.7605e+05,-0.441,0.294
15,36,11,7.7609e+05,-0.137,-0.323
15,36,11,7.7613e+05,-0.49,0.122
15,36,11,7.7617e+05,-0.246,0.481
15,36,11,7.7621e+05,0.106,-0.035
15,36,11,7.7625e+05,0.209,-0.522
15,36,11,7.7629e+05,-0.024,0.099
15,36,11,7.7633e+05,-0.32,-0.336
15,36,11,7.7637e+05,-0.244,-0.281
15,36,11,7.7641e+05,-0.467,0.786
15,36,11,7.7644e+05,-0.016,-0.038
15,36,11,7.7648e+05,-0.098,0.016
15,36,11,7.7652e+05,0.144,-0.154
15,36,11,7.7656e+05,0.041,-0.704
15,36,11,7.766e+05,0.259,-0.263
15,36,11,7.7664e+05,-0.287,0.377
15,36,11,7.7668e+05,-0.208,0.211
15,36,11,7.7672e+05,0.018,0.191
15,36,11,7.7676e+05,0.228,0.391
15,36,11,7.768e+05,0.119,-0.005
15,36,11,7.7684e+05,0.183,-0.113
15,36,11,7.7687e+05,0.291,-0.331
15,36,11,7.7691e+05,0.33,-0.277
15,36,11,7.7695e+05,-0.181,0.132
15,36,11,7.7699e+05,-0.044,-0.388
15,36,11,7.7703e+05,-0.27,0.31
15,36,11,7.7707e+05,-0.118,0.143
15,36,11,7.7711e+05,-0.141,0.32
15,36,11,7.7715e+05,-0.005,0.25
15,36,11,7.7719e+05,-0.025,0.014
15,36,11,7.7723e+05,-0.412,0.057
15,36,11,7.7726e+05,-0.236,-0.567
15,36,11,7.773e+05,0.025,0.156
15,36,11,7.7734e+05,-0.392,0.46
15,36,11,7.7738e+05,0.067,-0.175
15,36,11,7.7742e+05,-0.173,-0.212
15,36,11,7.7746e+05,-0.167,-0.172
15,36,11,7.775e+05,-0.368,0.425
15,36,11,7.7754e+05,0.092,0.261
15,36,11,7.7758e+05,0.14,-0.044
15,36,11,7.7762e+05,0.142,0.249
15,36,11,7.7766e+05,-0.126,-0.829
15,36,11,7.777e+05,0.027,-0.345
15,36,11,7.7773e+05,0.219,0.109
15,36,11,7.7777e+05,0.091,0.233
15,36,11,7.7781e+05,0.253,0.498
15,36,11,7.7785e+05,0.022,-0.451
15,36,11,7.7789e+05,0.08,-0.254
15,36,11,7.7793e+05,-0.41,0.068
15,36,11,7.7797e+05,-0.172,0.074
15,36,11,7.7801e+05,-0.291,0.347
15,36,11,7.7805e+05,0.128,0.194
15,36,11,7.7808e+05,-0.149,-0.224
15,36,11,7.7812e+05,0.08,-0.061
15,36,11,7.7816e+05,0.284,-0.184
15,36,11,7.782e+05,0.068,-0.02
15,36,11,7.7824e+05,0.26,0.168
15,36,11,7.7828e+05,0.439,0.088
15,36,11,7.7832e+05,0.317,-0.415
15,36,11,7.7836e+05,0.045,-0.043
15,36,11,7.784e+05,-0.164,0.241
15,36,11,7.7844e+05,-0.16,0.211
15,36,11,7.7848e+05,0.1,0.187
15,36,11,7.7852e+05,0.093,0.343
15,36,11,7.7855e+05,0.032,-0.034
15,36,11,7.7859e+05,-0.112,-0.377
15,36,11,7.7863e+05,-0.18,-0.334
15,36,11,7.7867e+05,0.075,0.081
15,36,11,7.7871e+05,-0.021,0.289
15,36,11,7.7875e+05,0.412,-0.056
15,36,11,7.7879e+05,0.761,-0.055
15,36,11,7.7883e+05,0.45,-0.402
15,36,11,7.7887e+05,-0.006,-0.222
15,36,11,7.7891e+05,-0.001,-0.006
15,36,11,7.7894e+05,0.187,-0.219
15,36,11,7.7898e+05,-0.021,0.637
15,36,11,7.7902e+05,-0.207,0.307
15,36,11,7.7906e+05,-0.471,-0.472
15,36,11,7.791e+05,-0.551,-0.196
15,36,11,7.7914e+05,-0.573,0.559
15,36,11,7.7918e+05,-0.259,0.315
15,36,11,7.7922e+05,0.265,-0.187
15,36,11,7.7926e+05,0.022,0.29
15,36,11,7.793e+05,0.034,-0.219
15,36,11,7.7934e+05,0.174,-0.096
15,36,11,7.7937e+05,0.584,0.164
15,36,11,7.7941e+05,0.474,-0.136
15,36,11,7.7945e+05,0.529,0.431
15,36,11,7.7949e+05,-0.003,-0.374
15,36,11,7.7953e+05,-0.051,-0.708
15,36,11,7.7957e+05,-0.512,0.395
15,36,11,7.7961e+05,-0.409,0.707
15,36,11,7.7965e+05,-0.238,0.603
15,36,11,7.7969e+05,0.09,-0.098
15,36,11,7.7973e+05,0.09,-0.333
15,36,11,7.7976e+05,-0.314,-0.128
15,36,11,7.798e+05,-0.178,-0.736
15,36,11,7.7984e+05,-0.07,0.387
15,36,11,7.7988e+05,-0.006,0.375
15,36,11,7.7992e+05,0.224,-0.095
15,36,11,7.7996e+05,0.175,0.357
15,36,11,7.8e+05,0.124,-0.899
15,36,11,7.8004e+05,0.145,-0.007
15,36,11,7.8008e+05,-0.084,0.621
15,36,11,7.8012e+05,-0.139,-0.274
15,36,11,7.8016e+05,-0.277,0.259
15,36,11,7.802e+05,-0.209,0.402
15,36,11,7.8023e+05,-0.186,-0.156
15,36,11,7.8027e+05,0.136,0.11
15,36,11,7.8031e+05,0.255,0.265
15,36,11,7.8035e+05,0.1,-0.247
15,36,11,7.8039e+05,0.14,0.01
15,36,11,7.8043e+05,0.603,0.074
15,36,11,7.8047e+05,0.495,0.232
15,36,11,7.8051e+05,0.371,-0.089
15,36,11,7.8055e+05,-0.297,-0.079
15,36,11,7.8058e+05,-0.789,0.117
15,36,11,7.8062e+05,-0.797,0.139
15,36,11,7.8066e+05,-0.727,0.392
15,36,11,7.807e+05,-0.855,0.676
15,36,11,7.8074e+05,-0.021,0.45
15,36,11,7.8078e+05,0.417,-0.395
15,36,11,7.8082e+05,0.525,-0.32
15,36,11,7.8086e+05,0.314,-0.288
15,36,11,7.809e+05,0.485,-1.083
15,36,11,7.8094e+05,0.551,0.462
15,36,11,7.8098e+05,0.649,0.442
15,36,11,7.8102e+05,0.388,-0.9
15,36,11,7.8105e+05,0.085,0.225
15,36,11,7.8109e+05,0.353,-0.497
15,36,11,7.8113e+05,-0.228,0.569
15,36,11,7.8117e+05,-0.281,0.663
15,36,11,7.8121e+05,-0.197,-0.22
15,36,11,7.8125e+05,-0.426,0.647
15,36,11,7.8129e+05,-0.158,0.526
15,36,11,7.8133e+05,0.067,0.141
15,36,11,7.8137e+05,0.012,0.14
15,36,11,7.8141e+05,-0.427,0.149
15,36,11,7.8144e+05,-0.085,-0.349
15,36,11,7.8148e+05,0.224,-0.303
15,36,11,7.8152e+05,-0.067,0.446
15,36,11,7.8156e+05,0.395,-0.023
15,36,11,7.816e+05,0.496,-0.169
15,36,11,7.8164e+05,0.44,-0.573
15,36,11,7.8168e+05,-0.154,-0.093
15,36,11,7.8172e+05,-0.194,0.446
15,36,11,7.8176e+05,0.016,-0.301
15,36,11,7.818e+05,-0.324,0.483
15,36,11,7.8184e+05,-0.607,0.089
15,36,11,7.8187e+05,-0.583,0.414
15,36,11,7.8191e+05,-0.165,0.972
15,36,11,7.8195e+05,0.048,0.466
15,36,11,7.8199e+05,0.221,0.87
15,36,11,7.8203e+05,0.383,-0.026
15,36,11,7.8207e+05,0.219,-0.308
15,36,11,7.8211e+05,0.087,-0.411
15,36,11,7.8215e+05,0.017,-0.229
15,36,11,7.8219e+05,-0.572,-0.075
15,36,11,7.8223e+05,-0.234,0.079
15,36,11,7.8226e+05,0.056,0.007
15,36,11,7.823e+05,0.112,-0.401
15,36,11,7.8234e+05,-0.008,-0.094
15,36,11,7.8238e+05,0.164,-0.381
15,36,11,7.8242e+05,0.169,-0.907
15,36,11,7.8246e+05,-0.204,0.273
15,36,11,7.825e+05,-0.521,-0.007
15,36,11,7.8254e+05,-0.217,0.009
15,36,11,7.8258e+05,-0.091,0.882
15,36,11,7.8262e+05,0.319,-0.049
15,36,11,7.8266e+05,0.076,0.284
15,36,11,7.827e+05,0.221,0.322
15,36,11,7.8273e+05,0.022,-0.355
15,36,11,7.8277e+05,0.382,0.559
15,36,11,7.8281e+05,0.293,0.349
15,36,11,7.8285e+05,-0.176,0.146
15,36,11,7.8289e+05,0.1,-0.28
15,36,11,7.8293e+05,0.135,-0.447
15,36,11,7.8297e+05,-0.119,-0.042
15,36,11,7.8301e+05,-0.139,0.283
15,36,11,7.8305e+05,-0.443,0.134
15,36,11,7.8308e+05,0.196,-0.169
15,36,11,7.8312e+05,-0.126,0.319
15,36,11,7.8316e+05,0.037,-0.072
15,36,11,7.832e+05,0.725,-0.61
15,36,11,7.8324e+05,0.821,0.407
15,36,11,7.8328e+05,0.282,-0.123
15,36,11,7.8332e+05,0.125,0.163
15,36,11,7.8336e+05,0.173,-0.062
15,36,11,7.834e+05,0.099,0.064
15,36,11,7.8344e+05,-0.286,1.033
15,36,11,7.8348e+05,0.061,0.02
15,36,11,7.8352e+05,0.227,-0.513
15,36,11,7.8355e+05,-0.281,-0.056
15,36,11,7.8359e+05,-0.186,0.364
15,36,11,7.8363e+05,0.087,0.215
15,36,11,7.8367e+05,0.108,0.21
15,36,11,7.8371e+05,0.268,-0.097
15,36,11,7.8375e+05,-0.039,-0.093
15,36,11,7.8379e+05,0.365,-0.588
15,36,11,7.8383e+05,0.053,-0.323
15,36,11,7.8387e+05,0.061,0.371
15,36,11,7.8391e+05,0.348,-0.231
15,36,11,7.8394e+05,0.414,-0.002
15,36,11,7.8398e+05,0.305,-0.197
15,36,11,7.8402e+05,0.398,0.229
15,36,11,7.8406e+05,0.508,0.009
15,36,11,7.841e+05,0.408,-0.226
15,36,11,7.8414e+05,0.054,0.184
15,36,11,7.8418e+05,0.406,-0.147
15,36,11,7.8422e+05,0.25,-0.266
15,36,11,7.8426e+05,-0.217,0.149
15,36,11,7.843e+05,-0.01,0.756
15,36,11,7.8434e+05,-0.194,-0.561
15,36,11,7.8437e+05,-0.099,0.107
15,36,11,7.8441e+05,0.113,0.823
15,36,11,7.8445e+05,0.392,-0.123
15,36,11,7.8449e+05,0.528,0.047
15,36,11,7.8453e+05,-0.024,-0.04
15,36,11,7.8457e+05,0.235,-0.163
15,36,11,7.8461e+05,0.726,0.082
15,36,11,7.8465e+05,0.707,0.256
15,36,11,7.8469e+05,0.539,0.137
15,36,11,7.8473e+05,0.477,-0.104
15,36,11,7.8476e+05,0.154,-0.32
15,36,11,7.848e+05,-0.24,-0.081
15,36,11,7.8484e+05,-0.287,0.681
15,36,11,7.8488e+05,-0.172,0.275
15,36,11,7.8492e+05,-0.059,0.156
15,36,11,7.8496e+05,-0.165,0.442
15,36,11,7.85e+05,0.073,-0.505
15,36,11,7.8504e+05,0.042,-0.135
15,36,11,7.8508e+05,0.26,0.282
15,36,11,7.8512e+05,-0.171,0.133
15,36,11,7.8516e+05,0.194,0.16
15,36,11,7.852e+05,0.033,0.086
15,36,11,7.8523e+05,0.163,0.081
15,36,11,7.8527e+05,-0.302,0.27
15,36,11,7.8531e+05,0.345,0.177
15,36,11,7.8535e+05,-0.271,-0.074
15,36,11,7.8539e+05,-0.272,0.534
15,36,11,7.8543e+05,-0.202,-0.224
15,36,11,7.8547e+05,-0.258,0.127
15,36,11,7.8551e+05,-0.3,0.044
15,36,11,7.8555e+05,-0.443,0.865
15,36,11,7.8558e+05,-0.2,-0.213
15,36,11,7.8562e+05,-0.113,-0.153
15,36,11,7.8566e+05,0.09,0.596
15,36,11,7.857e+05,0.068,-0.497
15,36,11,7.8574e+05,-0.121,-0.121
15,36,11,7.8578e+05,0.05,0.078
15,36,11,7.8582e+05,0.034,0.346
15,36,11,7.8586e+05,0.094,0.312
15,36,11,7.859e+05,0.001,0.071
15,36,11,7.8594e+05,-0.002,0.298
15,36,11,7.8598e+05,0.025,0.339
15,36,11,7.8602e+05,0.227,0.294
15,36,11,7.8605e+05,-0.44,0.2
15,36,11,7.8609e+05,-0.044,0.252
15,36,11,7.8613e+05,-0.611,0.237
15,36,11,7.8617e+05,-0.009,0.682
15,36,11,7.8621e+05,-0.195,0.253
15,36,11,7.8625e+05,-0.016,-0.167
15,36,11,7.8629e+05,-0.108,-0.424
15,36,11,7.8633e+05,-0.045,0.214
15,36,11,7.8637e+05,0.019,0.182
15,36,11,7.8641e+05,-0.164,-0.043
15,36,11,7.8644e+05,-0.1,-0.107
15,36,11,7.8648e+05,-0.027,0.53
15,36,11,7.8652e+05,0.245,-0.247
15,36,11,7.8656e+05,-0.463,0.164
15,36,11,7.866e+05,-0.022,0.377
15,36,11,7.8664e+05,-0.244,-0.263
15,36,11,7.8668e+05,-0.262,0.966
15,36,11,7.8672e+05,-0.591,0.104
15,36,11,7.8676e+05,-0.147,0.098
15,36,11,7.868e+05,-0.225,0.364
15,36,11,7.8684e+05,-0.277,0.092
15,36,11,7.8687e+05,0.22,0.02
15,36,11,7.8691e+05,0.207,-0.281
15,36,11,7.8695e+05,-0.054,-0.43
15,36,11,7.8699e+05,0.04,0.405
15,36,11,7.8703e+05,0.429,0.162
15,36,11,7.8707e+05,-0.014,0.205
15,36,11,7.8711e+05,-0.17,-0.184
15,36,11,7.8715e+05,-0.167,0.087
15,36,11,7.8719e+05,0.321,0.248
15,36,11,7.8723e+05,-0.303,-0.078
15,36,11,7.8726e+05,-0.288,0.681
15,36,11,7.873e+05,-0.505,0.061
15,36,11,7.8734e+05,-0.187,-0.708
15,36,11,7.8738e+05,-0.806,0.423
15,36,11,7.8742e+05,-0.087,0.826
15,36,11,7.8746e+05,-0.214,-0.332
15,36,11,7.875e+05,-0.005,0.552
15,36,11,7.8754e+05,0.05,-0.309
15,36,11,7.8758e+05,-0.108,-0.192
15,36,11,7.8762e+05,0.177,-0.079
15,36,11,7.8766e+05,-0.042,0.122
15,36,11,7.877e+05,0.203,0.504
15,36,11,7.8773e+05,-0.35,0.149
15,36,11,7.8777e+05,0.423,-0.335
15,36,11,7.8781e+05,-0.083,0.363
15,36,11,7.8785e+05,0.312,0.042
15,36,11,7.8789e+05,-0.176,-0.238
15,36,11,7.8793e+05,0.149,0.336
15,36,11,7.8797e+05,-0.615,-0.58
15,36,11,7.8801e+05,-0.45,0.573
15,36,11,7.8805e+05,-0.525,0.412
15,36,11,7.8808e+05,-0.374,0.647
15,36,11,7.8812e+05,-0.356,0.543
15,36,11,7.8816e+05,0.015,0.222
15,36,11,7.882e+05,0.075,-0.036
15,36,11,7.8824e+05,-0.024,-0.249
15,36,11,7.8828e+05,-0.238,0.061
15,36,11,7.8832e+05,0.026,0.613
15,36,11,7.8836e+05,0.314,-0.585
15,36,11,7.884e+05,0.203,0.114
15,36,11,7.8844e+05,0.498,-0.146
15,36,11,7.8848e+05,0.054,-1.067
15,36,11,7.8852e+05,0.116,0.316
15,36,11,7.8855e+05,0.127,0.374
15,36,11,7.8859e+05,0.116,-0.131
15,36,11,7.8863e+05,-0.514,0.092
15,36,11,7.8867e+05,-0.356,0.238
15,36,11,7.8871e+05,-0.378,-0.397
15,36,11,7.8875e+05,-0.218,0.652
15,36,11,7.8879e+05,-0.63,0.794
15,36,11,7.8883e+05,0.017,0.242
15,36,11,7.8887e+05,0.171,0.03
15,36,11,7.8891e+05,-0.132,-0.015
15,36,11,7.8894e+05,-0.33,-0.554
15,36,11,7.8898e+05,-0.418,-0.571
15,36,11,7.8902e+05,-0.305,-0.01
15,36,11,7.8906e+05,-0.569,0.462
15,36,11,7.891e+05,-0.211,-0.117
15,36,11,7.8914e+05,-0.349,-0.302
15,36,11,7.8918e+05,-0.324,-0.089
15,36,11,7.8922e+05,-0.336,-0.517
15,36,11,7.8926e+05,0.163,-0.271
15,36,11,7.893e+05,0.518,0.214
15,36,11,7.8934e+05,0.764,-0.059
15,36,11,7.8937e+05,0.859,-0.388
15,36,11,7.8941e+05,0.644,-0.684
15,36,11,7.8945e+05,0.134,-0.451
15,36,11,7.8949e+05,0.251,0.116
15,36,11,7.8953e+05,0.09,-0.06
15,36,11,7.8957e+05,-0.49,0.866
15,36,11,7.8961e+05,-0.27,0.112
15,36,11,7.8965e+05,-0.107,-0.103
15,36,11,7.8969e+05,0.043,0.17
15,36,11,7.8973e+05,0.129,-0.216
15,36,11,7.8976e+05,0.419,-0.494
15,36,11,7.898e+05,0.219,-0.816
15,36,11,7.8984e+05,0.187,-0.155
15,36,11,7.8988e+05,0.296,0.251
15,36,11,7.8992e+05,0.39,0.349
15,36,11,7.8996e+05,0.118,0.431
15,36,11,7.9e+05,-0.116,-0.077
15,36,11,7.9004e+05,0.148,-0.176
15,36,11,7.9008e+05,-0.067,0.007
15,36,11,7.9012e+05,-0.156,-0.404
15,36,11,7.9016e+05,-0.482,0.448
15,36,11,7.902e+05,-0.566,0.385
15,36,11,7.9023e+05,-0.759,-0.173
15,36,11,7.9027e+05,-0.41,0.438
15,36,11,7.9031e+05,-0.196,0.572
15,36,11,7.9035e+05,0.007,0.168
15,36,11,7.9039e+05,-0.096,-0.527
15,36,11,7.9043e+05,0.248,-0.315
15,36,11,7.9047e+05,0.233,-0.782
15,36,11,7.9051e+05,0.063,0.639
15,36,11,7.9055e+05,0.295,0.731
15,36,11,7.9058e+05,0.571,-0.451
15,36,11,7.9062e+05,0.327,0.565
15,36,11,7.9066e+05,0.091,-0.192
15,36,11,7.907e+05,0.022,-0.361
15,36,11,7.9074e+05,0.199,0.436
15,36,11,7.9078e+05,-0.148,0.153
15,36,11,7.9082e+05,-0.373,0.366
15,36,11,7.9086e+05,0.003,0.003
15,36,11,7.909e+05,-0.005,-0.2
15,36,11,7.9094e+05,-0.397,0.343
15,36,11,7.9098e+05,-0.404,0.067
15,36,11,7.9102e+05,-0.277,-0.116
15,36,11,7.9105e+05,-0.062,0.629
15,36,11,7.9109e+05,-0.234,0.539
15,36,11,7.9113e+05,0.225,-0.377
15,36,11,7.9117e+05,-0.057,0.002
15,36,11,7.9121e+05,0.039,0.127
15,36,11,7.9125e+05,0.245,-0.078
15,36,11,7.9129e+05,-0.051,0.23
15,36,11,7.9133e+05,-0.145,0.713
15,36,11,7.9137e+05,0.057,0.795
15,36,11,7.9141e+05,0.206,0.344
15,36,11,7.9144e+05,0.13,-0.305
15,36,11,7.9148e+05,-0.014,0.173
15,36,11,7.9152e+05,0.059,-0.018
15,36,11,7.9156e+05,-0.25,-0.41
15,36,11,7.916e+05,-0.155,0.128
15,36,11,7.9164e+05,-0.515,0.092
15,36,11,7.9168e+05,-0.505,0.228
15,36,11,7.9172e+05,-0.279,0.271
15,36,11,7.9176e+05,-0.717,0.275
15,36,11,7.918e+05,-0.424,0.17
15,36,11,7.9184e+05,-0.218,0.145
15,36,11,7.9187e+05,-0.224,0.42
15,36,11,7.9191e+05,-0.117,0.135
15,36,11,7.9195e+05,0.081,0.241
15,36,11,7.9199e+05,0.105,0.268
15,36,11,7.9203e+05,0.056,-0.246
15,36,11,7.9207e+05,-0.027,0.331
15,36,11,7.9211e+05,0.072,0.221
15,36,11,7.9215e+05,-0.072,0.04
15,36,11,7.9219e+05,-0.172,0.192
15,36,11,7.9223e+05,0.184,-0.508
15,36,11,7.9226e+05,-0.146,-0.235
15,36,11,7.923e+05,-0.009,0.209
15,36,11,7.9234e+05,-0.365,-0.156
15,36,11,7.9238e+05,-0.34,0.007
15,36,11,7.9242e+05,-0.472,-0.442
15,36,11,7.9246e+05,-0.364,0.928
15,36,11,7.925e+05,-0.097,-0.278
15,36,11,7.9254e+05,-0.076,-0.053
15,36,11,7.9258e+05,0.064,0.602
15,36,11,7.9262e+05,-0.114,-0.483
15,36,11,7.9266e+05,-0.19,-0.076
15,36,11,7.927e+05,-0.246,0.123
15,36,11,7.9273e+05,-0.098,0.453
15,36,11,7.9277e+05,-0.194,0.316
15,36,11,7.9281e+05,-0.023,0.317
15,36,11,7.9285e+05,0.043,-0.131
15,36,11,7.9289e+05,0.097,-0.096
15,36,11,7.9293e+05,-0.022,-0.081
15,36,11,7.9297e+05,-0.283,-0.144
15,36,11,7.9301e+05,-0.569,0.232
15,36,11,7.9305e+05,-0.533,0.19
15,36,11,7.9308e+05,-0.146,-0.272
15,36,11,7.9312e+05,-0.281,0.399
15,36,11,7.9316e+05,0.011,-0.433
15,36,11,7.932e+05,0.225,-0.578
15,36,11,7.9324e+05,-0.413,0.02
15,36,11,7.9328e+05,-0.32,0.154
15,36,11,7.9332e+05,-0.099,0.304
15,36,11,7.9336e+05,-0.148,0.031
15,36,11,7.934e+05,-0.314,0.228
15,36,11,7.9344e+05,-0.318,0.43
15,36,11,7.9348e+05,-0.236,-0.926
15,36,11,7.9352e+05,-0.608,0.397
15,36,11,7.9355e+05,-0.437,0.05
15,36,11,7.9359e+05,-0.302,-0.68
15,36,11,7.9363e+05,-0.092,0.37
15,36,11,7.9367e+05,-0.195,-0.014
15,36,11,7.9371e+05,0.133,0.027
15,36,11,7.9375e+05,0.05,-0.068
15,36,11,7.9379e+05,0.007,-0.071
15,36,11,7.9383e+05,-0.183,0.047
15,36,11,7.9387e+05,0.325,-0.031
15,36,11,7.9391e+05,0.054,0.179
15,36,11,7.9394e+05,0.133,-0.192
15,36,11,7.9398e+05,-0.68,0.35
15,36,11,7.9402e+05,-0.253,-0.122
15,36,11,7.9406e+05,-0.531,0.033
15,36,11,7.941e+05,0.279,1.207
15,36,11,7.9414e+05,-0.174,-0.67
15,36,11,7.9418e+05,0.047,-0.456
15,36,11,7.9422e+05,-0.438,-0.047
15,36,11,7.9426e+05,-0.516,-0.686
15,36,11,7.943e+05,-0.132,0.039
15,36,11,7.9434e+05,-0.144,0.257
15,36,11,7.9437e+05,-0.088,-0.08
15,36,11,7.9441e+05,0.241,0.355
15,36,11,7.9445e+05,0.464,-0.668
15,36,11,7.9449e+05,0.427,-0.337
15,36,11,7.9453e+05,0.203,0.329
15,36,11,7.9457e+05,0.01,-0.478
15,36,11,7.9461e+05,0.024,-0.53
15,36,11,7.9465e+05,-0.143,0.477
15,36,11,7.9469e+05,0.09,-0.157
15,36,11,7.9473e+05,-0.002,0.168
15,36,11,7.9476e+05,-0.046,0.419
15,36,11,7.948e+05,-0.348,-0.509
15,36,11,7.9484e+05,-0.041,-0.082
15,36,11,7.9488e+05,-0.097,0.389
15,36,11,7.9492e+05,0.213,-0.334
15,36,11,7.9496e+05,0.018,-0.041
15,36,11,7.95e+05,0.131,-0.44
15,36,11,7.9504e+05,-0.081,-1.05
15,36,11,7.9508e+05,-0.489,0.959
15,36,11,7.9512e+05,-0.355,0.019
15,36,11,7.9516e+05,0.042,-0.012
15,36,11,7.952e+05,-0.041,0.239
15,36,11,7.9523e+05,0.039,-0.285
15,36,11,7.9527e+05,0.113,-0.043
15,36,11,7.9531e+05,0.468,-0.443
15,36,11,7.9535e+05,0.075,-0.064
15,36,11,7.9539e+05,-0.005,0.497
15,36,11,7.9543e+05,0.386,-0.277
15,36,11,7.9547e+05,0.505,-0.269
15,36,11,7.9551e+05,0.435,0.046
15,36,11,7.9555e+05,0.16,0.333
15,36,11,7.9558e+05,0.5,-0.355
15,36,11,7.9562e+05,0.052,0.172
15,36,11,7.9566e+05,0.257,0.129
15,36,11,7.957e+05,-0.11,-0.114
15,36,11,7.9574e+05,-0.055,0.141
15,36,11,7.9578e+05,-0.679,-0.354
15,36,11,7.9582e+05,0.066,0.626
15,36,11,7.9586e+05,-0.264,-0.008
15,36,11,7.959e+05,-0.2,0.113
15,36,11,7.9594e+05,-0.271,0.34
15,36,11,7.9598e+05,0.006,-0.573
15,36,11,7.9602e+05,-0.016,-0.411
15,36,11,7.9605e+05,0.122,0.478
15,36,11,7.9609e+05,0.087,-0.429
15,36,11,7.9613e+05,0.383,0.025
15,36,11,7.9617e+05,0.167,-0.409
15,36,11,7.9621e+05,-0.078,-0.254
15,36,11,7.9625e+05,0.017,0.918
15,36,11,7.9629e+05,0.056,-0.048
15,36,11,7.9633e+05,-0.03,0.151
15,36,11,7.9637e+05,-0.002,-0.195
15,36,11,7.9641e+05,-0.285,0.478
15,36,11,7.9644e+05,0.017,-0.094
15,36,11,7.9648e+05,-0.034,-0.487
15,36,11,7.9652e+05,0.036,0.52
15,36,11,7.9656e+05,-0.028,0.3
15,36,11,7.966e+05,0.163,0.525
15,36,11,7.9664e+05,0.238,-0.274
15,36,11,7.9668e+05,-0.032,-0.178
15,36,11,7.9672e+05,0.027,0.378
15,36,11,7.9676e+05,0.219,-0.567
15,36,11,7.968e+05,0.375,0.194
15,36,11,7.9684e+05,0.121,-0.357
15,36,11,7.9687e+05,-0.492,-0.311
15,36,11,7.9691e+05,-0.477,0.734
15,36,11,7.9695e+05,-0.221,-0.078
15,36,11,7.9699e+05,-0.324,-0.332
15,36,11,7.9703e+05,-0.257,1.049
15,36,11,7.9707e+05,0.425,-0.397
15,36,11,7.9711e+05,0.109,0.076
15,36,11,7.9715e+05,0.174,-0.151
15,36,11,7.9719e+05,0.247,-0.596
15,36,11,7.9723e+05,0.45,0.879
15,36,11,7.9726e+05,0.218,0.34
15,36,11,7.973e+05,0.483,0.511
15,36,11,7.9734e+05,0.163,-0.018
15,36,11,7.9738e+05,0.132,-0.64
15,36,11,7.9742e+05,-0.376,0.03
15,36,11,7.9746e+05,-0.28,-0.15
15,36,11,7.975e+05,-0.297,-0.061
15,36,11,7.9754e+05,-0.208,0.269
15,36,11,7.9758e+05,-0.245,0.376
15,36,11,7.9762e+05,-0.137,-0.404
15,36,11,7.9766e+05,-0.074,-0.6
15,36,11,7.977e+05,0.004,0.733
15,36,11,7.9773e+05,-0.122,-0.402
15,36,11,7.9777e+05,0.336,-0.192
15,36,11,7.9781e+05,0.342,-0.343
15,36,11,7.9785e+05,-0.295,-0.358
15,36,11,7.9789e+05,-0.081,0.182
15,36,11,7.9793e+05,-0.059,0.226
15,36,11,7.9797e+05,0.087,0.404
15,36,11,7.9801e+05,-0.441,0.364
15,36,11,7.9805e+05,-0.115,-0.029
15,36,11,7.9808e+05,-0.2,0.358
15,36,11,7.9812e+05,0.231,0.049
15,36,11,7.9816e+05,-0.263,-0.027
15,36,11,7.982e+05,0.236,0.397
15,36,11,7.9824e+05,0.007,-0.25
15,36,11,7.9828e+05,0.234,0.346
15,36,11,7.9832e+05,0.206,0.009
15,36,11,7.9836e+05,0.294,0.006
15,36,11,7.984e+05,-0.225,-0.026
15,36,11,7.9844e+05,-0.23,-0.037
15,36,11,7.9848e+05,-0.483,-0.152
15,36,11,7.9852e+05,-0.21,0.403
15,36,11,7.9855e+05,-0.437,0.307
15,36,11,7.9859e+05,-0.13,-0.538
15,36,11,7.9863e+05,0.115,0.081
15,36,11,7.9867e+05,0.286,-0.436
15,36,11,7.9871e+05,0.069,0.423
15,36,11,7.9875e+05,-0.104,0.009
15,36,11,7.9879e+05,0.153,-0.524
15,36,11,7.9883e+05,0.407,0.181
15,36,11,7.9887e+05,0.015,0.54
15,36,11,7.9891e+05,0.141,0.73
15,36,11,7.9894e+05,0.159,-0.235
15,36,11,7.9898e+05,0.123,-0.019
15,36,11,7.9902e+05,-0.494,0.597
15,36,11,7.9906e+05,-0.476,0.084
15,36,11,7.991e+05,-0.271,0.416
15,36,11,7.9914e+05,0.042,0.124
15,36,11,7.9918e+05,-0.522,-0.314
15,36,11,7.9922e+05,-0.284,-0.033
15,36,11,7.9926e+05,-0.022,-0.81
15,36,11,7.993e+05,0.083,-0.047
15,36,11,7.9934e+05,0.039,-0.148
15,36,11,7.9937e+05,0.029,-0.214
15,36,11,7.9941e+05,0.02,-0.425
15,36,11,7.9945e+05,-0.2,0.272
15,36,11,7.9949e+05,0.489,0.495
15,36,11,7.9953e+05,0.122,-0.241
15,36,11,7.9957e+05,0.121,0.608
15,36,11,7.9961e+05,0.233,0.102
15,36,11,7.9965e+05,0.042,0.026
15,36,11,7.9969e+05,-0.285,0.535
15,36,11,7.9973e+05,0.022,0.232
15,36,11,7.9976e+05,0.006,1.054
15,36,11,7.998e+05,0.061,-0.102
15,36,11,7.9984e+05,-0.3,-0.872
15,36,11,7.9988e+05,-0.173,-0.176
15,36,11,7.9992e+05,-0.287,-0.259
15,36,11,7.9996e+05,-0.029,0.029
15,36,11,8e+05,-0.009,0.062
15,36,11,8.0004e+05,-0.152,-0.04
15,36,11,8.0008e+05,0.071,-0.435
15,36,11,8.0012e+05,0.02,-0.127
15,36,11,8.0016e+05,0.125,0.175
15,36,11,8.002e+05,-0.035,0.144
15,36,11,8.0023e+05,-0.199,0.542
15,36,11,8.0027e+05,-0.031,-0.78
15,36,11,8.0031e+05,0.221,-0.027
15,36,11,8.0035e+05,0.172,0.642
15,36,11,8.0039e+05,-0.111,0.359
15,36,11,8.0043e+05,0.534,-0.047
15,36,11,8.0047e+05,0.212,-0.205
15,36,11,8.0051e+05,0.314,-0.499
15,36,11,8.0055e+05,-0.19,0.406
15,36,11,8.0058e+05,0.242,-0.372
15,36,11,8.0062e+05,-0.227,-0.029
15,36,11,8.0066e+05,0.197,0.413
15,36,11,8.007e+05,-0.31,-0.209
15,36,11,8.0074e+05,0.445,0.426
15,36,11,8.0078e+05,-0.386,-0.306
15,36,11,8.0082e+05,-0.265,0.054
15,36,11,8.0086e+05,-0.138,-0.179
15,36,11,8.009e+05,0.129,0.027
15,36,11,8.0094e+05,0.028,0.092
15,36,11,8.0098e+05,0.269,-0.091
15,36,11,8.0102e+05,0.566,-0.692
15,36,11,8.0105e+05,0.282,-0.198
15,36,11,8.0109e+05,0.269,0.086
15,36,11,8.0113e+05,-0.006,-0.023
15,36,11,8.0117e+05,0.461,0.158
15,36,11,8.0121e+05,-0.082,-0.128
15,36,11,8.0125e+05,0.115,0.154
15,36,11,8.0129e+05,0.234,-0.148
15,36,11,8.0133e+05,0.01,0.412
15,36,11,8.0137e+05,0.124,0.264
15,36,11,8.0141e+05,-0.199,0.206
15,36,11,8.0144e+05,-0.221,-0.278
15,36,11,8.0148e+05,-0.04,0.257
15,36,11,8.0152e+05,0.435,0.223
15,36,11,8.0156e+05,-0.3,-0.069
15,36,11,8.016e+05,0.101,0.01
15,36,11,8.0164e+05,-0.067,-0.558
15,36,11,8.0168e+05,0.486,-0.207
15,36,11,8.0172e+05,-0.126,0.153
15,36,11,8.0176e+05,0.611,-0.235
15,36,11,8.018e+05,0.248,-0.556
15,36,11,8.0184e+05,0.437,-0.662
15,36,11,8.0187e+05,-0.018,-0.281
15,36,11,8.0191e+05,0.389,0.288
15,36,11,8.0195e+05,-0.159,0.276
15,36,11,8.0199e+05,-0.073,0.547
15,36,11,8.0203e+05,-0.056,-0.024
15,36,11,8.0207e+05,0.096,0.442
15,36,11,8.0211e+05,-0.132,0.366
15,36,11,8.0215e+05,-0.053,0.124
15,36,11,8.0219e+05,-0.084,0.226
15,36,11,8.0223e+05,0.256,-0.071
15,36,11,8.0226e+05,-0.022,0.055
15,36,11,8.023e+05,0.518,-0.047
15,36,11,8.0234e+05,0.072,-0.063
15,36,11,8.0238e+05,0.063,0.133
15,36,11,8.0242e+05,0.436,-0.185
15,36,11,8.0246e+05,0.094,0.078
15,36,11,8.025e+05,-0.144,-0.424
15,36,11,8.0254e+05,0.036,0.252
15,36,11,8.0258e+05,0.211,0.036
15,36,11,8.0262e+05,0.069,-0.54
15,36,11,8.0266e+05,-0.216,0.688
15,36,11,8.027e+05,-0.001,-0.154
15,36,11,8.0273e+05,-0.309,0.15
15,36,11,8.0277e+05,-0.319,0.609
15,36,11,8.0281e+05,-0.332,-0.304
15,36,11,8.0285e+05,-0.205,1.33
15,36,11,8.0289e+05,0.203,-0.067
15,36,11,8.0293e+05,0.085,0.034
15,36,11,8.0297e+05,0.269,0.074
15,36,11,8.0301e+05,0.078,-0.584
15,36,11,8.0305e+05,0.049,0.278
15,36,11,8.0308e+05,-0.001,-0.496
15,36,11,8.0312e+05,-0.134,0.716
15,36,11,8.0316e+05,0.054,0.078
15,36,11,8.032e+05,-0.024,-0.594
15,36,11,8.0324e+05,0.33,0.714
15,36,11,8.0328e+05,-0.123,-0.056
15,36,11,8.0332e+05,0.087,-0.232
15,36,11,8.0336e+05,0.273,0.12
15,36,11,8.034e+05,-0.074,0.135
15,36,11,8.0344e+05,-0.09,0.249
15,36,11,8.0348e+05,-0.121,-0.221
15,36,11,8.0352e+05,-0.399,0.446
15,36,11,8.0355e+05,-0.298,1.026
15,36,11,8.0359e+05,-0.009,0.207
15,36,11,8.0363e+05,0.053,-0.199
15,36,11,8.0367e+05,0.117,-0.243
15,36,11,8.0371e+05,-0.206,0.291
15,36,11,8.0375e+05,0.114,-0.081
15,36,11,8.0379e+05,-0.07,-0.473
15,36,11,8.0383e+05,0.026,0.704
15,36,11,8.0387e+05,-0.084,0.436
15,36,11,8.0391e+05,0.088,-0.428
15,36,11,8.0394e+05,-0.052,-0.385
15,36,11,8.0398e+05,0.114,-0.035
15,36,11,8.0402e+05,-0.296,-0.225
15,36,11,8.0406e+05,0.193,0.48
15,36,11,8.041e+05,0.175,0.331
15,36,11,8.0414e+05,0.31,-0.267
15,36,11,8.0418e+05,-0.055,0.594
15,36,11,8.0422e+05,0.283,-0.607
15,36,11,8.0426e+05,0.209,-0.146
15,36,11,8.043e+05,0.002,0.928
15,36,11,8.0434e+05,-0.079,-0.348
15,36,11,8.0437e+05,-0.322,-0.205
15,36,11,8.0441e+05,-0.17,0.182
15,36,11,8.0445e+05,-0.237,0.403
15,36,11,8.0449e+05,0.13,0.309
15,36,11,8.0453e+05,0.063,-0.135
15,36,11,8.0457e+05,-0.219,0.423
15,36,11,8.0461e+05,0.447,-0.21
15,36,11,8.0465e+05,0.393,-0.423
15,36,11,8.0469e+05,0.145,0.146
15,36,11,8.0473e+05,0.187,0.228
15,36,11,8.0476e+05,0.579,-0.25
15,36,11,8.048e+05,0.505,-0.082
15,36,11,8.0484e+05,0.08,0.921
15,36,11,8.0488e+05,0.262,-0.4
15,36,11,8.0492e+05,0.18,-0.097
15,36,11,8.0496e+05,-0.246,0.325
15,36,11,8.05e+05,-0.474,0.333
15,36,11,8.0504e+05,-0.068,0.154
15,36,11,8.0508e+05,-0.292,0.307
15,36,11,8.0512e+05,-0.314,0.44
15,36,11,8.0516e+05,-0.072,0.051
15,36,11,8.052e+05,0.312,-0.008
15,36,11,8.0523e+05,0.584,0.269
15,36,11,8.0527e+05,0.084,0.534
15,36,11,8.0531e+05,0.533,-0.634
15,36,11,8.0535e+05,1.038,-1.538
15,36,11,8.0539e+05,0.404,-0.001
15,36,11,8.0543e+05,-0.216,0.364
15,36,11,8.0547e+05,-0.392,-0.646
15,36,11,8.0551e+05,-0.175,0.599
15,36,11,8.0555e+05,-0.611,0.232
15,36,11,8.0558e+05,-0.433,1.078
15,36,11,8.0562e+05,0.268,-0.079
15,36,11,8.0566e+05,-0.005,-0.874
15,36,11,8.057e+05,-0.45,0.307
15,36,11,8.0574e+05,-0.504,-0.128
15,36,11,8.0578e+05,0.006,0.495
15,36,11,8.0582e+05,0.3,0.445
15,36,11,8.0586e+05,0.307,0.841
15,36,11,8.059e+05,0.76,0.228
15,36,11,8.0594e+05,0.553,-0.349
15,36,11,8.0598e+05,0.149,-0.001
15,36,11,8.0602e+05,0.471,0.206
15,36,11,8.0605e+05,0.631,-0.143
15,36,11,8.0609e+05,0.37,0.204
15,36,11,8.0613e+05,0.705,-0.561
15,36,11,8.0617e+05,0.217,-0.331
15,36,11,8.0621e+05,0.331,-0.24
15,36,11,8.0625e+05,0.032,0.02
15,36,11,8.0629e+05,0.102,0.943
15,36,11,8.0633e+05,-0.443,0.044
15,36,11,8.0637e+05,-0.239,0.277
15,36,11,8.0641e+05,-0.351,0.104
15,36,11,8.0644e+05,0.018,-0.286
15,36,11,8.0648e+05,-0.302,-0.196
15,36,11,8.0652e+05,-0.459,-0.194
15,36,11,8.0656e+05,-0.732,-0.436
15,36,11,8.066e+05,-0.252,0.067
15,36,11,8.0664e+05,-0.346,0.074
15,36,11,8.0668e+05,-0.09,0.621
15,36,11,8.0672e+05,-0.009,-0.114
15,36,11,8.0676e+05,0.223,0.051
15,36,11,8.068e+05,0.205,-0.295
15,36,11,8.0684e+05,-0.206,-0.494
15,36,11,8.0687e+05,-0.573,0.356
15,36,11,8.0691e+05,-0.488,0.113
15,36,11,8.0695e+05,-0.606,-0.043
15,36,11,8.0699e+05,-0.301,-0.019
15,36,11,8.0703e+05,-0.046,-0.601
15,36,11,8.0707e+05,0.041,0.099
15,36,11,8.0711e+05,0.33,0.015
15,36,11,8.0715e+05,0.229,-0.508
15,36,11,8.0719e+05,0.405,0.495
15,36,11,8.0723e+05,1.062,0.007
15,36,11,8.0726e+05,0.99,-0.345
15,36,11,8.073e+05,0.709,-0.283
15,36,11,8.0734e+05,0.402,-0.599
15,36,11,8.0738e+05,0.374,-0.326
15,36,11,8.0742e+05,-0.27,-0.254
15,36,11,8.0746e+05,-0.295,0.864
15,36,11,8.075e+05,-0.134,0.524
15,36,11,8.0754e+05,0.261,-0.085
15,36,11,8.0758e+05,0.016,0.072
15,36,11,8.0762e+05,-0.039,-0.645
15,36,11,8.0766e+05,0.06,-0.074
15,36,11,8.077e+05,0.045,-0.237
15,36,11,8.0773e+05,-0.309,-0.091
15,36,11,8.0777e+05,0.252,0.662
15,36,11,8.0781e+05,0.794,-0.086
15,36,11,8.0785e+05,0.788,0.08
15,36,11,8.0789e+05,0.36,-0.296
15,36,11,8.0793e+05,0.571,-0.533
15,36,11,8.0797e+05,-0.442,0.054
15,36,11,8.0801e+05,-0.902,0.731
15,36,11,8.0805e+05,-1.054,0.493
15,36,11,8.0808e+05,-0.687,0.275
15,36,11,8.0812e+05,-0.917,0.727
15,36,11,8.0816e+05,-0.645,0.01
15,36,11,8.082e+05,0.067,-0.377
15,36,11,8.0824e+05,0.344,-0.076
15,36,11,8.0828e+05,0.747,-0.312
15,36,11,8.0832e+05,0.776,-0.027
15,36,11,8.0836e+05,0.809,-0.361
15,36,11,8.084e+05,0.495,-0.05
15,36,11,8.0844e+05,0.264,-0.043
15,36,11,8.0848e+05,-0.124,0.124
15,36,11,8.0852e+05,-0.14,0.798
15,36,11,8.0855e+05,-0.372,0.719
15,36,11,8.0859e+05,-0.217,0.383
15,36,11,8.0863e+05,-0.238,0.673
15,36,11,8.0867e+05,-0.004,0.232
15,36,11,8.0871e+05,0.423,0.068
15,36,11,8.0875e+05,0.526,0.351
15,36,11,8.0879e+05,0.357,-0.029
15,36,11,8.0883e+05,0.273,0.176
15,36,11,8.0887e+05,0.486,-0.445
15,36,11,8.0891e+05,0.106,0.248
15,36,11,8.0894e+05,-0.08,-0.139
15,36,11,8.0898e+05,-0.192,-0.341
15,36,11,8.0902e+05,-0.426,0.662
15,36,11,8.0906e+05,-0.661,-0.175
15,36,11,8.091e+05,-0.554,0.719
15,36,11,8.0914e+05,-0.609,0.044
15,36,11,8.0918e+05,-0.268,0.047
15,36,11,8.0922e+05,-0.252,0.354
15,36,11,8.0926e+05,-0.262,-0.495
15,36,11,8.093e+05,0.051,-0.006
15,36,11,8.0934e+05,0.15,-0.167
15,36,11,8.0937e+05,0.146,-0.13
15,36,11,8.0941e+05,-0.068,0.653
15,36,11,8.0945e+05,0.24,-0.33
15,36,11,8.0949e+05,0.033,0.021
15,36,11,8.0953e+05,-0.39,-0.147
15,36,11,8.0957e+05,-0.385,-0.412
15,36,11,8.0961e+05,-0.378,0.403
15,36,11,8.0965e+05,-0.573,0.101
15,36,11,8.0969e+05,-0.423,0.239
15,36,11,8.0973e+05,-0.362,0.224
15,36,11,8.0976e+05,-0.24,-0.37
15,36,11,8.098e+05,-0.032,0.256
15,36,11,8.0984e+05,0.457,0.032
15,36,11,8.0988e+05,0.207,0.057
15,36,11,8.0992e+05,0.118,0.1
15,36,11,8.0996e+05,0.112,-0.264
15,36,11,8.1e+05,0.168,-0.125
15,36,11,8.1004e+05,-0.436,0.245
15,36,11,8.1008e+05,-0.128,0.662
15,36,11,8.1012e+05,-0.524,-0.187
15,36,11,8.1016e+05,-0.281,0.301
15,36,11,8.102e+05,-0.292,0.304
15,36,11,8.1023e+05,-0.472,-0.127
15,36,11,8.1027e+05,-0.126,-0.397
15,36,11,8.1031e+05,-0.312,0.218
15,36,11,8.1035e+05,0.237,-0.292
15,36,11,8.1039e+05,-0.32,-0.029
15,36,11,8.1043e+05,0.157,0.38
15,36,11,8.1047e+05,-0.365,-0.705
15,36,11,8.1051e+05,-0.022,0.685
15,36,11,8.1055e+05,-0.18,0.301
15,36,11,8.1058e+05,-0.236,-0.077
15,36,11,8.1062e+05,-0.089,0.347
15,36,11,8.1066e+05,-0.187,0.385
15,36,11,8.107e+05,-0.016,-0.433
15,36,11,8.1074e+05,0.019,0.214
15,36,11,8.1078e+05,0.033,0.361
15,36,11,8.1082e+05,-0.056,-0.113
15,36,11,8.1086e+05,0.09,0.098
15,36,11,8.109e+05,-0.133,-0.323
15,36,11,8.1094e+05,0.17,-0.23
15,36,11,8.1098e+05,-0.067,0.266
15,36,11,8.1102e+05,0.156,-0.227
15,36,11,8.1105e+05,-0.326,-0.138
15,36,11,8.1109e+05,-0.098,0.337
15,36,11,8.1113e+05,-0.364,-0.123
15,36,11,8.1117e+05,-0.06,0.25
15,36,11,8.1121e+05,-0.069,0.031
15,36,11,8.1125e+05,0.099,0.159
15,36,11,8.1129e+05,-0.44,-0.142
15,36,11,8.1133e+05,-0.228,0.19
15,36,11,8.1137e+05,0.04,0.099
15,36,11,8.1141e+05,0.021,0.832
15,36,11,8.1144e+05,-0.126,0.429
15,36,11,8.1148e+05,0.047,-0.214
15,36,11,8.1152e+05,0.203,-0.484
15,36,11,8.1156e+05,-0.133,-0.1
15,36,11,8.116e+05,-0.216,0.03
15,36,11,8.1164e+05,0.083,0.121
15,36,11,8.1168e+05,0.065,-0.642
15,36,11,8.1172e+05,-0.186,0.354
15,36,11,8.1176e+05,0.344,-0.308
15,36,11,8.118e+05,-0.107,-0.001
15,36,11,8.1184e+05,0.416,0.571
15,36,11,8.1187e+05,-0.305,-0
15,36,11,8.1191e+05,0.584,0.065
15,36,11,8.1195e+05,0.038,-0.708
15,36,11,8.1199e+05,0.03,-0.224
15,36,11,8.1203e+05,-0.477,0.057
15,36,11,8.1207e+05,0.017,0.56
15,36,11,8.1211e+05,-0.215,-0.572
15,36,11,8.1215e+05,-0.086,0.643
15,36,11,8.1219e+05,0.166,-0.207
15,36,11,8.1223e+05,-0.127,-0.509
15,36,11,8.1226e+05,-0.115,0.033
15,36,11,8.123e+05,-0.124,-0.12
15,36,11,8.1234e+05,0.239,0.087
15,36,11,8.1238e+05,0.163,-1.038
15,36,11,8.1242e+05,0.017,-0.236
15,36,11,8.1246e+05,-0.201,0.152
15,36,11,8.125e+05,-0.269,-0.345
15,36,11,8.1254e+05,-0.157,0.521
15,36,11,8.1258e+05,0.114,0.437
15,36,11,8.1262e+05,0.133,0.124
15,36,11,8.1266e+05,0.327,0.005
15,36,11,8.127e+05,0.113,-0.712
15,36,11,8.1273e+05,0.004,0.499
15,36,11,8.1277e+05,0.299,-0.318
15,36,11,8.1281e+05,0.163,0.223
15,36,11,8.1285e+05,0.037,0.326
15,36,11,8.1289e+05,0.324,-0.816
15,36,11,8.1293e+05,0.221,0.234
15,36,11,8.1297e+05,0.015,-0.187
15,36,11,8.1301e+05,-0.017,-0.513
15,36,11,8.1305e+05,-0.224,0.617
15,36,11,8.1308e+05,0.052,-0.474
15,36,11,8.1312e+05,-0.188,-0.071
15,36,11,8.1316e+05,0.385,0.04
15,36,11,8.132e+05,-0.06,0.279
15,36,11,8.1324e+05,0.392,-0.198
15,36,11,8.1328e+05,0.295,-0.071
15,36,11,8.1332e+05,0.494,0.212
15,36,11,8.1336e+05,-0.056,0.108
15,36,11,8.134e+05,0.584,0.42
15,36,11,8.1344e+05,0.136,-0.358
15,36,11,8.1348e+05,0.574,0.351
15,36,11,8.1352e+05,0.007,-0.025
15,36,11,8.1355e+05,0.105,-0.18
15,36,11,8.1359e+05,-0.174,0.062
15,36,11,8.1363e+05,-0.091,0.325
15,36,11,8.1367e+05,-0.086,-0.376
15,36,11,8.1371e+05,-0.012,0.465
15,36,11,8.1375e+05,-0.31,-0.118
15,36,11,8.1379e+05,-0.263,0.158
15,36,11,8.1383e+05,0.125,0.133
15,36,11,8.1387e+05,0.012,-0.703
15,36,11,8.1391e+05,0.26,0.846
15,36,11,8.1394e+05,0.377,-0.095
15,36,11,8.1398e+05,0.451,0.034
15,36,11,8.1402e+05,0.001,0.445
15,36,11,8.1406e+05,0.15,-0.34
15,36,11,8.141e+05,-0.055,0.045
15,36,11,8.1414e+05,-0.225,0.294
15,36,11,8.1418e+05,0.217,0.27
15,36,11,8.1422e+05,0.104,-0.324
15,36,11,8.1426e+05,0.425,-0.2
15,36,11,8.143e+05,0.012,-0.263
15,36,11,8.1434e+05,0.482,-0.253
15,36,11,8.1437e+05,0.298,-0.256
15,36,11,8.1441e+05,-0.151,0.195
15,36,11,8.1445e+05,-0.078,-0.193
15,36,11,8.1449e+05,0.103,-0.073
15,36,11,8.1453e+05,-0.15,0.372
15,36,11,8.1457e+05,-0.387,0.695
15,36,11,8.1461e+05,-0.159,0.488
15,36,11,8.1465e+05,-0.071,-0.613
15,36,11,8.1469e+05,-0.31,1.242
15,36,11,8.1473e+05,-0.016,0.462
15,36,11,8.1476e+05,0.463,-1.15
15,36,11,8.148e+05,0.446,0.067
15,36,11,8.1484e+05,0.059,-0.025
15,36,11,8.1488e+05,0.113,-0.004
15,36,11,8.1492e+05,0.171,-0.317
15,36,11,8.1496e+05,0.347,0.102
15,36,11,8.15e+05,0.034,0.386
15,36,11,8.1504e+05,-0.021,0.014
15,36,11,8.1508e+05,0.114,-0.486
15,36,11,8.1512e+05,0.023,-0.926
15,36,11,8.1516e+05,-0.317,0.499
15,36,11,8.152e+05,-0.313,0.701
15,36,11,8.1523e+05,0.048,-0.502
15,36,11,8.1527e+05,-0.432,0.578
15,36,11,8.1531e+05,0.016,0.513
15,36,11,8.1535e+05,-0.234,-0.184
15,36,11,8.1539e+05,0.027,0.693
15,36,11,8.1543e+05,-0.466,-0.448
15,36,11,8.1547e+05,-0.058,0.471
15,36,11,8.1551e+05,0.051,0.007
15,36,11,8.1555e+05,0.428,-0.663
15,36,11,8.1558e+05,0.283,0.861
15,36,11,8.1562e+05,0.347,-0.084
15,36,11,8.1566e+05,-0.09,-0.742
15,36,11,8.157e+05,-0.025,0.528
15,36,11,8.1574e+05,-0.059,0.535
15,36,11,8.1578e+05,0.012,-0.118
15,36,11,8.1582e+05,-0.094,0.105
15,36,11,8.1586e+05,0.126,-0.255
15,36,11,8.159e+05,-0.401,-0.216
15,36,11,8.1594e+05,-0.266,0.447
15,36,11,8.1598e+05,-0.185,0.258
15,36,11,8.1602e+05,0.114,0.715
15,36,11,8.1605e+05,0.297,0.09
15,36,11,8.1609e+05,0.384,-0.254
15,36,11,8.1613e+05,0.208,-0.415
15,36,11,8.1617e+05,0.145,-0.232
15,36,11,8.1621e+05,-0.522,0.313
15,36,11,8.1625e+05,0.009,0.353
15,36,11,8.1629e+05,0.121,0.647
15,36,11,8.1633e+05,-0.056,0.049
15,36,11,8.1637e+05,0.243,-0.144
15,36,11,8.1641e+05,0.162,-0.206
15,36,11,8.1644e+05,-0.054,-0.728
15,36,11,8.1648e+05,-0.23,0.124
15,36,11,8.1652e+05,0.309,0.641
15,36,11,8.1656e+05,0.38,-0.606
15,36,11,8.166e+05,-0.373,0.424
15,36,11,8.1664e+05,0.051,0.468
15,36,11,8.1668e+05,0.049,-0.295
15,36,11,8.1672e+05,0.16,0.241
15,36,11,8.1676e+05,-0.125,0.165
15,36,11,8.168e+05,0.235,-0.135
15,36,11,8.1684e+05,0.084,-0.572
15,36,11,8.1687e+05,-0.286,0.073
15,36,11,8.1691e+05,-0.104,0.261
15,36,11,8.1695e+05,-0.038,0.666
15,36,11,8.1699e+05,-0.019,0.224
15,36,11,8.1703e+05,-0.126,-0.193
15,36,11,8.1707e+05,0.139,0.1
15,36,11,8.1711e+05,-0.063,-0.565
15,36,11,8.1715e+05,-0.025,0.579
15,36,11,8.1719e+05,0.045,0.047
15,36,11,8.1723e+05,0.074,-0.348
15,36,11,8.1726e+05,0.051,0.207
15,36,11,8.173e+05,0.255,0.3
15,36,11,8.1734e+05,0.201,0.116
15,36,11,8.1738e+05,0.096,0.291
15,36,11,8.1742e+05,-0.035,0.036
15,36,11,8.1746e+05,-0.221,-0.372
15,36,11,8.175e+05,0.086,-0.141
15,36,11,8.1754e+05,-0.375,0.495
15,36,11,8.1758e+05,0.244,0.011
15,36,11,8.1762e+05,0.15,0.16
15,36,11,8.1766e+05,0.277,0.401
15,36,11,8.177e+05,0.016,-0.657
15,36,11,8.1773e+05,0.243,0.209
15,36,11,8.1777e+05,0.057,0.333
15,36,11,8.1781e+05,0.347,-0.148
15,36,11,8.1785e+05,0.48,0.279
15,36,11,8.1789e+05,0.688,-0.235
15,36,11,8.1793e+05,0.518,-0.136
15,36,11,8.1797e+05,0.278,-0.201
15,36,11,8.1801e+05,-0.065,0.034
15,36,11,8.1805e+05,0.101,0.457
15,36,11,8.1808e+05,-0.27,0.621
15,36,11,8.1812e+05,-0.167,0.317
15,36,11,8.1816e+05,-0.056,-0.503
15,36,11,8.182e+05,-0.214,0.091
15,36,11,8.1824e+05,-0.43,0.179
15,36,11,8.1828e+05,0.045,0.099
15,36,11,8.1832e+05,0.266,-0.326
15,36,11,8.1836e+05,0.192,0.118
15,36,11,8.184e+05,0.136,0.214
15,36,11,8.1844e+05,0.226,-0.63
15,36,11,8.1848e+05,0.404,0.108
15,36,11,8.1852e+05,0.019,0.218
15,36,11,8.1855e+05,0.112,0.287
15,36,11,8.1859e+05,0.43,0.446
15,36,11,8.1863e+05,0.174,-0.841
15,36,11,8.1867e+05,-0.319,0.081
15,36,11,8.1871e+05,0.01,0.69
15,36,11,8.1875e+05,-0.039,-0.215
15,36,11,8.1879e+05,-0.368,0.281
15,36,11,8.1883e+05,-0.027,0.251
15,36,11,8.1887e+05,-0.061,-0.37
15,36,11,8.1891e+05,0.193,0.399
15,36,11,8.1894e+05,-0.027,-0.146
15,36,11,8.1898e+05,0.202,-0.132
15,36,11,8.1902e+05,0.304,0.096
15,36,11,8.1906e+05,0.423,-0.14
15,36,11,8.191e+05,0.569,0.223
15,36,11,8.1914e+05,0.197,0.175
15,36,11,8.1918e+05,0.463,-0.386
15,36,11,8.1922e+05,0.142,0.164
15,36,11,8.1926e+05,0.219,0.402
15,36,11,8.193e+05,-0.287,0.255
15,36,11,8.1934e+05,0.019,-0.052
15,36,11,8.1937e+05,-0.156,0.023
15,36,11,8.1941e+05,-0,0.503
15,36,11,8.1945e+05,0.059,-0.549
15,36,11,8.1949e+05,0.376,0.147
15,36,11,8.1953e+05,0.421,-0.158
15,36,11,8.1957e+05,0.007,0.037
15,36,11,8.1961e+05,0.27,0.293
15,36,11,8.1965e+05,0.472,-0.128
15,36,11,8.1969e+05,-0.078,-0.036
15,36,11,8.1973e+05,-0.547,0.221
15,36,11,8.1976e+05,-0.062,0.388
15,36,11,8.198e+05,0.111,0.348
15,36,11,8.1984e+05,0.098,0.322
15,36,11,8.1988e+05,-0.005,-0.239
15,36,11,8.1992e+05,-0.169,-0.089
15,36,11,8.1996e+05,-0.046,-0.276
15,36,11,8.2e+05,-0.467,0.486
15,36,11,8.2004e+05,0.305,0.334
15,36,11,8.2008e+05,0.018,-0.276
15,36,11,8.2012e+05,0.161,-0.112
15,36,11,8.2016e+05,-0.484,-0.421
15,36,11,8.202e+05,-0.261,-0.275
15,36,11,8.2023e+05,-0.167,0.196
15,36,11,8.2027e+05,0.001,0.762
15,36,11,8.2031e+05,-0.165,0.486
15,36,11,8.2035e+05,0.047,-0.232
15,36,11,8.2039e+05,0.263,-0.364
15,36,11,8.2043e+05,0.272,-0.086
15,36,11,8.2047e+05,0.084,0.368
15,36,11,8.2051e+05,0.428,0.312
15,36,11,8.2055e+05,0.057,-0.412
15,36,11,8.2058e+05,0.347,0.025
15,36,11,8.2062e+05,-0.177,0.423
15,36,11,8.2066e+05,-0.265,0.263
15,36,11,8.207e+05,-0.292,0.578
15,36,11,8.2074e+05,-0.354,0.23
15,36,11,8.2078e+05,-0.221,-0.452
15,36,11,8.2082e+05,0.146,0.373
15,36,11,8.2086e+05,0.054,-0.504
15,36,11,8.209e+05,-0.161,-0.362
15,36,11,8.2094e+05,0.057,0.493
15,36,11,8.2098e+05,0.07,-0.201
15,36,11,8.2102e+05,-0.019,0.838
15,36,11,8.2105e+05,0.105,-0.444
15,36,11,8.2109e+05,-0.247,0.09
15,36,11,8.2113e+05,-0.234,0.454
15,36,11,8.2117e+05,-0.411,0.249
15,36,11,8.2121e+05,-0.207,0.474
15,36,11,8.2125e+05,-0.274,0.58
15,36,11,8.2129e+05,-0.213,0.273
15,36,11,8.2133e+05,-0.396,-0.277
15,36,11,8.2137e+05,-0.024,0.014
15,36,11,8.2141e+05,-0.258,-0.205
15,36,11,8.2144e+05,-0.153,0.97
15,36,11,8.2148e+05,-0.342,0.283
15,36,11,8.2152e+05,-0.44,-0.456
15,36,11,8.2156e+05,-0.523,0.796
15,36,11,8.216e+05,-0.214,0.082
15,36,11,8.2164e+05,-0.119,-0.124
15,36,11,8.2168e+05,-0.318,-0.128
15,36,11,8.2172e+05,-0.268,-0.434
15,36,11,8.2176e+05,-0.205,0.296
15,36,11,8.218e+05,-0.099,0.35
15,36,11,8.2184e+05,-0.135,0.365
15,36,11,8.2187e+05,0.03,0.544
15,36,11,8.2191e+05,0.11,0.385
15,36,11,8.2195e+05,0.261,-0.412
15,36,11,8.2199e+05,-0.421,0.038
15,36,11,8.2203e+05,-0.094,0.916
15,36,11,8.2207e+05,0.27,-0.137
15,36,11,8.2211e+05,0.228,0.27
15,36,11,8.2215e+05,0.097,-0.131
15,36,11,8.2219e+05,-0.342,0.128
15,36,11,8.2223e+05,-0.178,-0.144
15,36,11,8.2226e+05,-0.465,0.063
15,36,11,8.223e+05,-0.072,0.828
15,36,11,8.2234e+05,-0.385,0.095
15,36,11,8.2238e+05,0.153,-0.355
15,36,11,8.2242e+05,-0.25,0.166
15,36,11,8.2246e+05,0.053,0.291
15,36,11,8.225e+05,-0.319,-0.344
15,36,11,8.2254e+05,-0.148,0.436
15,36,11,8.2258e+05,-0.646,0.138
15,36,11,8.2262e+05,-0.565,0.594
15,36,11,8.2266e+05,-0.703,0.603
15,36,11,8.227e+05,-0.42,-0.147
15,36,11,8.2273e+05,-0.729,0.263
15,36,11,8.2277e+05,-0.434,0.005
15,36,11,8.2281e+05,-0.501,-0.645
15,36,11,8.2285e+05,-0.322,0.395
15,36,11,8.2289e+05,-0.374,-0.066
15,36,11,8.2293e+05,-0.337,0.035
15,36,11,8.2297e+05,-0.323,0.551
15,36,11,8.2301e+05,0.131,-0.154
15,36,11,8.2305e+05,0.28,0.02
15,36,11,8.2308e+05,-0.031,0.134
15,36,11,8.2312e+05,-0.113,-0.179
15,36,11,8.2316e+05,0.281,-0.147
15,36,11,8.232e+05,0.323,-0.103
15,36,11,8.2324e+05,0.336,0.387
15,36,11,8.2328e+05,0.127,0.092
15,36,11,8.2332e+05,0.092,-0.383
15,36,11,8.2336e+05,-0.071,0.245
15,36,11,8.234e+05,-0.022,0.048
15,36,11,8.2344e+05,-0.221,0.042
15,36,11,8.2348e+05,-0.065,0.088
15,36,11,8.2352e+05,-0.157,-0.482
15,36,11,8.2355e+05,-0.287,0.078
15,36,11,8.2359e+05,-0.326,0.054
15,36,11,8.2363e+05,-0.347,0.029
15,36,11,8.2367e+05,-0.548,0.41
15,36,11,8.2371e+05,-0.037,-0.495
15,36,11,8.2375e+05,-0.28,0.221
15,36,11,8.2379e+05,-0.035,0.24
15,36,11,8.2383e+05,0.116,-0.068
15,36,11,8.2387e+05,0.222,0.103
15,36,11,8.2391e+05,0.132,-0.521
15,36,11,8.2394e+05,-0.122,0.371
15,36,11,8.2398e+05,-0.13,-0.007
15,36,11,8.2402e+05,0.191,0.002
15,36,11,8.2406e+05,0.026,0.027
15,36,11,8.241e+05,-0.08,-0.201
15,36,11,8.2414e+05,-0.142,-0.283
15,36,11,8.2418e+05,-0.151,-0.235
15,36,11,8.2422e+05,-0.02,0.26
15,36,11,8.2426e+05,-0.356,0.284
15,36,11,8.243e+05,-0.113,-0.111
15,36,11,8.2434e+05,-0.337,-0.015
15,36,11,8.2437e+05,-0.217,0.481
15,36,11,8.2441e+05,-0.191,-0.235
15,36,11,8.2445e+05,-0.128,-0.277
15,36,11,8.2449e+05,-0.344,0.335
15,36,11,8.2453e+05,0.163,0.273
15,36,11,8.2457e+05,0.004,-0.01
15,36,11,8.2461e+05,0.247,0.211
15,36,11,8.2465e+05,0.42,-0.266
15,36,11,8.2469e+05,0.355,-0.364
15,36,11,8.2473e+05,0.577,-0.026
15,36,11,8.2476e+05,0.442,0.024
15,36,11,8.248e+05,0.046,-0.492
15,36,11,8.2484e+05,-0.081,0.095
15,36,11,8.2488e+05,0.041,0.018
15,36,11,8.2492e+05,0.012,0.199
15,36,11,8.2496e+05,-0.219,0.243
15,36,11,8.25e+05,-0.174,-0.261
15,36,11,8.2504e+05,-0.272,0.175
15,36,11,8.2508e+05,-0.251,-0.321
15,36,11,8.2512e+05,-0.184,-0.113
15,36,11,8.2516e+05,-0.227,0.87
15,36,11,8.252e+05,0.26,-0.254
15,36,11,8.2523e+05,0.23,0.089
15,36,11,8.2527e+05,0.308,0.186
15,36,11,8.2531e+05,0.283,-0.659
15,36,11,8.2535e+05,0.254,-0.382
15,36,11,8.2539e+05,-0.052,0.235
15,36,11,8.2543e+05,-0.216,0.29
15,36,11,8.2547e+05,-0.136,0.497
15,36,11,8.2551e+05,0.364,0.351
15,36,11,8.2555e+05,-0.177,-0.11
15,36,11,8.2558e+05,0.097,0.546
15,36,11,8.2562e+05,0.078,-0.5
15,36,11,8.2566e+05,0.117,-0.523
15,36,11,8.257e+05,-0.758,0.302
15,36,11,8.2574e+05,-0.314,0.214
15,36,11,8.2578e+05,-0.172,0.397
15,36,11,8.2582e+05,0.393,0.085
15,36,11,8.2586e+05,0.387,-0.016
15,36,11,8.259e+05,0.624,0.465
15,36,11,8.2594e+05,0.18,-0.387
15,36,11,8.2598e+05,0.278,0.182
15,36,11,8.2602e+05,0.199,-0.331
15,36,11,8.2605e+05,0.014,0.434
15,36,11,8.2609e+05,-0.21,0.208
15,36,11,8.2613e+05,-0.41,-0.017
15,36,11,8.2617e+05,-0.961,0.278
15,36,11,8.2621e+05,-0.932,0.027
15,36,11,8.2625e+05,-0.352,0.181
15,36,11,8.2629e+05,-0.377,0.338
15,36,11,8.2633e+05,0.31,0.101
15,36,11,8.2637e+05,-0.098,-0.607
15,36,11,8.2641e+05,0.32,-0.504
15,36,11,8.2644e+05,0.099,-0.311
15,36,11,8.2648e+05,0.183,0.533
15,36,11,8.2652e+05,0.523,0.481
15,36,11,8.2656e+05,0.203,0.429
15,36,11,8.266e+05,-0.438,0.012
15,36,11,8.2664e+05,-0.503,-0.107
15,36,11,8.2668e+05,-0.61,-0.203
15,36,11,8.2672e+05,-0.1,0.659
15,36,11,8.2676e+05,-0.203,0.87
15,36,11,8.268e+05,-0.104,-0.115
15,36,11,8.2684e+05,0.173,-0.642
15,36,11,8.2687e+05,-0.233,-0.418
15,36,11,8.2691e+05,-0.043,-0.208
15,36,11,8.2695e+05,-0.112,0.586
15,36,11,8.2699e+05,0.33,-0.072
15,36,11,8.2703e+05,-0.261,-0.083
15,36,11,8.2707e+05,0.13,-0.572
15,36,11,8.2711e+05,-0.681,-1.16
15,36,11,8.2715e+05,-0.18,0.551
15,36,11,8.2719e+05,-0.609,0.468
15,36,11,8.2723e+05,-0.267,0.512
15,36,11,8.2726e+05,-0.105,-0.153
15,36,11,8.273e+05,-0.161,-0.189
15,36,11,8.2734e+05,-0.549,0.303
15,36,11,8.2738e+05,0.085,0.659
15,36,11,8.2742e+05,-0.422,0.109
15,36,11,8.2746e+05,-0.172,-0.186
15,36,11,8.275e+05,0.068,-0.103
15,36,11,8.2754e+05,0.215,0.371
15,36,11,8.2758e+05,0.341,-0.578
15,36,11,8.2762e+05,-0.029,-0.581
15,36,11,8.2766e+05,-0.116,0.012
15,36,11,8.277e+05,-0.245,-0.147
15,36,11,8.2773e+05,0.013,0.12
15,36,11,8.2777e+05,-0.119,0.623
15,36,11,8.2781e+05,-0.217,-0.015
15,36,11,8.2785e+05,-0.695,-0.521
15,36,11,8.2789e+05,-0.425,-0.073
15,36,11,8.2793e+05,-0.289,-0.107
15,36,11,8.2797e+05,-0.463,0.881
15,36,11,8.2801e+05,0.034,0.042
15,36,11,8.2805e+05,0.121,-0.025
15,36,11,8.2808e+05,-0.001,0.345
15,36,11,8.2812e+05,-0.017,-0.644
15,36,11,8.2816e+05,0.181,0.383
15,36,11,8.282e+05,0.197,0.48
15,36,11,8.2824e+05,-0.291,-0.302
15,36,11,8.2828e+05,-0.115,-0.201
15,36,11,8.2832e+05,-0.231,0.069
15,36,11,8.2836e+05,-0.21,0.272
15,36,11,8.284e+05,0.058,0.107
15,36,11,8.2844e+05,-0.251,0.628
15,36,11,8.2848e+05,-0.36,-0.478
15,36,11,8.2852e+05,-0.392,-0.175
15,36,11,8.2855e+05,-0.352,0.607
15,36,11,8.2859e+05,-0.111,0.09
15,36,11,8.2863e+05,-0.01,0.292
15,36,11,8.2867e+05,-0.043,-0.223
15,36,11,8.2871e+05,-0.188,-0.318
15,36,11,8.2875e+05,-0.187,-0.056
15,36,11,8.2879e+05,-0.199,0.059
15,36,11,8.2883e+05,-0.067,0.418
15,36,11,8.2887e+05,-0.414,0.355
15,36,11,8.2891e+05,-0.338,-0.165
15,36,11,8.2894e+05,-0.12,-0.558
15,36,11,8.2898e+05,0.062,0.289
15,36,11,8.2902e+05,0.136,0.399
15,36,11,8.2906e+05,0.057,0.111
15,36,11,8.291e+05,0.115,-0.545
15,36,11,8.2914e+05,-0.161,0.046
15,36,11,8.2918e+05,0.038,0.303
15,36,11,8.2922e+05,0.187,0.095
15,36,11,8.2926e+05,0.1,-0.142
15,36,11,8.293e+05,-0.269,-0.218
15,36,11,8.2934e+05,0.072,-0.379
15,36,11,8.2937e+05,0.269,0.019
15,36,11,8.2941e+05,0.065,0.488
15,36,11,8.2945e+05,-0.093,-0.15
15,36,11,8.2949e+05,0.104,-0.197
15,36,11,8.2953e+05,-0.279,0.196
15,36,11,8.2957e+05,-0.414,-0.043
15,36,11,8.2961e+05,-0.255,0.293
15,36,11,8.2965e+05,-0.167,-0.056
15,36,11,8.2969e+05,-0.349,0.088
15,36,11,8.2973e+05,0.017,-0.184
15,36,11,8.2976e+05,-0.322,-0.343
15,36,11,8.298e+05,0.008,-0.086
15,36,11,8.2984e+05,0.104,-0.114
15,36,11,8.2988e+05,0.511,0.453
15,36,11,8.2992e+05,0.653,-0.823
15,36,11,8.2996e+05,0.28,-0.014
15,36,11,8.3e+05,0.105,-0.539
15,36,11,8.3004e+05,0.237,-0.393
15,36,11,8.3008e+05,-0.415,0.599
15,36,11,8.3012e+05,-0.424,-0.142
15,36,11,8.3016e+05,-0.192,0.371
15,36,11,8.302e+05,-0.097,0.096
15,36,11,8.3023e+05,-0.095,-0.647
15,36,11,8.3027e+05,-0.128,0.008
15,36,11,8.3031e+05,-0.07,0.467
15,36,11,8.3035e+05,0.13,-0.504
15,36,11,8.3039e+05,0.089,0.677
15,36,11,8.3043e+05,0.372,0.208
15,36,11,8.3047e+05,0.126,-0.899
15,36,11,8.3051e+05,-0.09,0.459
15,36,11,8.3055e+05,0.182,0.146
15,36,11,8.3058e+05,0.131,-0.273
15,36,11,8.3062e+05,0.371,0.37
15,36,11,8.3066e+05,0.259,-0.13
15,36,11,8.307e+05,0.223,-0.724
15,36,11,8.3074e+05,0.204,-0.239
15,36,11,8.3078e+05,0.023,0.086
15,36,11,8.3082e+05,-0.208,0.547
15,36,11,8.3086e+05,0.116,-0.043
15,36,11,8.309e+05,0.162,-0.06
15,36,11,8.3094e+05,0.357,0.118
15,36,11,8.3098e+05,-0.202,-0.688
15,36,11,8.3102e+05,0.056,0.49
15,36,11,8.3105e+05,0.268,0.103
15,36,11,8.3109e+05,0.261,0.066
15,36,11,8.3113e+05,0.327,0.461
15,36,11,8.3117e+05,0.228,0.052
15,36,11,8.3121e+05,0.167,-0.02
15,36,11,8.3125e+05,0.086,-0.109
15,36,11,8.3129e+05,0.192,0.211
15,36,11,8.3133e+05,0.078,-0.098
15,36,11,8.3137e+05,0.298,-0.177
15,36,11,8.3141e+05,-0.137,0.317
15,36,11,8.3144e+05,0.191,-0.187
15,36,11,8.3148e+05,-0.209,0.092
15,36,11,8.3152e+05,0.043,0.525
15,36,11,8.3156e+05,0.054,0.332
15,36,11,8.316e+05,0.314,-0.183
15,36,11,8.3164e+05,0.034,-0.31
15,36,11,8.3168e+05,0.15,0.401
15,36,11,8.3172e+05,0.084,0.128
15,36,11,8.3176e+05,0.273,-0.044
15,36,11,8.318e+05,0.323,0.01
15,36,11,8.3184e+05,0.157,0.052
15,36,11,8.3187e+05,-0.127,-0.41
15,36,11,8.3191e+05,-0.072,-0.476
15,36,11,8.3195e+05,0.153,-0.201
15,36,11,8.3199e+05,0.035,0.366
15,36,11,8.3203e+05,-0.079,-0.436
15,36,11,8.3207e+05,-0.023,0.722
15,36,11,8.3211e+05,-0.109,-0.112
15,36,11,8.3215e+05,0.092,-0.53
15,36,11,8.3219e+05,0.239,0.521
15,36,11,8.3223e+05,0.181,0.299
15,36,11,8.3226e+05,0.578,0.298
15,36,11,8.323e+05,-0.043,-0.078
15,36,11,8.3234e+05,0.226,-0.461
15,36,11,8.3238e+05,-0.46,0.551
15,36,11,8.3242e+05,-0.121,0.355
15,36,11,8.3246e+05,-0.342,0.188
15,36,11,8.325e+05,0.175,0.904
15,36,11,8.3254e+05,-0.026,-0.265
15,36,11,8.3258e+05,-0.109,0.305
15,36,11,8.3262e+05,0.077,-1.165
15,36,11,8.3266e+05,-0.008,-0.426
15,36,11,8.327e+05,0.054,0.389
15,36,11,8.3273e+05,-0.295,0.041
15,36,11,8.3277e+05,-0.008,0.324
15,36,11,8.3281e+05,0.061,0.325
15,36,11,8.3285e+05,0.425,0.115
15,36,11,8.3289e+05,-0.289,0.433
15,36,11,8.3293e+05,-0.049,0.155
15,36,11,8.3297e+05,0.042,-0.232
15,36,11,8.3301e+05,0.107,0.021
15,36,11,8.3305e+05,-0.261,-0.208
15,36,11,8.3308e+05,0.184,0.161
15,36,11,8.3312e+05,-0.101,-0.257
15,36,11,8.3316e+05,-0.101,0.176
15,36,11,8.332e+05,-0.55,0.102
15,36,11,8.3324e+05,0.08,0.216
15,36,11,8.3328e+05,0.09,-0.083
15,36,11,8.3332e+05,-0.056,-0.02
15,36,11,8.3336e+05,-0.436,-0.301
15,36,11,8.334e+05,-0.049,0.148
15,36,11,8.3344e+05,0.234,-0.37
15,36,11,8.3348e+05,-0.419,0.945
15,36,11,8.3352e+05,-0.105,0.441
15,36,11,8.3355e+05,-0.409,-0.59
15,36,11,8.3359e+05,-0.041,0.506
15,36,11,8.3363e+05,-0.135,0.512
15,36,11,8.3367e+05,0.482,-0.259
15,36,11,8.3371e+05,-0.078,-0.098
15,36,11,8.3375e+05,0.264,0.074
15,36,11,8.3379e+05,-0.139,-0.13
15,36,11,8.3383e+05,0.002,0.03
15,36,11,8.3387e+05,-0.226,-0.116
15,36,11,8.3391e+05,-0.245,0.512
15,36,11,8.3394e+05,-0.206,0.027
15,36,11,8.3398e+05,0.042,0.384
15,36,11,8.3402e+05,-0.068,-0.209
15,36,11,8.3406e+05,-0.453,0.086
15,36,11,8.341e+05,0.017,0.115
15,36,11,8.3414e+05,-0.159,-0.06
15,36,11,8.3418e+05,-0.001,0.713
15,36,11,8.3422e+05,0.243,-0.279
15,36,11,8.3426e+05,0.314,-0.435
15,36,11,8.343e+05,0.114,0.217
15,36,11,8.3434e+05,0.156,-0.066
15,36,11,8.3437e+05,0.161,0.394
15,36,11,8.3441e+05,0.095,-0.08
15,36,11,8.3445e+05,-0.021,0.067
15,36,11,8.3449e+05,0.158,-0.15
15,36,11,8.3453e+05,-0.221,-0.148
15,36,11,8.3457e+05,-0.15,-0.246
15,36,11,8.3461e+05,-0.478,0.326
15,36,11,8.3465e+05,-0.32,0.296
15,36,11,8.3469e+05,-0.258,-0.033
15,36,11,8.3473e+05,0.049,0.384
15,36,11,8.3476e+05,-0.353,-0.384
15,36,11,8.348e+05,-0.044,0.302
15,36,11,8.3484e+05,-0.053,0.233
15,36,11,8.3488e+05,-0.042,-0.645
15,36,11,8.3492e+05,-0.286,0.289
15,36,11,8.3496e+05,0.107,0.348
15,36,11,8.35e+05,-0.063,0.048
15,36,11,8.3504e+05,0.018,0.183
15,36,11,8.3508e+05,0.009,-0.144
15,36,11,8.3512e+05,0.143,0.004
15,36,11,8.3516e+05,0.018,-0.253
15,36,11,8.352e+05,-0.391,0.233
15,36,11,8.3523e+05,-0.32,0.264
15,36,11,8.3527e+05,0.038,-0.098
15,36,11,8.3531e+05,-0.041,0.092
15,36,11,8.3535e+05,-0.108,0.087
15,36,11,8.3539e+05,-0.203,0.168
15,36,11,8.3543e+05,-0.08,-0.348
15,36,11,8.3547e+05,-0.31,0.004
15,36,11,8.3551e+05,-0.212,0.677
15,36,11,8.3555e+05,-0.151,-0.19
15,36,11,8.3558e+05,-0.011,-0.122
15,36,11,8.3562e+05,0.102,-0.14
15,36,11,8.3566e+05,0.115,-0.117
15,36,11,8.357e+05,0.204,-0.541
15,36,11,8.3574e+05,0.372,-0.13
15,36,11,8.3578e+05,0.379,0.324
15,36,11,8.3582e+05,0.247,-0.285
15,36,11,8.3586e+05,0.233,0.023
15,36,11,8.359e+05,0.144,0.022
15,36,11,8.3594e+05,0.088,-0.696
15,36,11,8.3598e+05,0.046,-0.005
15,36,11,8.3602e+05,0.256,0.194
15,36,11,8.3605e+05,-0.049,0.304
15,36,11,8.3609e+05,0.092,0.104
15,36,11,8.3613e+05,0.336,-0.183
15,36,11,8.3617e+05,-0.237,-0.154
15,36,11,8.3621e+05,-0.206,-0.188
15,36,11,8.3625e+05,-0.225,-0.085
15,36,11,8.3629e+05,0.095,-0.24
15,36,11,8.3633e+05,-0.05,0.294
15,36,11,8.3637e+05,0.27,-0.564
15,36,11,8.3641e+05,0.797,-0.413
15,36,11,8.3644e+05,0.329,-0.111
15,36,11,8.3648e+05,0.201,-0.317
15,36,11,8.3652e+05,0.574,0.537
15,36,11,8.3656e+05,0.296,-0.282
15,36,11,8.366e+05,0.408,0.088
15,36,11,8.3664e+05,0.138,0.719
15,36,11,8.3668e+05,0.385,-0.82
15,36,11,8.3672e+05,-0.088,0.137
15,36,11,8.3676e+05,-0.016,0.338
15,36,11,8.368e+05,-0.029,-0.443
15,36,11,8.3684e+05,0.435,0.604
15,36,11,8.3687e+05,0.323,-0.144
15,36,11,8.3691e+05,0.565,-0.26
15,36,11,8.3695e+05,0.263,-0.334
15,36,11,8.3699e+05,0.452,-0.175
15,36,11,8.3703e+05,0.239,-0.103
15,36,11,8.3707e+05,0.449,-0.151
15,36,11,8.3711e+05,0.254,0.15
15,36,11,8.3715e+05,0.45,-0.032
15,36,11,8.3719e+05,0.261,-0.04
15,36,11,8.3723e+05,0.28,0.034
15,36,11,8.3726e+05,-0.15,-0.211
15,36,11,8.373e+05,0.013,0.57
15,36,11,8.3734e+05,0.279,0.373
15,36,11,8.3738e+05,0.007,0.185
15,36,11,8.3742e+05,0.456,0.36
15,36,11,8.3746e+05,0.435,-0.22
15,36,11,8.375e+05,0.216,-0.433
15,36,11,8.3754e+05,0.143,0.268
15,36,11,8.3758e+05,0.69,0.333
15,36,11,8.3762e+05,0.167,0.452
15,36,11,8.3766e+05,0.748,-0.298
15,36,11,8.377e+05,0.243,-0.235
15,36,11,8.3773e+05,0.523,0.071
15,36,11,8.3777e+05,0.007,-0.276
15,36,11,8.3781e+05,0.258,0.83
15,36,11,8.3785e+05,-0.672,-0.045
15,36,11,8.3789e+05,-0.285,0.015
15,36,11,8.3793e+05,-0.293,0.601
15,36,11,8.3797e+05,-0.157,0.83
15,36,11,8.3801e+05,0.19,-0.006
15,36,11,8.3805e+05,0.201,0.126
15,36,11,8.3808e+05,0.304,0.099
15,36,11,8.3812e+05,0.132,0.139
15,36,11,8.3816e+05,0.554,-0.532
15,36,11,8.382e+05,0.052,-0.115
15,36,11,8.3824e+05,-0.174,0.075
15,36,11,8.3828e+05,-0.612,-0.18
15,36,11,8.3832e+05,-0.248,0.323
15,36,11,8.3836e+05,-0.191,0.73
15,36,11,8.384e+05,0.116,0.562
15,36,11,8.3844e+05,0.274,-0.596
15,36,11,8.3848e+05,0.09,-0.161
15,36,11,8.3852e+05,0.193,-0.465
15,36,11,8.3855e+05,0.432,0.686
15,36,11,8.3859e+05,0.59,0.505
15,36,11,8.3863e+05,0.557,-0.264
15,36,11,8.3867e+05,0.483,0.769
15,36,11,8.3871e+05,0.295,-0.12
15,36,11,8.3875e+05,0.158,0.063
15,36,11,8.3879e+05,0.19,0.601
15,36,11,8.3883e+05,0.274,0.136
15,36,11,8.3887e+05,0.08,0.405
15,36,11,8.3891e+05,0.333,-0.876
15,36,11,8.3894e+05,-0.273,-0.285
15,36,11,8.3898e+05,-0.139,-0.009
15,36,11,8.3902e+05,-0.388,0.381
15,36,11,8.3906e+05,0.31,0.355
15,36,11,8.391e+05,-0.266,-0.213
15,36,11,8.3914e+05,-0.037,0.849
15,36,11,8.3918e+05,0.273,-0.336
15,36,11,8.3922e+05,0.439,-0.079
15,36,11,8.3926e+05,0.125,0.35
15,36,11,8.393e+05,0.39,0.046
15,36,11,8.3934e+05,0.621,-0.069
15,36,11,8.3937e+05,0.133,-0.152
15,36,11,8.3941e+05,0.281,-0.085
15,36,11,8.3945e+05,-0.389,-0.363
15,36,11,8.3949e+05,-0.714,-0.041
15,36,11,8.3953e+05,-1.411,0.14
15,36,11,8.3957e+05,-0.777,0.167
15,36,11,8.3961e+05,-0.459,0.47
15,36,11,8.3965e+05,0.063,0.348
15,36,11,8.3969e+05,-0.092,-0.97
15,36,11,8.3973e+05,-0.121,-0.027
15,36,11,8.3976e+05,0.227,-0.499
15,36,11,8.398e+05,0.025,-0.306
15,36,11,8.3984e+05,-0.203,0.486
15,36,11,8.3988e+05,-0.528,0.228
15,36,11,8.3992e+05,-0.299,0.059
15,36,11,8.3996e+05,-1.17,-0.654
15,36,11,8.4e+05,-0.906,0.085
15,36,11,8.4004e+05,-1.124,0.408
15,36,11,8.4008e+05,-0.432,0.863
15,36,11,8.4012e+05,0.036,0.298
15,36,11,8.4016e+05,0.785,0.353
15,36,11,8.402e+05,1.11,0.047
15,36,11,8.4023e+05,1.5,-0.462
15,36,11,8.4027e+05,1.265,-1.001
15,36,11,8.4031e+05,0.482,-0.141
15,36,11,8.4035e+05,0.269,0.236
15,36,11,8.4039e+05,-0.352,0.456
15,36,11,8.4043e+05,-0.195,0.788
15,36,11,8.4047e+05,-0.457,1.4
15,36,11,8.4051e+05,-0.129,0.881
15,36,11,8.4055e+05,-0.047,-0.286
15,36,11,8.4058e+05,0.091,-0.337
15,36,11,8.4062e+05,-0.636,-0.421
15,36,11,8.4066e+05,-0.815,-0.932
15,36,11,8.407e+05,-0.967,-0.638
15,36,11,8.4074e+05,-0.772,1.01
15,36,11,8.4078e+05,-0.209,0.282
15,36,11,8.4082e+05,0.452,0.325
15,36,11,8.4086e+05,0.76,0.012
15,36,11,8.409e+05,0.5,-0.603
15,36,11,8.4094e+05,0.276,0.19
15,36,11,8.4098e+05,-0.184,-0.419
15,36,11,8.4102e+05,-0.1,0.627
15,36,11,8.4105e+05,-0.388,1.53
15,36,11,8.4109e+05,-0.039,0.117
15,36,11,8.4113e+05,-0.741,0.059
15,36,11,8.4117e+05,-0.845,-0.347
15,36,11,8.4121e+05,-1.103,-0.733
15,36,11,8.4125e+05,-1.128,0.768
15,36,11,8.4129e+05,-0.481,0.607
15,36,11,8.4133e+05,-0.463,0.457
15,36,11,8.4137e+05,-0.132,-0.792
15,36,11,8.4141e+05,0.041,-0.612
15,36,11,8.4144e+05,0.546,-0.449
15,36,11,8.4148e+05,0.586,-0.332
15,36,11,8.4152e+05,0.336,0.397
15,36,11,8.4156e+05,0.126,-0.14
15,36,11,8.416e+05,0.143,0.533
15,36,11,8.4164e+05,0.458,0.037
15,36,11,8.4168e+05,0.655,0.422
15,36,11,8.4172e+05,0.595,0.414
15,36,11,8.4176e+05,0.502,0.196
15,36,11,8.418e+05,0.57,0.25
15,36,11,8.4184e+05,0.35,-0.643
15,36,11,8.4187e+05,-0.044,0.14
15,36,11,8.4191e+05,-0.469,0.77
15,36,11,8.4195e+05,-0.751,-0.34
15,36,11,8.4199e+05,-1.2,0.124
15,36,11,8.4203e+05,-1.03,-0.143
15,36,11,8.4207e+05,-1.352,-0.178
15,36,11,8.4211e+05,-0.625,0.542
15,36,11,8.4215e+05,-0.291,-0.028
15,36,11,8.4219e+05,0.584,-0.247
15,36,11,8.4223e+05,0.446,-0.34
15,36,11,8.4226e+05,0.405,-0.907
15,36,11,8.423e+05,0.53,-0.198
15,36,11,8.4234e+05,0.356,0.374
15,36,11,8.4238e+05,0.379,0.729
15,36,11,8.4242e+05,0.634,0.624
15,36,11,8.4246e+05,0.316,-0.455
15,36,11,8.425e+05,0.182,-0.1
15,36,11,8.4254e+05,0.058,0.023
15,36,11,8.4258e+05,0.119,0.033
15,36,11,8.4262e+05,0.122,-0.234
15,36,11,8.4266e+05,-0.191,-0.003
15,36,11,8.427e+05,-0.018,0.073
15,36,11,8.4273e+05,0.179,-0.194
15,36,11,8.4277e+05,-0.093,-0.153
15,36,11,8.4281e+05,0.019,0.167
15,36,11,8.4285e+05,-0.032,-0.315
15,36,11,8.4289e+05,0.139,-0.254
15,36,11,8.4293e+05,0.013,0.14
15,36,11,8.4297e+05,-0.221,0.661
15,36,11,8.4301e+05,0.107,-0.426
15,36,11,8.4305e+05,0.128,-0.339
15,36,11,8.4308e+05,0.212,0.697
15,36,11,8.4312e+05,0.439,-0.438
15,36,11,8.4316e+05,0.62,-0.563
15,36,11,8.432e+05,0.621,0.109
15,36,11,8.4324e+05,0.677,0.115
15,36,11,8.4328e+05,0.608,0.004
15,36,11,8.4332e+05,0.391,0.477
15,36,11,8.4336e+05,0.132,0.078
15,36,11,8.434e+05,0.342,-0.333
15,36,11,8.4344e+05,-0.394,0.22
15,36,11,8.4348e+05,-0.384,0.354
15,36,11,8.4352e+05,-0.534,0.348
15,36,11,8.4355e+05,-0.228,0.089
15,36,11,8.4359e+05,-0.643,0.654
15,36,11,8.4363e+05,-0.185,-0.115
15,36,11,8.4367e+05,0.026,-0.524
15,36,11,8.4371e+05,0.104,-0.134
15,36,11,8.4375e+05,-0.186,-0.196
15,36,11,8.4379e+05,0.105,-0.192
15,36,11,8.4383e+05,-0.085,-0.203
15,36,11,8.4387e+05,0.376,0.195
15,36,11,8.4391e+05,0.282,-0.115
15,36,11,8.4394e+05,0.455,-0.021
15,36,11,8.4398e+05,0.123,-0.022
15,36,11,8.4402e+05,0.224,-0.443
15,36,11,8.4406e+05,-0.458,0.61
15,36,11,8.441e+05,0.414,0.126
15,36,11,8.4414e+05,0.156,-0.104
15,36,11,8.4418e+05,0.536,0.763
15,36,11,8.4422e+05,-0.058,0.008
15,36,11,8.4426e+05,0.236,-0.562
15,36,11,8.443e+05,-0.02,-0.866
15,36,11,8.4434e+05,-0.076,0.494
15,36,11,8.4437e+05,-0.16,0.163
15,36,11,8.4441e+05,-0.422,0.009
15,36,11,8.4445e+05,-0.425,0.111
15,36,11,8.4449e+05,-0.594,-0.236
15,36,11,8.4453e+05,-0.731,0.02
15,36,11,8.4457e+05,-0.39,0.143
15,36,11,8.4461e+05,0.175,0.346
15,36,11,8.4465e+05,0.243,0.199
15,36,11,8.4469e+05,0.148,0.26
15,36,11,8.4473e+05,0.177,-0.318
15,36,11,8.4476e+05,0.184,-0.094
15,36,11,8.448e+05,0.517,0.253
15,36,11,8.4484e+05,0.273,0.335
15,36,11,8.4488e+05,0.071,-0.003
15,36,11,8.4492e+05,0.313,0.041
15,36,11,8.4496e+05,0.07,0.15
15,36,11,8.45e+05,-0.116,-0.038
15,36,11,8.4504e+05,-0.186,0.203
15,36,11,8.4508e+05,-0.187,-0.162
15,36,11,8.4512e+05,-0.466,0.127
15,36,11,8.4516e+05,-0.482,0.581
15,36,11,8.452e+05,-0.291,-0.734
15,36,11,8.4523e+05,-0.362,0.094
15,36,11,8.4527e+05,-0.335,0.332
15,36,11,8.4531e+05,-0.335,0.395
15,36,11,8.4535e+05,-0.071,-0.101
15,36,11,8.4539e+05,-0.312,-0.256
15,36,11,8.4543e+05,-0.024,0.527
15,36,11,8.4547e+05,0.165,-0.206
15,36,11,8.4551e+05,0.164,0.075
15,36,11,8.4555e+05,0.061,-0.073
15,36,11,8.4558e+05,-0.018,0.02
15,36,11,8.4562e+05,0.296,0.255
15,36,11,8.4566e+05,0.647,-0.136
15,36,11,8.457e+05,0.008,0.478
15,36,11,8.4574e+05,-0.174,-0.182
15,36,11,8.4578e+05,-0.242,-0.245
15,36,11,8.4582e+05,-0.324,0.594
15,36,11,8.4586e+05,-0.465,0.528
15,36,11,8.459e+05,-0.252,0.362
15,36,11,8.4594e+05,-0.092,-0.712
15,36,11,8.4598e+05,-0.638,0.028
15,36,11,8.4602e+05,-0.497,-0.148
15,36,11,8.4605e+05,-0.355,0.133
15,36,11,8.4609e+05,0.242,0.621
15,36,11,8.4613e+05,-0.26,0.018
15,36,11,8.4617e+05,0.24,0.256
15,36,11,8.4621e+05,0.241,-0.686
15,36,11,8.4625e+05,0.094,-0.097
15,36,11,8.4629e+05,0.086,0.61
15,36,11,8.4633e+05,0.485,0.17
15,36,11,8.4637e+05,0.303,-0.746
15,36,11,8.4641e+05,-0.631,0.364
15,36,11,8.4644e+05,-0.444,0.026
15,36,11,8.4648e+05,-0.657,-0.222
15,36,11,8.4652e+05,-0.229,1.188
15,36,11,8.4656e+05,-0.519,0.56
15,36,11,8.466e+05,0.245,-0.175
15,36,11,8.4664e+05,0.131,-0.899
15,36,11,8.4668e+05,0.143,-0.253
15,36,11,8.4672e+05,-0.261,0.181
15,36,11,8.4676e+05,0.393,-0.151
15,36,11,8.468e+05,0.389,-0.075
15,36,11,8.4684e+05,-0.022,-0.031
15,36,11,8.4687e+05,-0.13,-0.308
15,36,11,8.4691e+05,-0.07,0.133
15,36,11,8.4695e+05,-0.015,-0.134
15,36,11,8.4699e+05,-0.303,0.396
15,36,11,8.4703e+05,-0.008,0.177
15,36,11,8.4707e+05,-0.023,-0.751
15,36,11,8.4711e+05,-0.189,0.312
15,36,11,8.4715e+05,0.036,0.077
15,36,11,8.4719e+05,0.294,-0.048
15,36,11,8.4723e+05,0.021,0.443
15,36,11,8.4726e+05,0.116,0.07
15,36,11,8.473e+05,0.396,-0.156
15,36,11,8.4734e+05,0.499,-0.417
15,36,11,8.4738e+05,-0.031,-0.112
15,36,11,8.4742e+05,0.273,0.37
15,36,11,8.4746e+05,0.21,-0.175
15,36,11,8.475e+05,0.031,-0.22
15,36,11,8.4754e+05,-0.274,0.4
15,36,11,8.4758e+05,-0.404,-0.342
15,36,11,8.4762e+05,-0.464,0.119
15,36,11,8.4766e+05,-0.474,0.231
15,36,11,8.477e+05,-0.116,0.218
15,36,11,8.4773e+05,0.308,0.198
15,36,11,8.4777e+05,0.21,-0.897
15,36,11,8.4781e+05,0.186,0.133
15,36,11,8.4785e+05,-0.026,-0.307
15,36,11,8.4789e+05,0.053,-0.691
15,36,11,8.4793e+05,0.147,0.632
15,36,11,8.4797e+05,0.419,0.477
15,36,11,8.4801e+05,0.276,-0.051
15,36,11,8.4805e+05,0.643,-0.151
15,36,11,8.4808e+05,0.148,-0.175
15,36,11,8.4812e+05,0.149,-0.066
15,36,11,8.4816e+05,-0.336,-0.002
15,36,11,8.482e+05,-0.194,0.335
15,36,11,8.4824e+05,-0.002,-0.193
15,36,11,8.4828e+05,0.058,0.651
15,36,11,8.4832e+05,0.251,-0.307
15,36,11,8.4836e+05,-0.059,-0.484
15,36,11,8.484e+05,0.078,0.16
15,36,11,8.4844e+05,-0.009,-0.134
15,36,11,8.4848e+05,0.173,0.488
15,36,11,8.4852e+05,-0.031,0.226
15,36,11,8.4855e+05,0.247,-0.616
15,36,11,8.4859e+05,0.064,-0.055
15,36,11,8.4863e+05,0.329,0.341
15,36,11,8.4867e+05,0.415,0.347
15,36,11,8.4871e+05,0.507,0.121
15,36,11,8.4875e+05,-0.028,-0.249
15,36,11,8.4879e+05,0.439,0.187
15,36,11,8.4883e+05,0.225,-0.138
15,36,11,8.4887e+05,0.121,0.294
15,36,11,8.4891e+05,-0.15,0.151
15,36,11,8.4894e+05,0.251,-0.33
15,36,11,8.4898e+05,-0,-0.029
15,36,11,8.4902e+05,0.342,0.217
15,36,11,8.4906e+05,0.271,-0.051
15,36,11,8.491e+05,0.3,-0.186
15,36,11,8.4914e+05,-0.097,-0.062
15,36,11,8.4918e+05,-0.082,0.464
15,36,11,8.4922e+05,0.171,0.118
15,36,11,8.4926e+05,0.176,0.262
15,36,11,8.493e+05,0.13,0.31
15,36,11,8.4934e+05,-0.005,0.061
15,36,11,8.4937e+05,-0.039,-0.432
15,36,11,8.4941e+05,0.013,-0.414
15,36,11,8.4945e+05,0.145,0.26
15,36,11,8.4949e+05,-0.094,0.357
15,36,11,8.4953e+05,0.398,0.005
15,36,11,8.4957e+05,0.244,0.626
15,36,11,8.4961e+05,0.399,-0.54
15,36,11,8.4965e+05,0.148,-0.236
15,36,11,8.4969e+05,0.27,0.397
15,36,11,8.4973e+05,-0.164,0.024
15,36,11,8.4976e+05,0.129,0.208
15,36,11,8.498e+05,-0.07,-0.258
15,36,11,8.4984e+05,0.139,-0.18
15,36,11,8.4988e+05,-0.555,0.138
15,36,11,8.4992e+05,0.162,0.176
15,36,11,8.4996e+05,-0.249,0.208
15,36,11,8.5e+05,0.199,0.902
15,36,11,8.5004e+05,0.036,-0.083
15,36,11,8.5008e+05,0.259,-0.168
15,36,11,8.5012e+05,0.158,-0.241
15,36,11,8.5016e+05,0.134,0.749
15,36,11,8.502e+05,-0.07,0.259
15,36,11,8.5023e+05,0.147,-0.492
15,36,11,8.5027e+05,-0.082,-0.117
15,36,11,8.5031e+05,-0.488,0.618
15,36,11,8.5035e+05,-0.039,0.059
15,36,11,8.5039e+05,0.138,0.07
15,36,11,8.5043e+05,-0.123,-0.047
15,36,11,8.5047e+05,-0.296,0.125
15,36,11,8.5051e+05,0.553,0.039
15,36,11,8.5055e+05,0.206,-0.136
15,36,11,8.5058e+05,0.172,0.582
15,36,11,8.5062e+05,0.152,0.018
15,36,11,8.5066e+05,0.107,0.296
15,36,11,8.507e+05,0.014,0.285
15,36,11,8.5074e+05,0.246,0.11
15,36,11,8.5078e+05,0.519,0.376
15,36,11,8.5082e+05,0.054,-0.279
15,36,11,8.5086e+05,0.043,-0.087
15,36,11,8.509e+05,-0.134,-0.003
15,36,11,8.5094e+05,0.248,0.326
15,36,11,8.5098e+05,0.107,0.416
15,36,11,8.5102e+05,0.136,0.4
15,36,11,8.5105e+05,0.005,0.192
15,36,11,8.5109e+05,0.106,-0.706
15,36,11,8.5113e+05,0.015,-0.425
15,36,11,8.5117e+05,-0.005,1.12
15,36,11,8.5121e+05,0.17,0.071
15,36,11,8.5125e+05,0.195,-0.174
15,36,11,8.5129e+05,-0.28,0.281
15,36,11,8.5133e+05,0.146,-0.123
15,36,11,8.5137e+05,-0.018,-0.187
15,36,11,8.5141e+05,0.093,0.579
15,36,11,8.5144e+05,-0.013,0.639
15,36,11,8.5148e+05,0.008,0.212
15,36,11,8.5152e+05,0.172,-0.446
15,36,11,8.5156e+05,0.096,0.671
15,36,11,8.516e+05,0.193,0.057
15,36,11,8.5164e+05,0.039,0.585
15,36,11,8.5168e+05,-0.107,0.355
15,36,11,8.5172e+05,-0.39,-0.492
15,36,11,8.5176e+05,-0.003,-0.092
15,36,11,8.518e+05,-0.021,0.226
15,36,11,8.5184e+05,-0.035,0.217
15,36,11,8.5187e+05,-0.079,-0.34
15,36,11,8.5191e+05,0.098,-0.343
15,36,11,8.5195e+05,-0.133,0.203
15,36,11,8.5199e+05,-0.16,0.38
15,36,11,8.5203e+05,-0.473,0.292
15,36,11,8.5207e+05,-0.166,0.278
15,36,11,8.5211e+05,-0.237,-0.016
15,36,11,8.5215e+05,-0.099,0.293
15,36,11,8.5219e+05,-0.073,-0.326
15,36,11,8.5223e+05,0.066,0.047
15,36,11,8.5226e+05,-0.086,0.184
15,36,11,8.523e+05,0.179,-0.295
15,36,11,8.5234e+05,0.089,0.592
15,36,11,8.5238e+05,0.054,0.221
15,36,11,8.5242e+05,-0.037,-0.313
15,36,11,8.5246e+05,0.178,0.277
15,36,11,8.525e+05,-0.04,0.205
15,36,11,8.5254e+05,-0.209,-0.245
15,36,11,8.5258e+05,-0.137,-0.238
15,36,11,8.5262e+05,0.073,-0.199
15,36,11,8.5266e+05,-0.218,0.479
15,36,11,8.527e+05,0.01,0.381
15,36,11,8.5273e+05,-0.364,-0.162
15,36,11,8.5277e+05,-0.287,0.405
15,36,11,8.5281e+05,-0.534,0.071
15,36,11,8.5285e+05,-0.393,0.341
15,36,11,8.5289e+05,-0.084,0.325
15,36,11,8.5293e+05,0.085,0.191
15,36,11,8.5297e+05,0.269,-0.209
15,36,11,8.5301e+05,-0.019,-0.252
15,36,11,8.5305e+05,0.243,-0.012
15,36,11,8.5308e+05,0.023,-0.11
15,36,11,8.5312e+05,0.305,0.741
15,36,11,8.5316e+05,0.321,-0.047
15,36,11,8.532e+05,0.307,-0.102
15,36,11,8.5324e+05,0.09,-0.424
15,36,11,8.5328e+05,0.02,0.093
15,36,11,8.5332e+05,0.13,-0.099
15,36,11,8.5336e+05,-0.105,0.535
15,36,11,8.534e+05,0.258,0.486
15,36,11,8.5344e+05,-0.011,-0.278
15,36,11,8.5348e+05,0.102,-0.115
15,36,11,8.5352e+05,-0.332,0.057
15,36,11,8.5355e+05,-0.02,0.092
15,36,11,8.5359e+05,-0.488,0.398
15,36,11,8.5363e+05,0.054,0.585
15,36,11,8.5367e+05,-0.286,-0.136
15,36,11,8.5371e+05,0.001,0.441
15,36,11,8.5375e+05,-0.052,-0.315
15,36,11,8.5379e+05,0.012,0.166
15,36,11,8.5383e+05,-0.125,0.106
15,36,11,8.5387e+05,-0.334,-0.108
15,36,11,8.5391e+05,-0.416,-0.477
15,36,11,8.5394e+05,-0.671,0.634
15,36,11,8.5398e+05,-0.771,0.746
15,36,11,8.5402e+05,-0.537,0.059
15,36,11,8.5406e+05,0.359,0.543
15,36,11,8.541e+05,0.303,0.468
15,36,11,8.5414e+05,0.545,-0.402
15,36,11,8.5418e+05,0.215,-0.322
15,36,11,8.5422e+05,-0.028,-0.216
15,36,11,8.5426e+05,-0.332,0.364
15,36,11,8.543e+05,-0.371,0.528
15,36,11,8.5434e+05,-0.847,-0.266
15,36,11,8.5437e+05,-0.346,0.314
15,36,11,8.5441e+05,-0.931,-0.067
15,36,11,8.5445e+05,-0.888,-0.188
15,36,11,8.5449e+05,-0.7,0.095
15,36,11,8.5453e+05,-0.139,-0.598
15,36,11,8.5457e+05,-0.164,0.705
15,36,11,8.5461e+05,0.588,-0.006
15,36,11,8.5465e+05,1.098,-0.946
15,36,11,8.5469e+05,1.288,0.308
15,36,11,8.5473e+05,0.98,0.126
15,36,11,8.5476e+05,0.899,-0.341
15,36,11,8.548e+05,0.989,0.338
15,36,11,8.5484e+05,0.611,0.379
15,36,11,8.5488e+05,0.094,0.422
15,36,11,8.5492e+05,0.171,0.496
15,36,11,8.5496e+05,-0.46,-0.659
15,36,11,8.55e+05,-0.918,-0.283
15,36,11,8.5504e+05,-1.058,0.261
15,36,11,8.5508e+05,-0.561,-0.029
15,36,11,8.5512e+05,-0.38,0.313
15,36,11,8.5516e+05,-0.219,0.273
15,36,11,8.552e+05,-0.115,-0.73
15,36,11,8.5523e+05,0.242,-0.432
15,36,11,8.5527e+05,0.557,-0.251
15,36,11,8.5531e+05,-0.046,-0.368
15,36,11,8.5535e+05,0.211,0.509
15,36,11,8.5539e+05,0.018,-0.288
15,36,11,8.5543e+05,-0.12,-0.045
15,36,11,8.5547e+05,0.275,0.477
15,36,11,8.5551e+05,0.235,0.92
15,36,11,8.5555e+05,0.217,0.508
15,36,11,8.5558e+05,0.062,-0.052
15,36,11,8.5562e+05,0.128,0.268
15,36,11,8.5566e+05,-0.125,-0.322
15,36,11,8.557e+05,0.01,0.09
15,36,11,8.5574e+05,0.239,-0.052
15,36,11,8.5578e+05,0.04,-0.741
15,36,11,8.5582e+05,-0.474,0.254
15,36,11,8.5586e+05,-0.476,-0.749
15,36,11,8.559e+05,-0.35,0.113
15,36,11,8.5594e+05,-0.321,0.73
15,36,11,8.5598e+05,-0.322,-0.027
15,36,11,8.5602e+05,-0.213,0.581
15,36,11,8.5605e+05,-0.024,-0.184
15,36,11,8.5609e+05,0.151,0.376
15,36,11,8.5613e+05,-0.13,0.828
15,36,11,8.5617e+05,-0.173,-0.607
15,36,11,8.5621e+05,-0.366,0.615
15,36,11,8.5625e+05,-0.251,0.321
15,36,11,8.5629e+05,-0.293,0.525
15,36,11,8.5633e+05,-0.183,0.924
15,36,11,8.5637e+05,-0.163,-0.643
15,36,11,8.5641e+05,-0.32,0.606
15,36,11,8.5644e+05,-0.06,-0.398
15,36,11,8.5648e+05,0.002,-0.268
15,36,11,8.5652e+05,0.436,0.131
15,36,11,8.5656e+05,-0.026,-0.068
15,36,11,8.566e+05,0.157,0.26
15,36,11,8.5664e+05,0.238,-0.33
15,36,11,8.5668e+05,0.216,0.193
15,36,11,8.5672e+05,-0.072,0.242
15,36,11,8.5676e+05,-0.296,0.305
15,36,11,8.568e+05,-0.401,0.083
15,36,11,8.5684e+05,-0.707,0.596
15,36,11,8.5687e+05,-0.379,-0.12
15,36,11,8.5691e+05,0.031,-0.376
15,36,11,8.5695e+05,-0.399,1.04
15,36,11,8.5699e+05,-0.276,-0.812
15,36,11,8.5703e+05,-0.091,-0.282
15,36,11,8.5707e+05,-0.281,0.329
15,36,11,8.5711e+05,-0.35,0.072
15,36,11,8.5715e+05,0.232,0.733
15,36,11,8.5719e+05,0.617,-0.334
15,36,11,8.5723e+05,0.184,-0.453
15,36,11,8.5726e+05,-0.124,0.346
15,36,11,8.573e+05,-0.268,0.06
15,36,11,8.5734e+05,-0.178,-0.339
15,36,11,8.5738e+05,-0.203,1.097
15,36,11,8.5742e+05,-0.302,0.405
15,36,11,8.5746e+05,-0.529,-0.459
15,36,11,8.575e+05,-0.466,0.005
15,36,11,8.5754e+05,-0.744,0.204
15,36,11,8.5758e+05,-0.152,0.258
15,36,11,8.5762e+05,-0.269,0.234
15,36,11,8.5766e+05,-0.108,-0.134
15,36,11,8.577e+05,-0.253,0.247
15,36,11,8.5773e+05,0.039,-0.118
15,36,11,8.5777e+05,0.144,-0.547
15,36,11,8.5781e+05,-0.034,0.816
15,36,11,8.5785e+05,-0.395,0.25
15,36,11,8.5789e+05,0.113,-0.685
15,36,11,8.5793e+05,0.153,0.006
15,36,11,8.5797e+05,0.147,0.706
15,36,11,8.5801e+05,0.117,-0.075
15,36,11,8.5805e+05,0.406,0.217
15,36,11,8.5808e+05,-0.05,-0.722
15,36,11,8.5812e+05,-0.634,-0.118
15,36,11,8.5816e+05,-0.135,0.52
15,36,11,8.582e+05,-0.378,0.166
15,36,11,8.5824e+05,-0.045,0.03
15,36,11,8.5828e+05,-0.764,0.319
15,36,11,8.5832e+05,-0.272,-0.298
15,36,11,8.5836e+05,-0.711,-0.389
15,36,11,8.584e+05,-0.469,1.085
15,36,11,8.5844e+05,-0.499,-0.078
15,36,11,8.5848e+05,-0.118,0.519
15,36,11,8.5852e+05,-0.006,-0.469
15,36,11,8.5855e+05,0.037,-0.196
15,36,11,8.5859e+05,0.164,0.102
15,36,11,8.5863e+05,-0.125,-0.511
15,36,11,8.5867e+05,-0.08,0.226
15,36,11,8.5871e+05,-0.144,0.537
15,36,11,8.5875e+05,-0.008,-0.19
15,36,11,8.5879e+05,-0.122,0.008
15,36,11,8.5883e+05,0.037,0.277
15,36,11,8.5887e+05,-0.152,-0.243
15,36,11,8.5891e+05,-0.471,0.376
15,36,11,8.5894e+05,-0.13,-0.237
15,36,11,8.5898e+05,0.044,0.235
15,36,11,8.5902e+05,-0.224,0.611
15,36,11,8.5906e+05,-0.256,0.074
15,36,11,8.591e+05,-0.234,-0.111
15,36,11,8.5914e+05,-0.713,-0.288
15,36,11,8.5918e+05,-0.254,0.028
15,36,11,8.5922e+05,-0.305,0.319
15,36,11,8.5926e+05,0.081,0.196
15,36,11,8.593e+05,-0.02,-0.41
15,36,11,8.5934e+05,0.194,-0.611
15,36,11,8.5937e+05,0.076,-0.321
15,36,11,8.5941e+05,0.243,0.182
15,36,11,8.5945e+05,0.388,0.125
15,36,11,8.5949e+05,0.311,0.057
15,36,11,8.5953e+05,0.26,0.288
15,36,11,8.5957e+05,0.177,-0.457
15,36,11,8.5961e+05,0.057,-0.098
15,36,11,8.5965e+05,-0.114,0.19
15,36,11,8.5969e+05,-0.673,0.337
15,36,11,8.5973e+05,-0.568,-0.129
15,36,11,8.5976e+05,-0.919,-0.289
15,36,11,8.598e+05,-0.471,0.426
15,36,11,8.5984e+05,-0.171,0.357
15,36,11,8.5988e+05,0.375,0.474
15,36,11,8.5992e+05,0.153,-0.604
15,36,11,8.5996e+05,0.574,-0.334
15,36,11,8.6e+05,0.58,-0.714
15,36,11,8.6004e+05,0.541,-0.334
15,36,11,8.6008e+05,0.595,0.869
15,36,11,8.6012e+05,0.366,-0.386
15,36,11,8.6016e+05,0.087,-0.477
15,36,11,8.602e+05,-0.361,0.454
15,36,11,8.6023e+05,-0.468,-0.01
15,36,11,8.6027e+05,-0.423,0.429
15,36,11,8.6031e+05,-0.396,0.19
15,36,11,8.6035e+05,-0.469,-0.172
15,36,11,8.6039e+05,-0.233,-0.056
15,36,11,8.6043e+05,0.117,-0.466
15,36,11,8.6047e+05,-0.144,-0.374
15,36,11,8.6051e+05,0.107,0.684
15,36,11,8.6055e+05,0.309,-0.139
15,36,11,8.6058e+05,0.425,-0.556
15,36,11,8.6062e+05,0.706,0.146
15,36,11,8.6066e+05,0.498,0.039
15,36,11,8.607e+05,0.798,-0.398
15,36,11,8.6074e+05,-0.146,-0.597
15,36,11,8.6078e+05,-0.279,0.621
15,36,11,8.6082e+05,-0.233,0.021
15,36,11,8.6086e+05,-0.211,0.152
15,36,11,8.609e+05,0.085,0.117
15,36,11,8.6094e+05,-0.403,0.647
15,36,11,8.6098e+05,-0.117,-0.267
15,36,11,8.6102e+05,-0.12,-0.672
15,36,11,8.6105e+05,-0.068,0.093
15,36,11,8.6109e+05,-0.188,0.67
15,36,11,8.6113e+05,0.233,0.403
15,36,11,8.6117e+05,0.127,-0.659
15,36,11,8.6121e+05,-0.222,-0.002
15,36,11,8.6125e+05,-0.504,-0.022
15,36,11,8.6129e+05,-0.102,-0.317
15,36,11,8.6133e+05,-0.156,0.467
15,36,11,8.6137e+05,0.422,0.224
15,36,11,8.6141e+05,0.517,0.03
15,36,11,8.6144e+05,0.534,-0.67
15,36,11,8.6148e+05,0.184,-0.784
15,36,11,8.6152e+05,0.182,0.689
15,36,11,8.6156e+05,-0.036,-0.354
15,36,11,8.616e+05,0.424,0.533
15,36,11,8.6164e+05,0.25,0.272
15,36,11,8.6168e+05,0.003,0.082
15,36,11,8.6172e+05,-0.22,-0.272
15,36,11,8.6176e+05,-0.254,-0.517
15,36,11,8.618e+05,-0.205,0.467
15,36,11,8.6184e+05,-0.595,0.596
15,36,11,8.6187e+05,-0.357,0.217
15,36,11,8.6191e+05,-0.388,0.39
15,36,11,8.6195e+05,0.218,-0.454
15,36,11,8.6199e+05,-0.097,0.158
15,36,11,8.6203e+05,0.118,0.325
15,36,11,8.6207e+05,-0.25,-0.827
15,36,11,8.6211e+05,-0.114,-0.063
15,36,11,8.6215e+05,0.114,-0.372
15,36,11,8.6219e+05,0.238,0.199
15,36,11,8.6223e+05,0.244,0.567
15,36,11,8.6226e+05,0.009,-0.138
15,36,11,8.623e+05,-0.287,-0.51
15,36,11,8.6234e+05,0.067,-0.185
15,36,11,8.6238e+05,-0.136,0.484
15,36,11,8.6242e+05,0.005,0.391
15,36,11,8.6246e+05,-0.073,0.185
15,36,11,8.625e+05,-0.26,0.307
15,36,11,8.6254e+05,-0.401,-0.472
15,36,11,8.6258e+05,0.058,0.305
15,36,11,8.6262e+05,-0.185,0.819
15,36,11,8.6266e+05,0.173,0.16
15,36,11,8.627e+05,-0.164,0.244
15,36,11,8.6273e+05,-0.025,-0.605
15,36,11,8.6277e+05,-0.115,-0.968
15,36,11,8.6281e+05,-0.305,0.583
15,36,11,8.6285e+05,0.016,-0.135
15,36,11,8.6289e+05,-0.257,-0.213
15,36,11,8.6293e+05,0.342,-0.011
15,36,11,8.6297e+05,-0.29,0.494
15,36,11,8.6301e+05,0.217,0.002
15,36,11,8.6305e+05,0.2,-0.384
15,36,11,8.6308e+05,-0.171,0.3
15,36,11,8.6312e+05,-0.425,0.039
15,36,11,8.6316e+05,0.507,0.458
15,36,11,8.632e+05,0.122,-0.261
15,36,11,8.6324e+05,-0.129,0.041
15,36,11,8.6328e+05,-0.152,0.432
15,36,11,8.6332e+05,0.281,0.017
15,36,11,8.6336e+05,-0.399,0.047
15,36,11,8.634e+05,-0.261,0.577
15,36,11,8.6344e+05,0.076,-0.69
15,36,11,8.6348e+05,-0.03,-0.265
15,36,11,8.6352e+05,0.258,0.08
15,36,11,8.6355e+05,-0.022,-0.33
15,36,11,8.6359e+05,-0.106,-0.067
15,36,11,8.6363e+05,-0.352,0.067
15,36,11,8.6367e+05,-0.313,0.049
15,36,11,8.6371e+05,-0.126,0.488
15,36,11,8.6375e+05,-0.032,0.561
15,36,11,8.6379e+05,0.227,-0.531
15,36,11,8.6383e+05,0.009,0.064
15,36,11,8.6387e+05,-0.063,0.38
15,36,11,8.6391e+05,-0.271,-0.669
15,36,11,8.6394e+05,-0.233,0.338
15,36,11,8.6398e+05,0.052,0.068
15,36,11,8.6402e+05,0.383,0.007
15,36,11,8.6406e+05,0.273,-0.429
15,36,11,8.641e+05,0.025,-0.307
15,36,11,8.6414e+05,-0.002,-0.242
15,36,11,8.6418e+05,-0.42,0.234
15,36,11,8.6422e+05,0.034,0.384
15,36,11,8.6426e+05,-0.609,0.442
15,36,11,8.643e+05,-0.458,1.101
15,36,11,8.6434e+05,-0.194,0.057
15,36,11,8.6437e+05,0.552,-0.398
15,36,11,8.6441e+05,-0.744,0.946
15,36,11,8.6445e+05,-0.579,0.46
15,36,11,8.6449e+05,-0.242,-0.86
15,36,11,8.6453e+05,0.337,0.517
15,36,11,8.6457e+05,-0.256,0.028
15,36,11,8.6461e+05,0.271,-0.226
15,36,11,8.6465e+05,0.227,-0.423
15,36,11,8.6469e+05,0.299,-0.522
15,36,11,8.6473e+05,-0.001,-0.394
15,36,11,8.6476e+05,-0.548,0.491
15,36,11,8.648e+05,0.031,-0.38
15,36,11,8.6484e+05,0.281,-0.33
15,36,11,8.6488e+05,0.409,0.556
15,36,11,8.6492e+05,0.124,-0.472
15,36,11,8.6496e+05,-0.061,-0.313
15,36,11,8.65e+05,-0.027,0.829
15,36,11,8.6504e+05,-0.223,0.548
15,36,11,8.6508e+05,-0.212,-0.009
15,36,11,8.6512e+05,0.01,0.539
15,36,11,8.6516e+05,0.048,0.162
15,36,11,8.652e+05,0.057,-0.329
15,36,11,8.6523e+05,-0.088,-0.371
15,36,11,8.6527e+05,-0.076,-0.142
15,36,11,8.6531e+05,-0.529,0.189
15,36,11,8.6535e+05,0.15,-0.123
15,36,11,8.6539e+05,-0.075,-0.324
15,36,11,8.6543e+05,-0.009,0.468
15,36,11,8.6547e+05,-0.526,-0.176
15,36,11,8.6551e+05,0.184,0.202
15,36,11,8.6555e+05,0.237,-0.165
15,36,11,8.6558e+05,0.424,0.286
15,36,11,8.6562e+05,0.526,-0.01
15,36,11,8.6566e+05,0.279,-0.18
15,36,11,8.657e+05,0.648,-0.102
15,36,11,8.6574e+05,-0.072,0.536
15,36,11,8.6578e+05,0.5,0.025
15,36,11,8.6582e+05,-0.411,0.376
15,36,11,8.6586e+05,0.109,0.091
15,36,11,8.659e+05,-0.442,-0.577
15,36,11,8.6594e+05,0.036,0.427
15,36,11,8.6598e+05,-0.378,-0.58
15,36,11,8.6602e+05,-0.056,0.091
15,36,11,8.6605e+05,-0.019,-0.331
15,36,11,8.6609e+05,-0.045,-0.094
15,36,11,8.6613e+05,-0.231,-0.31
15,36,11,8.6617e+05,-0.206,-0.206
15,36,11,8.6621e+05,0.087,0.091
15,36,11,8.6625e+05,0.287,0.305
15,36,11,8.6629e+05,0.571,-0.254
15,36,11,8.6633e+05,0.565,-0.414
15,36,11,8.6637e+05,0.574,0.006
15,36,11,8.6641e+05,0.3,-0.037
15,36,11,8.6644e+05,0.303,0.441
15,36,11,8.6648e+05,0.131,0.397
15,36,11,8.6652e+05,0.05,0.406
15,36,11,8.6656e+05,-0.008,0.387
15,36,11,8.666e+05,0.114,-0.657
15,36,11,8.6664e+05,-0.022,-0.385
15,36,11,8.6668e+05,-0.154,1.004
15,36,11,8.6672e+05,-0.077,-0.313
15,36,11,8.6676e+05,-0.412,-0.362
15,36,11,8.668e+05,-0.019,0.502
15,36,11,8.6684e+05,0.006,-0.112
15,36,11,8.6687e+05,-0.014,-0.17
15,36,11,8.6691e+05,0.108,0.104
15,36,11,8.6695e+05,0.223,0.092
15,36,11,8.6699e+05,0.136,-0.344
15,36,11,8.6703e+05,0.167,0.173
15,36,11,8.6707e+05,0.234,0.121
15,36,11,8.6711e+05,0.197,0.028
15,36,11,8.6715e+05,-0.005,-0.193
15,36,11,8.6719e+05,0.225,-0.151
15,36,11,8.6723e+05,0.011,0.602
15,36,11,8.6726e+05,0.369,0.058
15,36,11,8.673e+05,0.147,-0.133
15,36,11,8.6734e+05,0.38,0.194
15,36,11,8.6738e+05,0.026,-0.321
15,36,11,8.6742e+05,0.032,0.352
15,36,11,8.6746e+05,0.064,-0.233
15,36,11,8.675e+05,-0.271,-0.081
15,36,11,8.6754e+05,-0.14,-0.193
15,36,11,8.6758e+05,-0.247,0.043
15,36,11,8.6762e+05,-0.28,-0.015
15,36,11,8.6766e+05,-0.814,0.4
15,36,11,8.677e+05,-0.038,0.316
15,36,11,8.6773e+05,-0.115,-0.256
15,36,11,8.6777e+05,-0.029,0.315
15,36,11,8.6781e+05,-0.223,-0.515
15,36,11,8.6785e+05,0.288,-0.208
15,36,11,8.6789e+05,-0.051,-0.178
15,36,11,8.6793e+05,0.236,0.049
15,36,11,8.6797e+05,-0.016,0.237
15,36,11,8.6801e+05,0.204,0.004
15,36,11,8.6805e+05,-0.014,-0.872
15,36,11,8.6808e+05,-0.225,0.036
15,36,11,8.6812e+05,-0.087,0.25
15,36,11,8.6816e+05,-0.159,-0.072
15,36,11,8.682e+05,0.019,0.283
15,36,11,8.6824e+05,-0.035,0.024
15,36,11,8.6828e+05,0.053,0.204
15,36,11,8.6832e+05,0.012,0.226
15,36,11,8.6836e+05,0.006,0.246
15,36,11,8.684e+05,0.454,0.385
15,36,11,8.6844e+05,0.173,0.727
15,36,11,8.6848e+05,0.238,-0.395
15,36,11,8.6852e+05,0.191,-0.007
15,36,11,8.6855e+05,0.467,0.132
15,36,11,8.6859e+05,-0.05,-0.505
15,36,11,8.6863e+05,0.073,0.802
15,36,11,8.6867e+05,0.01,-0.403
15,36,11,8.6871e+05,0.125,-0.212
15,36,11,8.6875e+05,-0.187,0.498
15,36,11,8.6879e+05,-0.059,0.423
15,36,11,8.6883e+05,0.429,-0.147
15,36,11,8.6887e+05,0.224,0.303
15,36,11,8.6891e+05,0.076,-0.076
15,36,11,8.6894e+05,-0.226,0.076
15,36,11,8.6898e+05,0.148,0.251
15,36,11,8.6902e+05,0.325,-0.115
15,36,11,8.6906e+05,0.292,0.403
15,36,11,8.691e+05,0.02,-0.03
15,36,11,8.6914e+05,0.653,0.035
15,36,11,8.6918e+05,0.106,-0.038
15,36,11,8.6922e+05,-0.225,0.413
15,36,11,8.6926e+05,0.121,-0.023
15,36,11,8.693e+05,0.16,0.059
15,36,11,8.6934e+05,0.099,0.149
15,36,11,8.6937e+05,-0.359,0.085
15,36,11,8.6941e+05,0.292,0.376
15,36,11,8.6945e+05,-0.056,0.613
15,36,11,8.6949e+05,-0.303,0.634
15,36,11,8.6953e+05,-0.141,-0.46
15,36,11,8.6957e+05,-0.069,-0.444
15,36,11,8.6961e+05,-0.17,-0.212
15,36,11,8.6965e+05,-0.388,0.017
15,36,11,8.6969e+05,-0.638,-0.12
15,36,11,8.6973e+05,-0.18,-0.085
15,36,11,8.6976e+05,-0.233,1.309
15,36,11,8.698e+05,0.253,-0.249
15,36,11,8.6984e+05,0.147,-0.513
15,36,11,8.6988e+05,0.107,0.177
15,36,11,8.6992e+05,0.192,-0.491
15,36,11,8.6996e+05,0.355,0.247
15,36,11,8.7e+05,0.109,0.801
15,36,11,8.7004e+05,0.216,0.093
15,36,11,8.7008e+05,0.131,0.432
15,36,11,8.7012e+05,0.007,0.508
15,36,11,8.7016e+05,0.234,0.047
15,36,11,8.702e+05,0.52,0.172
15,36,11,8.7023e+05,0.565,-0.418
15,36,11,8.7027e+05,0.28,-0.378
15,36,11,8.7031e+05,0.418,-0.333
15,36,11,8.7035e+05,-0.084,-0.794
15,36,11,8.7039e+05,-0.424,0.025
15,36,11,8.7043e+05,-0.548,0.32
15,36,11,8.7047e+05,-0.613,0.223
15,36,11,8.7051e+05,-0.568,0.517
15,36,11,8.7055e+05,-0.293,0.319
15,36,11,8.7058e+05,-0.128,0.528
15,36,11,8.7062e+05,-0.072,0.114
15,36,11,8.7066e+05,-0.118,-0.015
15,36,11,8.707e+05,-0.092,0.175
15,36,11,8.7074e+05,-0.061,0.332
15,36,11,8.7078e+05,0.196,-0.545
15,36,11,8.7082e+05,0.278,-0.174
15,36,11,8.7086e+05,0.158,0.05
15,36,11,8.709e+05,-0.253,-0.684
15,36,11,8.7094e+05,-0.283,0.037
15,36,11,8.7098e+05,-0.392,0.079
15,36,11,8.7102e+05,-0.058,-0.326
15,36,11,8.7105e+05,0.356,-0.126
15,36,11,8.7109e+05,0.768,-0.324
15,36,11,8.7113e+05,0.539,-0.233
15,36,11,8.7117e+05,0.723,-0.645
15,36,11,8.7121e+05,0.029,0.193
15,36,11,8.7125e+05,-0.049,0.776
15,36,11,8.7129e+05,-0.332,0.504
15,36,11,8.7133e+05,-0.302,0.806
15,36,11,8.7137e+05,-0.144,0.283
15,36,11,8.7141e+05,0.05,0.274
15,36,11,8.7144e+05,0.019,0.02
15,36,11,8.7148e+05,-0.058,-0.687
15,36,11,8.7152e+05,-0.173,-0.41
15,36,11,8.7156e+05,0.473,-0.6
15,36,11,8.716e+05,0.363,-0.655
15,36,11,8.7164e+05,0.527,-0.408
15,36,11,8.7168e+05,-0.097,0.256
15,36,11,8.7172e+05,0.316,0.207
15,36,11,8.7176e+05,0.035,0.499
15,36,11,8.718e+05,0.958,0.777
15,36,11,8.7184e+05,0.466,0.39
15,36,11,8.7187e+05,1.037,-0.113
15,36,11,8.7191e+05,0.313,-1.446
15,36,11,8.7195e+05,0.713,-0.242
15,36,11,8.7199e+05,0.179,0.106
15,36,11,8.7203e+05,0.323,0.314
15,36,11,8.7207e+05,-0.03,0.476
15,36,11,8.7211e+05,-0.019,1.005
15,36,11,8.7215e+05,-0.074,-0.394
15,36,11,8.7219e+05,-0.17,0.212
15,36,11,8.7223e+05,0.041,0.073
15,36,11,8.7226e+05,0.142,-0.135
15,36,11,8.723e+05,0.612,-0.583
15,36,11,8.7234e+05,-0.064,-0.149
15,36,11,8.7238e+05,0.267,-0.168
15,36,11,8.7242e+05,-0.016,0.229
15,36,11,8.7246e+05,0.607,0.599
15,36,11,8.725e+05,0.176,-0.348
15,36,11,8.7254e+05,0.62,-0.12
15,36,11,8.7258e+05,-0.064,-0.083
15,36,11,8.7262e+05,0.314,-0.388
15,36,11,8.7266e+05,-0.078,-0.005
15,36,11,8.727e+05,0.096,0.916
15,36,11,8.7273e+05,-0.322,0.156
15,36,11,8.7277e+05,0.109,0.177
15,36,11,8.7281e+05,0.053,-0.615
15,36,11,8.7285e+05,-0.088,0.336
15,36,11,8.7289e+05,-0.008,-0.077
15,36,11,8.7293e+05,-0.243,0.248
15,36,11,8.7297e+05,-0.412,0.111
15,36,11,8.7301e+05,-0.587,0.401
15,36,11,8.7305e+05,-0.146,0.506
15,36,11,8.7308e+05,-0.124,-0.449
15,36,11,8.7312e+05,-0.208,0.037
15,36,11,8.7316e+05,-0.103,0.465
15,36,11,8.732e+05,0.495,-0.407
15,36,11,8.7324e+05,0.27,-0.238
15,36,11,8.7328e+05,0.772,0.492
15,36,11,8.7332e+05,0.657,-0.012
15,36,11,8.7336e+05,0.954,-0.445
15,36,11,8.734e+05,0.318,-0.525
15,36,11,8.7344e+05,0.057,0.649
15,36,11,8.7348e+05,-0.136,0.402
15,36,11,8.7352e+05,-0.462,0.046
15,36,11,8.7355e+05,-0.338,0.673
15,36,11,8.7359e+05,-0.362,0.719
15,36,11,8.7363e+05,-0.419,-0.263
15,36,11,8.7367e+05,-0.919,0.228
15,36,11,8.7371e+05,-0.376,0.054
15,36,11,8.7375e+05,-0.407,-0.516
15,36,11,8.7379e+05,-0.425,0.517
15,36,11,8.7383e+05,-0.2,-0.239
15,36,11,8.7387e+05,-0.311,-0.313
15,36,11,8.7391e+05,0.085,0.022
15,36,11,8.7394e+05,-0,0.12
15,36,11,8.7398e+05,0.496,0.304
15,36,11,8.7402e+05,0.401,-0.257
15,36,11,8.7406e+05,0.416,0.236
15,36,11,8.741e+05,0.35,0.497
15,36,11,8.7414e+05,0.134,-0.198
15,36,11,8.7418e+05,-0.349,0.078
15,36,11,8.7422e+05,-0.097,0.951
15,36,11,8.7426e+05,0.041,-0.232
15,36,11,8.743e+05,-0.015,0.089
15,36,11,8.7434e+05,-0.557,0.619
15,36,11,8.7437e+05,-0.423,-0.041
15,36,11,8.7441e+05,-0.246,0.154
15,36,11,8.7445e+05,-0.557,0.263
15,36,11,8.7449e+05,-0.341,0.146
15,36,11,8.7453e+05,0.062,0.209
15,36,11,8.7457e+05,0.453,-0.753
15,36,11,8.7461e+05,-0.479,0.032
15,36,11,8.7465e+05,-0.027,0.818
15,36,11,8.7469e+05,-0.022,-0.205
15,36,11,8.7473e+05,0.113,0.563
15,36,11,8.7476e+05,0.39,0.395
15,36,11,8.748e+05,0.744,0.088
15,36,11,8.7484e+05,0.623,-0.533
15,36,11,8.7488e+05,0.033,0.066
15,36,11,8.7492e+05,0.262,-0.064
15,36,11,8.7496e+05,0.041,0.16
15,36,11,8.75e+05,0.114,0.524
