9;56;30;4.2504e+05;0.071;0.926
9;56;30;4.2508e+05;0.024;0.686
9;56;30;4.2512e+05;0.344;-0.675
9;56;30;4.2516e+05;-0.049;0.706
9;56;30;4.252e+05;0.333;0.662
9;56;30;4.2523e+05;-0.053;-1.315
9;56;30;4.2527e+05;0.79;-0.046
9;56;30;4.2531e+05;0.019;-0.262
9;56;30;4.2535e+05;0.083;-0.02
9;56;30;4.2539e+05;-0.557;0.862
9;56;30;4.2543e+05;0.611;0.216
9;56;30;4.2547e+05;-0.635;-0.118
9;56;30;4.2551e+05;0.27;-0.052
9;56;30;4.2555e+05;-0.385;0.319
9;56;30;4.2558e+05;-0.49;0.589
9;56;30;4.2562e+05;-0.61;-0.53
9;56;30;4.2566e+05;0.136;-0.087
9;56;30;4.257e+05;0.355;0.231
9;56;30;4.2574e+05;-0.052;0.1
9;56;30;4.2578e+05;0.271;-0.033
9;56;30;4.2582e+05;0.253;-0.316
9;56;30;4.2586e+05;0.645;0.365
9;56;30;4.259e+05;-0.172;0.304
9;56;30;4.2594e+05;0.138;0.499
9;56;30;4.2598e+05;-0.217;0.117
9;56;30;4.2602e+05;0.113;-0.237
9;56;30;4.2605e+05;0.208;-0.239
9;56;30;4.2609e+05;-0.286;0.662
9;56;30;4.2613e+05;0.392;0.055
9;56;30;4.2617e+05;0.065;-0.454
9;56;30;4.2621e+05;0.569;0.169
9;56;30;4.2625e+05;0.283;-0.637
9;56;30;4.2629e+05;0.038;0.077
9;56;30;4.2633e+05;0.053;0.506
9;56;30;4.2637e+05;0.298;-0.006
9;56;30;4.2641e+05;-0.075;0.024
9;56;30;4.2644e+05;0.133;0.356
9;56;30;4.2648e+05;-0.06;0.613
9;56;30;4.2652e+05;0.129;-0.501
9;56;30;4.2656e+05;-0.05;-0.064
9;56;30;4.266e+05;0.173;0.327
9;56;30;4.2664e+05;-0.275;-0.062
9;56;30;4.2668e+05;-0.097;0.663
9;56;30;4.2672e+05;-0.312;-0.514
9;56;30;4.2676e+05;0.185;0.079
9;56;30;4.268e+05;0.247;0.023
9;56;30;4.2684e+05;-0.567;-0.12
9;56;30;4.2687e+05;0.13;0.521
9;56;30;4.2691e+05;-0.284;-0.079
9;56;30;4.2695e+05;0.337;0.294
9;56;30;4.2699e+05;-0.193;-0.094
9;56;30;4.2703e+05;0.172;0.154
9;56;30;4.2707e+05;0.124;0.202
9;56;30;4.2711e+05;0.133;-0.676
9;56;30;4.2715e+05;-0.005;0.135
9;56;30;4.2719e+05;-0.169;0.806
9;56;30;4.2723e+05;0.332;-0.039
9;56;30;4.2726e+05;0.446;-0.307
9;56;30;4.273e+05;0.034;0.167
9;56;30;4.2734e+05;0.578;-0.309
9;56;30;4.2738e+05;0.171;0.515
9;56;30;4.2742e+05;0.663;0.36
9;56;30;4.2746e+05;-0.219;-0.04
9;56;30;4.275e+05;0.287;0.766
9;56;30;4.2754e+05;-0.343;-0.539
9;56;30;4.2758e+05;-0.585;0.499
9;56;30;4.2762e+05;-0.155;0.197
9;56;30;4.2766e+05;-0.218;-0.081
9;56;30;4.277e+05;0.352;0.086
9;56;30;4.2773e+05;-0.184;-0.352
9;56;30;4.2777e+05;0.46;0.046
9;56;30;4.2781e+05;-0.043;0.095
9;56;30;4.2785e+05;0.067;0.482
9;56;30;4.2789e+05;-0.324;0.35
9;56;30;4.2793e+05;-0.02;0.217
9;56;30;4.2797e+05;-0.023;-0.946
9;56;30;4.2801e+05;0.106;0.68
9;56;30;4.2805e+05;-0.198;0.597
9;56;30;4.2808e+05;-0.136;-0.74
9;56;30;4.2812e+05;-0.328;0.462
9;56;30;4.2816e+05;-0.162;0.586
9;56;30;4.282e+05;-0.121;-0.374
9;56;30;4.2824e+05;-0.487;0.37
9;56;30;4.2828e+05;-0.06;0.456
9;56;30;4.2832e+05;-0.026;-1.129
9;56;30;4.2836e+05;0.053;-0.166
9;56;30;4.284e+05;-0.341;1.811
9;56;30;4.2844e+05;-0.23;-0.603
9;56;30;4.2848e+05;-0.07;-0.665
9;56;30;4.2852e+05;0.537;1.352
9;56;30;4.2855e+05;-0.008;-1.586
9;56;30;4.2859e+05;-0.373;0.758
9;56;30;4.2863e+05;0.413;0.842
9;56;30;4.2867e+05;-0.14;-1.247
9;56;30;4.2871e+05;0.306;0.464
9;56;30;4.2875e+05;-0.224;0.176
9;56;30;4.2879e+05;0.299;-0.005
9;56;30;4.2883e+05;-0.294;-0.422
9;56;30;4.2887e+05;0.54;0.97
9;56;30;4.2891e+05;0.728;-0.079
9;56;30;4.2894e+05;0.386;-1.187
9;56;30;4.2898e+05;-0.139;0.951
9;56;30;4.2902e+05;-0.208;0.708
9;56;30;4.2906e+05;-0.096;-0.726
9;56;30;4.291e+05;-0.396;0.761
9;56;30;4.2914e+05;-0.231;0.146
9;56;30;4.2918e+05;-0.274;-0.829
9;56;30;4.2922e+05;0.101;-0.115
9;56;30;4.2926e+05;0.294;0.325
9;56;30;4.293e+05;-0.354;0.114
9;56;30;4.2934e+05;-0.391;-0.346
9;56;30;4.2937e+05;-0.24;0.834
9;56;30;4.2941e+05;-0.531;0.457
9;56;30;4.2945e+05;0.145;-1.32
9;56;30;4.2949e+05;-0.49;0.857
9;56;30;4.2953e+05;-0.032;0.334
9;56;30;4.2957e+05;-0.028;-1.914
9;56;30;4.2961e+05;0.456;0.911
9;56;30;4.2965e+05;0.302;0.421
9;56;30;4.2969e+05;0.489;-0.514
9;56;30;4.2973e+05;0.474;0.354
9;56;30;4.2976e+05;0.638;0.26
9;56;30;4.298e+05;0.822;-0.663
9;56;30;4.2984e+05;-0.214;-0.33
9;56;30;4.2988e+05;0.268;1.333
9;56;30;4.2992e+05;-0.828;-0.145
9;56;30;4.2996e+05;-0.452;-0.228
9;56;30;4.3e+05;0.017;0.178
9;56;30;4.3004e+05;-0.207;0.027
9;56;30;4.3008e+05;-0.083;-0.781
9;56;30;4.3012e+05;-0.416;0.489
9;56;30;4.3016e+05;0.508;0.102
9;56;30;4.302e+05;-0.501;-0.855
9;56;30;4.3023e+05;-0.038;1.096
9;56;30;4.3027e+05;-0.065;-0.117
9;56;30;4.3031e+05;0.26;-0.371
9;56;30;4.3035e+05;0.105;-0.159
9;56;30;4.3039e+05;-0.041;0.676
9;56;30;4.3043e+05;0.167;-0.191
9;56;30;4.3047e+05;-0.047;-0.231
9;56;30;4.3051e+05;0.409;0.847
9;56;30;4.3055e+05;-0.677;0.012
9;56;30;4.3058e+05;0.158;-0.076
9;56;30;4.3062e+05;-0.13;0.269
9;56;30;4.3066e+05;0.165;0.314
9;56;30;4.307e+05;-0.493;-0.6
9;56;30;4.3074e+05;-0.592;0.745
9;56;30;4.3078e+05;-0.781;0.049
9;56;30;4.3082e+05;-0.435;0.076
9;56;30;4.3086e+05;-0.53;0.455
9;56;30;4.309e+05;-0.475;-0.453
9;56;30;4.3094e+05;-0.185;-0.212
9;56;30;4.3098e+05;-0.409;0.354
9;56;30;4.3102e+05;-0.026;-0.277
9;56;30;4.3105e+05;-0.69;-0.518
9;56;30;4.3109e+05;-0.089;0.625
9;56;30;4.3113e+05;-0.704;0.083
9;56;30;4.3117e+05;-0.074;-0.307
9;56;30;4.3121e+05;-0.029;-0.105
9;56;30;4.3125e+05;0.403;0.349
9;56;30;4.3129e+05;0.024;0.091
9;56;30;4.3133e+05;0.101;-0.01
9;56;30;4.3137e+05;0.611;0.086
9;56;30;4.3141e+05;0.257;-0.23
9;56;30;4.3144e+05;0.223;0.527
9;56;30;4.3148e+05;0.526;0.124
9;56;30;4.3152e+05;-0.229;0.015
9;56;30;4.3156e+05;0.181;0.286
9;56;30;4.316e+05;-0.216;-0.064
9;56;30;4.3164e+05;0.264;0.123
9;56;30;4.3168e+05;-0.147;-0.466
9;56;30;4.3172e+05;0.195;0.039
9;56;30;4.3176e+05;-0.478;-0.241
9;56;30;4.318e+05;-0.631;-0.143
9;56;30;4.3184e+05;-0.786;0.541
9;56;30;4.3187e+05;-0.252;-0.316
9;56;30;4.3191e+05;-0.034;0.168
9;56;30;4.3195e+05;-0.591;0.161
9;56;30;4.3199e+05;-0.543;-0.034
9;56;30;4.3203e+05;-0.141;0.602
9;56;30;4.3207e+05;0.041;-0.365
9;56;30;4.3211e+05;-0.195;-0.005
9;56;30;4.3215e+05;-0.633;1.072
9;56;30;4.3219e+05;-0.102;-0.375
9;56;30;4.3223e+05;-0.093;-0.883
9;56;30;4.3226e+05;0.312;0.422
9;56;30;4.323e+05;0.468;-0.215
9;56;30;4.3234e+05;0.27;-0.171
9;56;30;4.3238e+05;0.279;0.562
9;56;30;4.3242e+05;0.031;0.481
9;56;30;4.3246e+05;0.288;-0.159
9;56;30;4.325e+05;-0.209;0.261
9;56;30;4.3254e+05;0.135;0.826
9;56;30;4.3258e+05;-0.432;-0.736
9;56;30;4.3262e+05;0.294;-0.878
9;56;30;4.3266e+05;-0.089;0.328
9;56;30;4.327e+05;-0.056;0.271
9;56;30;4.3273e+05;-0.35;0.041
9;56;30;4.3277e+05;-0.6;0.663
9;56;30;4.3281e+05;-0.75;0.408
9;56;30;4.3285e+05;-0.415;-0.302
9;56;30;4.3289e+05;0.028;-0.13
9;56;30;4.3293e+05;-0.048;0.504
9;56;30;4.3297e+05;0.015;-0.242
9;56;30;4.3301e+05;-0.057;-1.018
9;56;30;4.3305e+05;0.192;0.182
9;56;30;4.3308e+05;-0.042;1.06
9;56;30;4.3312e+05;0.335;-0.046
9;56;30;4.3316e+05;0.203;-0.357
9;56;30;4.332e+05;-0.232;0.296
9;56;30;4.3324e+05;0.316;-0.161
9;56;30;4.3328e+05;0.025;-0.209
9;56;30;4.3332e+05;0.497;0.482
9;56;30;4.3336e+05;0.635;0.663
9;56;30;4.334e+05;0.063;-0.411
9;56;30;4.3344e+05;0.528;-1.012
9;56;30;4.3348e+05;-0.196;0.317
9;56;30;4.3352e+05;-0.153;0.334
9;56;30;4.3355e+05;-0.499;-0.53
9;56;30;4.3359e+05;-0.578;0.741
9;56;30;4.3363e+05;-0.308;-0.029
9;56;30;4.3367e+05;-0.512;-0.618
9;56;30;4.3371e+05;-0.159;0.455
9;56;30;4.3375e+05;0.225;0.036
9;56;30;4.3379e+05;0.167;-0.1
9;56;30;4.3383e+05;-0.346;0.14
9;56;30;4.3387e+05;-0.111;-0.005
9;56;30;4.3391e+05;-0.458;-0.146
9;56;30;4.3394e+05;0.016;1.142
9;56;30;4.3398e+05;0.444;0.121
9;56;30;4.3402e+05;-0.051;-0.481
9;56;30;4.3406e+05;0.476;-0.254
9;56;30;4.341e+05;-0.048;-0.312
9;56;30;4.3414e+05;0.211;0.66
9;56;30;4.3418e+05;0.379;-0.369
9;56;30;4.3422e+05;0.415;0.184
9;56;30;4.3426e+05;0.742;0.341
9;56;30;4.343e+05;0.563;-0.738
9;56;30;4.3434e+05;0.145;0.246
9;56;30;4.3437e+05;0.431;0.147
9;56;30;4.3441e+05;-0.34;-0.316
9;56;30;4.3445e+05;-0.533;0.162
9;56;30;4.3449e+05;-0.571;-0.052
9;56;30;4.3453e+05;-0.099;0.064
9;56;30;4.3457e+05;-0.251;-0.724
9;56;30;4.3461e+05;0.311;-0.085
9;56;30;4.3465e+05;-0.336;0.342
9;56;30;4.3469e+05;-0.51;-0.515
9;56;30;4.3473e+05;-0.171;0.62
9;56;30;4.3476e+05;-0.587;0.841
9;56;30;4.348e+05;-0.101;-0.982
9;56;30;4.3484e+05;-0.026;0.155
9;56;30;4.3488e+05;0.894;0.163
9;56;30;4.3492e+05;-0.06;-1.276
9;56;30;4.3496e+05;0.346;-0.002
9;56;30;4.35e+05;0.216;0.156
9;56;30;4.3504e+05;0.79;0.304
9;56;30;4.3508e+05;0.26;-0.546
9;56;30;4.3512e+05;0.359;0.002
9;56;30;4.3516e+05;0.189;0.236
9;56;30;4.352e+05;0.524;-0.463
9;56;30;4.3523e+05;0.322;-0.195
9;56;30;4.3527e+05;-0.062;0.852
9;56;30;4.3531e+05;-0.289;-0.153
9;56;30;4.3535e+05;-0.128;-0.34
9;56;30;4.3539e+05;0.349;0.233
9;56;30;4.3543e+05;0.169;-0.124
9;56;30;4.3547e+05;0.333;-0.334
9;56;30;4.3551e+05;-0.517;0.025
9;56;30;4.3555e+05;-0.202;0.82
9;56;30;4.3558e+05;-0.412;0.195
9;56;30;4.3562e+05;0.22;0.224
9;56;30;4.3566e+05;-0.204;-0.774
9;56;30;4.357e+05;-0.223;0.005
9;56;30;4.3574e+05;-0.268;0.296
9;56;30;4.3578e+05;-0.285;-0.479
9;56;30;4.3582e+05;0.113;0.514
9;56;30;4.3586e+05;0.315;-0.023
9;56;30;4.359e+05;0.326;0.087
9;56;30;4.3594e+05;-0.143;-0.37
9;56;30;4.3598e+05;-0.729;0.276
9;56;30;4.3602e+05;0.071;0.52
9;56;30;4.3605e+05;0.079;-0.254
9;56;30;4.3609e+05;-0.006;0.513
9;56;30;4.3613e+05;-0.469;-1.163
9;56;30;4.3617e+05;0.206;0.036
9;56;30;4.3621e+05;0.569;0.276
9;56;30;4.3625e+05;0.395;-0.193
9;56;30;4.3629e+05;-0.009;0.247
9;56;30;4.3633e+05;-0.533;0.526
9;56;30;4.3637e+05;0.022;-0.197
9;56;30;4.3641e+05;-0.66;0.12
9;56;30;4.3644e+05;0.799;0.142
9;56;30;4.3648e+05;-0.184;-0.455
9;56;30;4.3652e+05;0.456;-0.112
9;56;30;4.3656e+05;-0.365;-0.654
9;56;30;4.366e+05;1.042;0.122
9;56;30;4.3664e+05;0.021;-0.298
9;56;30;4.3668e+05;0.882;0.511
9;56;30;4.3672e+05;-0.199;0.432
9;56;30;4.3676e+05;0.33;0.106
9;56;30;4.368e+05;0.236;0.047
9;56;30;4.3684e+05;0.551;0.294
9;56;30;4.3687e+05;0.852;-0.417
9;56;30;4.3691e+05;0.017;-0.178
9;56;30;4.3695e+05;0.04;0.398
9;56;30;4.3699e+05;-0.114;-0.682
9;56;30;4.3703e+05;0.405;-0.184
9;56;30;4.3707e+05;0.286;0.434
9;56;30;4.3711e+05;0.087;-0.435
9;56;30;4.3715e+05;-0.321;-0.16
9;56;30;4.3719e+05;-0.156;-0.28
9;56;30;4.3723e+05;-0.222;-0.49
9;56;30;4.3726e+05;0.03;0.761
9;56;30;4.373e+05;-0.698;0.677
9;56;30;4.3734e+05;0.071;-0.141
9;56;30;4.3738e+05;-0.609;0.122
9;56;30;4.3742e+05;0.356;0.143
9;56;30;4.3746e+05;-0.141;-0.01
9;56;30;4.375e+05;0.15;0.499
9;56;30;4.3754e+05;0.351;-0.389
9;56;30;4.3758e+05;0.064;0.294
9;56;30;4.3762e+05;0.323;0.081
9;56;30;4.3766e+05;0.141;-0.25
9;56;30;4.377e+05;0.18;1.302
9;56;30;4.3773e+05;0.159;0.345
9;56;30;4.3777e+05;-0.166;-0.432
9;56;30;4.3781e+05;0.113;0.437
9;56;30;4.3785e+05;0.112;0.067
9;56;30;4.3789e+05;0.054;-0.583
9;56;30;4.3793e+05;0.151;0.107
9;56;30;4.3797e+05;0.24;-0.134
9;56;30;4.3801e+05;-0.454;-0.348
9;56;30;4.3805e+05;0.506;-0.656
9;56;30;4.3808e+05;-0.264;0.396
9;56;30;4.3812e+05;0.119;0.699
9;56;30;4.3816e+05;-0.318;-1.148
9;56;30;4.382e+05;-0.443;0.967
9;56;30;4.3824e+05;0.09;0.613
9;56;30;4.3828e+05;-0.129;-0.834
9;56;30;4.3832e+05;0.206;0.722
9;56;30;4.3836e+05;0.758;0.448
9;56;30;4.384e+05;0.156;-0.546
9;56;30;4.3844e+05;0.246;-0.635
9;56;30;4.3848e+05;0.413;0.688
9;56;30;4.3852e+05;0.086;0.872
9;56;30;4.3855e+05;0.223;-0.531
9;56;30;4.3859e+05;0.19;0.566
9;56;30;4.3863e+05;0.185;0.518
9;56;30;4.3867e+05;0.044;-0.792
9;56;30;4.3871e+05;0.078;0.418
9;56;30;4.3875e+05;0.096;0.931
9;56;30;4.3879e+05;0.038;-0.96
9;56;30;4.3883e+05;-0.212;0.131
9;56;30;4.3887e+05;0.471;-0.567
9;56;30;4.3891e+05;-0.633;-0.548
9;56;30;4.3894e+05;0.354;0.913
9;56;30;4.3898e+05;-0.108;-0.929
9;56;30;4.3902e+05;0.518;1.133
9;56;30;4.3906e+05;0.399;0.047
9;56;30;4.391e+05;-0.513;0.333
9;56;30;4.3914e+05;-0.267;0.344
9;56;30;4.3918e+05;-0.422;-0.617
9;56;30;4.3922e+05;0.666;1.084
9;56;30;4.3926e+05;-0.192;-0.245
9;56;30;4.393e+05;0.441;-0.172
9;56;30;4.3934e+05;-0.083;-0.293
9;56;30;4.3937e+05;0.406;0.567
9;56;30;4.3941e+05;0.708;0.517
9;56;30;4.3945e+05;0.185;-0.191
9;56;30;4.3949e+05;-0.246;0.678
9;56;30;4.3953e+05;-0.267;0.444
9;56;30;4.3957e+05;-0.137;-0.632
9;56;30;4.3961e+05;0.681;-0.586
9;56;30;4.3965e+05;0.318;-0.193
9;56;30;4.3969e+05;0.104;-0.175
9;56;30;4.3973e+05;0.073;-0.206
9;56;30;4.3976e+05;-0.632;0.683
9;56;30;4.398e+05;-0.163;-0.138
9;56;30;4.3984e+05;-0.665;0.314
9;56;30;4.3988e+05;0.239;-0.078
9;56;30;4.3992e+05;0.051;-0.162
9;56;30;4.3996e+05;0.507;-0.106
9;56;30;4.4e+05;0.095;-0.451
9;56;30;4.4004e+05;0.761;0.366
9;56;30;4.4008e+05;-0.052;0.154
9;56;30;4.4012e+05;0.434;0.495
9;56;30;4.4016e+05;-0.461;0.251
9;56;30;4.402e+05;0.3;-0.009
9;56;30;4.4023e+05;-0.067;-0.367
9;56;30;4.4027e+05;0.437;0.673
9;56;30;4.4031e+05;0.328;-0.311
9;56;30;4.4035e+05;0.358;-1.085
9;56;30;4.4039e+05;1.132;-0.217
9;56;30;4.4043e+05;0.058;0.646
9;56;30;4.4047e+05;0.233;0.089
9;56;30;4.4051e+05;-0.873;-0.405
9;56;30;4.4055e+05;-0.389;1.324
9;56;30;4.4058e+05;-0.053;-0.161
9;56;30;4.4062e+05;-0.347;-0.304
9;56;30;4.4066e+05;0.3;0.136
9;56;30;4.407e+05;0.119;-0.442
9;56;30;4.4074e+05;0.303;-0.35
9;56;30;4.4078e+05;0.562;-0.433
9;56;30;4.4082e+05;-0.028;0.888
9;56;30;4.4086e+05;-0.143;-0.278
9;56;30;4.409e+05;-0.299;0.19
9;56;30;4.4094e+05;0.047;1.231
9;56;30;4.4098e+05;0.12;-0.831
9;56;30;4.4102e+05;0.078;-0.218
9;56;30;4.4105e+05;0.182;0.859
9;56;30;4.4109e+05;0.368;-0.236
9;56;30;4.4113e+05;0.033;-0.66
9;56;30;4.4117e+05;-0.407;0.689
9;56;30;4.4121e+05;0.019;-0.447
9;56;30;4.4125e+05;-0.423;-0.524
9;56;30;4.4129e+05;-0.037;0.462
9;56;30;4.4133e+05;-0.359;0.242
9;56;30;4.4137e+05;0.252;-0.505
9;56;30;4.4141e+05;0.178;-1.153
9;56;30;4.4144e+05;0.237;0.917
9;56;30;4.4148e+05;-0.563;0.229
9;56;30;4.4152e+05;-0.292;-0.2
9;56;30;4.4156e+05;0.023;0.551
9;56;30;4.416e+05;0.148;-0.309
9;56;30;4.4164e+05;0.215;-0.034
9;56;30;4.4168e+05;-0.016;0.248
9;56;30;4.4172e+05;0.452;-0.797
9;56;30;4.4176e+05;0.459;0.304
9;56;30;4.418e+05;0.425;0.609
9;56;30;4.4184e+05;-0.105;-1.01
9;56;30;4.4187e+05;-0.248;0.542
9;56;30;4.4191e+05;0.011;0.209
9;56;30;4.4195e+05;0.193;-0.5
9;56;30;4.4199e+05;-0.165;0.833
9;56;30;4.4203e+05;0.049;-0.537
9;56;30;4.4207e+05;-0.204;-0.247
9;56;30;4.4211e+05;0.705;0.376
9;56;30;4.4215e+05;-0.084;-0.803
9;56;30;4.4219e+05;-0.043;-0.151
9;56;30;4.4223e+05;-0.559;0.361
9;56;30;4.4226e+05;-0.549;0.109
9;56;30;4.423e+05;-0.465;-0.785
9;56;30;4.4234e+05;0.014;0.823
9;56;30;4.4238e+05;0.104;0.13
9;56;30;4.4242e+05;0.002;-1.152
9;56;30;4.4246e+05;0.27;0.596
9;56;30;4.425e+05;0.134;0.651
9;56;30;4.4254e+05;1.01;-0.65
9;56;30;4.4258e+05;0.328;0.568
9;56;30;4.4262e+05;0.61;0.294
9;56;30;4.4266e+05;-0.035;-1.173
9;56;30;4.427e+05;0.607;1.276
9;56;30;4.4273e+05;0.547;-0.113
9;56;30;4.4277e+05;0.769;-0.954
9;56;30;4.4281e+05;0.775;0.492
9;56;30;4.4285e+05;0.325;-0.202
9;56;30;4.4289e+05;0.317;-0.741
9;56;30;4.4293e+05;0.378;0.185
9;56;30;4.4297e+05;0.242;1.173
9;56;30;4.4301e+05;-0.332;-0.217
9;56;30;4.4305e+05;-0.913;0.485
9;56;30;4.4308e+05;-0.463;1.059
9;56;30;4.4312e+05;-0.647;-0.821
9;56;30;4.4316e+05;0.088;-0.057
9;56;30;4.432e+05;-0.169;0.614
9;56;30;4.4324e+05;-0.12;-0.796
9;56;30;4.4328e+05;-0.358;-0.004
9;56;30;4.4332e+05;-0.232;0.964
9;56;30;4.4336e+05;-0.216;-0.814
9;56;30;4.434e+05;-0.279;0.61
9;56;30;4.4344e+05;-0.433;0.774
9;56;30;4.4348e+05;-0.209;-0.986
9;56;30;4.4352e+05;-0.403;0.136
9;56;30;4.4355e+05;0.335;0.084
9;56;30;4.4359e+05;0.178;-0.356
9;56;30;4.4363e+05;0.373;0.129
9;56;30;4.4367e+05;-0.074;0.036
9;56;30;4.4371e+05;-0.104;0.764
9;56;30;4.4375e+05;0.204;-0.452
9;56;30;4.4379e+05;0.135;-0.138
9;56;30;4.4383e+05;0.657;0.162
9;56;30;4.4387e+05;0.07;-0.275
9;56;30;4.4391e+05;0.515;0.66
9;56;30;4.4394e+05;0.262;-0.32
9;56;30;4.4398e+05;0.506;-0.376
9;56;30;4.4402e+05;-0.218;0.816
9;56;30;4.4406e+05;0.196;0.126
9;56;30;4.441e+05;-1.091;0.517
9;56;30;4.4414e+05;0.176;0.704
9;56;30;4.4418e+05;-0.745;-0.254
9;56;30;4.4422e+05;0.426;-0.055
9;56;30;4.4426e+05;-0.565;-0.724
9;56;30;4.443e+05;0.185;0.249
9;56;30;4.4434e+05;-0.107;-0.072
9;56;30;4.4437e+05;-0.41;0.212
9;56;30;4.4441e+05;-0.378;0.086
9;56;30;4.4445e+05;-0.48;0.678
9;56;30;4.4449e+05;-0.104;0.919
9;56;30;4.4453e+05;0.021;-0.452
9;56;30;4.4457e+05;0.263;-0.399
9;56;30;4.4461e+05;0.142;-0.4
9;56;30;4.4465e+05;0.37;0.106
9;56;30;4.4469e+05;-0.171;0.228
9;56;30;4.4473e+05;0.337;-0.14
9;56;30;4.4476e+05;-0.437;0.12
9;56;30;4.448e+05;0.868;0.579
9;56;30;4.4484e+05;-0.304;-0.25
9;56;30;4.4488e+05;-0.008;0.742
9;56;30;4.4492e+05;0.05;1.289
9;56;30;4.4496e+05;0.209;-0.585
9;56;30;4.45e+05;0.138;-1.274
9;56;30;4.4504e+05;-0.15;1.61
9;56;30;4.4508e+05;0.462;-0.669
9;56;30;4.4512e+05;-0.176;-1.04
9;56;30;4.4516e+05;0.361;0.758
9;56;30;4.452e+05;-0.486;-0.486
9;56;30;4.4523e+05;0.337;0.109
9;56;30;4.4527e+05;-0.521;0.698
9;56;30;4.4531e+05;0.317;0.649
9;56;30;4.4535e+05;-0.245;-0.629
9;56;30;4.4539e+05;0.439;0.401
9;56;30;4.4543e+05;0.26;-0.541
9;56;30;4.4547e+05;0.199;-0.429
9;56;30;4.4551e+05;0.56;0.396
9;56;30;4.4555e+05;-0.445;-0.036
9;56;30;4.4558e+05;-0.413;0.609
9;56;30;4.4562e+05;-0.24;0.41
9;56;30;4.4566e+05;0.401;-0.156
9;56;30;4.457e+05;0.421;-0.316
9;56;30;4.4574e+05;0.495;-0.102
9;56;30;4.4578e+05;-0.338;-0.272
9;56;30;4.4582e+05;-0.049;0.444
9;56;30;4.4586e+05;-0.205;0.168
9;56;30;4.459e+05;-0.182;0.129
9;56;30;4.4594e+05;-0.306;0.762
9;56;30;4.4598e+05;-0.354;-0.037
9;56;30;4.4602e+05;-0.549;-0.636
9;56;30;4.4605e+05;0.235;0.045
9;56;30;4.4609e+05;0.064;0.054
9;56;30;4.4613e+05;0.047;0.253
9;56;30;4.4617e+05;-0.099;-0.234
9;56;30;4.4621e+05;-0.347;-0.825
9;56;30;4.4625e+05;-0.098;0.143
9;56;30;4.4629e+05;-0.297;0.887
9;56;30;4.4633e+05;0.098;-0.344
9;56;30;4.4637e+05;-0.69;-0.082
9;56;30;4.4641e+05;0.095;0.116
9;56;30;4.4644e+05;-0.23;-0.692
9;56;30;4.4648e+05;0.134;0.723
9;56;30;4.4652e+05;0.048;0.484
9;56;30;4.4656e+05;0.314;0.162
9;56;30;4.466e+05;0.042;-0.674
9;56;30;4.4664e+05;-0.205;-0.917
9;56;30;4.4668e+05;-0.025;0.829
9;56;30;4.4672e+05;-0.402;0.444
9;56;30;4.4676e+05;0.293;-0.379
9;56;30;4.468e+05;-0.126;0.625
9;56;30;4.4684e+05;0.228;-0.001
9;56;30;4.4687e+05;0.71;-1.029
9;56;30;4.4691e+05;0.531;0.467
9;56;30;4.4695e+05;0.221;-0.408
9;56;30;4.4699e+05;-0.595;0.709
9;56;30;4.4703e+05;-0.135;0.069
9;56;30;4.4707e+05;-0.392;-0.772
9;56;30;4.4711e+05;-0.157;0.99
9;56;30;4.4715e+05;-0.09;-1.083
9;56;30;4.4719e+05;0.03;-0.233
9;56;30;4.4723e+05;-0.165;0.694
9;56;30;4.4726e+05;0.017;-0.411
9;56;30;4.473e+05;-0.323;0.325
9;56;30;4.4734e+05;-0.482;0.385
9;56;30;4.4738e+05;-0.731;-0.062
9;56;30;4.4742e+05;-0.336;-0.031
9;56;30;4.4746e+05;0.053;-0.183
9;56;30;4.475e+05;0.153;-0.415
9;56;30;4.4754e+05;-0.728;0.123
9;56;30;4.4758e+05;-0.455;0.226
9;56;30;4.4762e+05;-0.125;-0.071
9;56;30;4.4766e+05;-0.026;0.433
9;56;30;4.477e+05;0.38;-0.073
9;56;30;4.4773e+05;0.021;0.256
9;56;30;4.4777e+05;0.511;-0.675
9;56;30;4.4781e+05;0.02;-0.175
9;56;30;4.4785e+05;0.436;0.58
9;56;30;4.4789e+05;-0.282;-0.064
9;56;30;4.4793e+05;0.185;0.246
9;56;30;4.4797e+05;-0.585;-0.254
9;56;30;4.4801e+05;0.535;0.123
9;56;30;4.4805e+05;-0.125;-0.391
9;56;30;4.4808e+05;0.232;0.425
9;56;30;4.4812e+05;-0.346;0.304
9;56;30;4.4816e+05;-0.138;-0.558
9;56;30;4.482e+05;0.205;-0.374
9;56;30;4.4824e+05;-0.074;0.324
9;56;30;4.4828e+05;-0.204;0.621
9;56;30;4.4832e+05;-0.197;-0.463
9;56;30;4.4836e+05;-0.083;-0.259
9;56;30;4.484e+05;0.155;0.235
9;56;30;4.4844e+05;-0.074;-0.092
9;56;30;4.4848e+05;-0.305;0.499
9;56;30;4.4852e+05;-0.065;0.022
9;56;30;4.4855e+05;-0.177;-0.16
9;56;30;4.4859e+05;0.615;-0.097
9;56;30;4.4863e+05;0.416;-0.281
9;56;30;4.4867e+05;0.603;-0.201
9;56;30;4.4871e+05;-0.596;0.264
9;56;30;4.4875e+05;0.282;0.174
9;56;30;4.4879e+05;-0.465;0.174
9;56;30;4.4883e+05;0.319;0.829
9;56;30;4.4887e+05;-0.06;-0.783
9;56;30;4.4891e+05;0.032;-0.694
9;56;30;4.4894e+05;-0.018;-0.527
9;56;30;4.4898e+05;-0.086;0.254
9;56;30;4.4902e+05;-0.041;0.772
9;56;30;4.4906e+05;0.494;-0.034
9;56;30;4.491e+05;0.114;0.068
9;56;30;4.4914e+05;-0.365;-0.155
9;56;30;4.4918e+05;-0.024;-0.463
9;56;30;4.4922e+05;-0.801;0.971
9;56;30;4.4926e+05;-0.09;0.357
9;56;30;4.493e+05;-0.435;-0.233
9;56;30;4.4934e+05;0.627;-0.29
9;56;30;4.4937e+05;0.226;-0.541
9;56;30;4.4941e+05;0.234;0.132
9;56;30;4.4945e+05;-0.13;-0.174
9;56;30;4.4949e+05;0.288;0.634
9;56;30;4.4953e+05;-0.233;0.806
9;56;30;4.4957e+05;-0.096;-0.061
9;56;30;4.4961e+05;-0.485;-0.328
9;56;30;4.4965e+05;0.019;0.826
9;56;30;4.4969e+05;0.66;-0.925
9;56;30;4.4973e+05;-0.116;-0.224
9;56;30;4.4976e+05;0.717;0.164
9;56;30;4.498e+05;-0.61;-0.226
9;56;30;4.4984e+05;0.448;0.464
9;56;30;4.4988e+05;-0.491;-0.732
9;56;30;4.4992e+05;0.808;0.85
9;56;30;4.4996e+05;-0.268;-0.263
9;56;30;4.5e+05;0.212;-0.058
9;56;30;4.5004e+05;-0.153;0.621
9;56;30;4.5008e+05;0.393;-0.114
9;56;30;4.5012e+05;-0.181;-0.16
9;56;30;4.5016e+05;-0.304;0.722
9;56;30;4.502e+05;0.172;-0.029
9;56;30;4.5023e+05;-0.438;-0.133
9;56;30;4.5027e+05;-0.078;0.287
9;56;30;4.5031e+05;-0.255;-0.135
9;56;30;4.5035e+05;-0.002;-0.15
9;56;30;4.5039e+05;-0.229;-0.451
9;56;30;4.5043e+05;0.41;1.032
9;56;30;4.5047e+05;-0.507;0.161
9;56;30;4.5051e+05;0.533;-0.691
9;56;30;4.5055e+05;-0.273;0.747
9;56;30;4.5058e+05;0.336;0.076
9;56;30;4.5062e+05;-0.052;-0.254
9;56;30;4.5066e+05;0.07;1.048
9;56;30;4.507e+05;0.39;-0.782
9;56;30;4.5074e+05;0.116;-0.176
9;56;30;4.5078e+05;0.233;-0.171
9;56;30;4.5082e+05;-0.053;-0.344
9;56;30;4.5086e+05;0.386;0.764
9;56;30;4.509e+05;-0.32;-0.228
9;56;30;4.5094e+05;0.637;0.093
9;56;30;4.5098e+05;0.141;0.328
9;56;30;4.5102e+05;0.362;0.174
9;56;30;4.5105e+05;0.359;-0.215
9;56;30;4.5109e+05;0.224;-0.733
9;56;30;4.5113e+05;-0.031;-0.048
9;56;30;4.5117e+05;-0.199;0.186
9;56;30;4.5121e+05;-0.376;0.307
9;56;30;4.5125e+05;0.153;-0.078
9;56;30;4.5129e+05;-0.399;0.004
9;56;30;4.5133e+05;0.009;0.969
9;56;30;4.5137e+05;-0.124;-0.751
9;56;30;4.5141e+05;-0.096;-0.067
9;56;30;4.5144e+05;-0.157;0.785
9;56;30;4.5148e+05;-0.105;-0.987
9;56;30;4.5152e+05;-0.221;-0.543
9;56;30;4.5156e+05;-0.081;0.594
9;56;30;4.516e+05;0.331;0.166
9;56;30;4.5164e+05;0.056;-0.247
9;56;30;4.5168e+05;0.571;-0.352
9;56;30;4.5172e+05;-0.04;0.635
9;56;30;4.5176e+05;0.17;0.267
9;56;30;4.518e+05;0.094;-0.149
9;56;30;4.5184e+05;0.611;0.719
9;56;30;4.5187e+05;0.09;-0.344
9;56;30;4.5191e+05;0.466;-0.307
9;56;30;4.5195e+05;0.207;-0.22
9;56;30;4.5199e+05;0.177;-0.647
9;56;30;4.5203e+05;-0.019;0.8
9;56;30;4.5207e+05;0.052;0.152
9;56;30;4.5211e+05;-0.206;-1.023
9;56;30;4.5215e+05;0.013;0.486
9;56;30;4.5219e+05;-0.002;0.564
9;56;30;4.5223e+05;-0.17;-0.408
9;56;30;4.5226e+05;-0.027;0.121
9;56;30;4.523e+05;-0.053;-0.155
9;56;30;4.5234e+05;-0.453;-0.396
9;56;30;4.5238e+05;0.147;0.187
9;56;30;4.5242e+05;0.015;0.01
9;56;30;4.5246e+05;0.184;-0.604
9;56;30;4.525e+05;0.217;-0.413
9;56;30;4.5254e+05;0.491;0.212
9;56;30;4.5258e+05;0.283;-0.521
9;56;30;4.5262e+05;0.357;0.805
9;56;30;4.5266e+05;0.085;0.872
9;56;30;4.527e+05;0.46;-1.318
9;56;30;4.5273e+05;0.324;0.021
9;56;30;4.5277e+05;0.001;0.962
9;56;30;4.5281e+05;-0.03;-0.375
9;56;30;4.5285e+05;0.12;-0.174
9;56;30;4.5289e+05;0.157;-0.456
9;56;30;4.5293e+05;-0.04;-0.455
9;56;30;4.5297e+05;0.052;0.796
9;56;30;4.5301e+05;0.037;0.125
9;56;30;4.5305e+05;0.807;-0.828
9;56;30;4.5308e+05;-0.035;0.565
9;56;30;4.5312e+05;0.07;0.253
9;56;30;4.5316e+05;-0.369;-0.457
9;56;30;4.532e+05;0.223;0.971
9;56;30;4.5324e+05;-0.087;-0.165
9;56;30;4.5328e+05;-0.394;-0.798
9;56;30;4.5332e+05;-0.159;-0.486
9;56;30;4.5336e+05;-0.483;0.509
9;56;30;4.534e+05;0.54;0.377
9;56;30;4.5344e+05;0.279;-0.38
9;56;30;4.5348e+05;0.794;0.491
9;56;30;4.5352e+05;0.085;-0.027
9;56;30;4.5355e+05;0.266;0.21
9;56;30;4.5359e+05;-0.264;-0.499
9;56;30;4.5363e+05;-0.23;0.425
9;56;30;4.5367e+05;0.049;0.78
9;56;30;4.5371e+05;-0.064;-0.619
9;56;30;4.5375e+05;0.213;-0.499
9;56;30;4.5379e+05;0.249;-0.135
9;56;30;4.5383e+05;0.177;0.197
9;56;30;4.5387e+05;0.315;-0.091
9;56;30;4.5391e+05;-0.226;0.989
9;56;30;4.5394e+05;-0.641;0.436
9;56;30;4.5398e+05;-0.503;-0.654
9;56;30;4.5402e+05;0.011;0.058
9;56;30;4.5406e+05;0.178;-0.254
9;56;30;4.541e+05;0.255;-0.538
9;56;30;4.5414e+05;0.385;0.001
9;56;30;4.5418e+05;0.059;0.357
9;56;30;4.5422e+05;0.044;-0.709
9;56;30;4.5426e+05;0.103;0.289
9;56;30;4.543e+05;0.434;0.777
9;56;30;4.5434e+05;-0.099;-0.292
9;56;30;4.5437e+05;-0.001;0.086
9;56;30;4.5441e+05;0.347;-0.305
9;56;30;4.5445e+05;0.594;0.058
9;56;30;4.5449e+05;0.391;-0.239
9;56;30;4.5453e+05;0.087;0.184
9;56;30;4.5457e+05;0.044;0.997
9;56;30;4.5461e+05;0.043;-0.71
9;56;30;4.5465e+05;-0.323;-0.142
9;56;30;4.5469e+05;0.02;0.646
9;56;30;4.5473e+05;0.223;-0.629
9;56;30;4.5476e+05;0.095;-0.16
9;56;30;4.548e+05;0.12;0.083
9;56;30;4.5484e+05;0.09;-0.192
9;56;30;4.5488e+05;-0.34;0.243
9;56;30;4.5492e+05;-0.056;0.344
9;56;30;4.5496e+05;-0.067;0.603
9;56;30;4.55e+05;0.027;-0.587
9;56;30;4.5504e+05;-0.113;-0.361
9;56;30;4.5508e+05;-0.138;0.841
9;56;30;4.5512e+05;-0.157;0.073
9;56;30;4.5516e+05;0.408;0.09
9;56;30;4.552e+05;0.277;0.642
9;56;30;4.5523e+05;0.626;-0.903
9;56;30;4.5527e+05;-0.213;-0.293
9;56;30;4.5531e+05;0.283;1.139
9;56;30;4.5535e+05;-0.369;-0.777
9;56;30;4.5539e+05;0.312;0.395
9;56;30;4.5543e+05;0.118;0.491
9;56;30;4.5547e+05;-0.03;-0.211
9;56;30;4.5551e+05;-0.079;0.15
9;56;30;4.5555e+05;0.532;0.582
9;56;30;4.5558e+05;0.79;-0.032
9;56;30;4.5562e+05;0.042;-0.579
9;56;30;4.5566e+05;0.204;0.004
9;56;30;4.557e+05;-0.259;0.61
9;56;30;4.5574e+05;0.569;0.272
9;56;30;4.5578e+05;-0.355;-0.621
9;56;30;4.5582e+05;0.496;0.3
9;56;30;4.5586e+05;-0.566;0.384
9;56;30;4.559e+05;0.386;-0.249
9;56;30;4.5594e+05;-0.355;-0.07
9;56;30;4.5598e+05;0.312;0.877
9;56;30;4.5602e+05;0.109;-0.68
9;56;30;4.5605e+05;-0.148;0.199
9;56;30;4.5609e+05;0.085;0.374
9;56;30;4.5613e+05;0.024;-0.862
9;56;30;4.5617e+05;0.374;0.671
9;56;30;4.5621e+05;0.162;0.131
9;56;30;4.5625e+05;-0.154;-0.006
9;56;30;4.5629e+05;0.094;0.062
9;56;30;4.5633e+05;0.492;-0.7
9;56;30;4.5637e+05;0.376;0.554
9;56;30;4.5641e+05;0.204;-0.016
9;56;30;4.5644e+05;-0.133;0.007
9;56;30;4.5648e+05;0.114;0.999
9;56;30;4.5652e+05;-0.035;-0.499
9;56;30;4.5656e+05;0.068;0.087
9;56;30;4.566e+05;-0.141;1.269
9;56;30;4.5664e+05;0.112;-0.84
9;56;30;4.5668e+05;-0.337;-0.285
9;56;30;4.5672e+05;0.123;0.431
9;56;30;4.5676e+05;0.182;-0.546
9;56;30;4.568e+05;-0.244;0.402
9;56;30;4.5684e+05;0.315;0.252
9;56;30;4.5687e+05;0.32;0.246
9;56;30;4.5691e+05;0.023;0.538
9;56;30;4.5695e+05;0.131;-0.114
9;56;30;4.5699e+05;-0.579;1.22
9;56;30;4.5703e+05;0.032;-0.568
9;56;30;4.5707e+05;-0.536;-0.963
9;56;30;4.5711e+05;-0.035;0.812
9;56;30;4.5715e+05;0.349;-1.172
9;56;30;4.5719e+05;0.074;0.161
9;56;30;4.5723e+05;0.229;0.662
9;56;30;4.5726e+05;0.2;-0.809
9;56;30;4.573e+05;0.502;0.439
9;56;30;4.5734e+05;0.433;0.353
9;56;30;4.5738e+05;-0.35;0.573
9;56;30;4.5742e+05;-0.429;0.254
9;56;30;4.5746e+05;-0.425;0.137
9;56;30;4.575e+05;0.229;-0.329
9;56;30;4.5754e+05;-0.249;-0.277
9;56;30;4.5758e+05;0.585;0.267
9;56;30;4.5762e+05;0.104;-0.869
9;56;30;4.5766e+05;0.522;0.545
9;56;30;4.577e+05;-0.15;0.266
9;56;30;4.5773e+05;0.159;-0.128
9;56;30;4.5777e+05;0.072;0.368
9;56;30;4.5781e+05;-0.293;0.156
9;56;30;4.5785e+05;0.165;-0.109
9;56;30;4.5789e+05;-0.514;0.139
9;56;30;4.5793e+05;-0.018;-0.443
9;56;30;4.5797e+05;0.489;-0.858
9;56;30;4.5801e+05;0.888;0.668
9;56;30;4.5805e+05;0.112;-0.214
9;56;30;4.5808e+05;0.04;0.084
9;56;30;4.5812e+05;-0.159;0.694
9;56;30;4.5816e+05;0.389;0.208
9;56;30;4.582e+05;-0.104;-0.249
9;56;30;4.5824e+05;0.199;-0.075
9;56;30;4.5828e+05;0.066;0.269
9;56;30;4.5832e+05;-0.132;0.044
9;56;30;4.5836e+05;0.2;-0.57
9;56;30;4.584e+05;0.217;0.138
9;56;30;4.5844e+05;0.312;0.22
9;56;30;4.5848e+05;-0.246;-0.1
9;56;30;4.5852e+05;-0.01;0.545
9;56;30;4.5855e+05;-0.148;0.077
9;56;30;4.5859e+05;0.524;-0.138
9;56;30;4.5863e+05;0.156;0.211
9;56;30;4.5867e+05;-0.265;-0.066
9;56;30;4.5871e+05;-0.122;0.11
9;56;30;4.5875e+05;0.424;0.135
9;56;30;4.5879e+05;0.273;-0.243
9;56;30;4.5883e+05;-0.013;-0.32
9;56;30;4.5887e+05;-0.59;-0.136
9;56;30;4.5891e+05;0.232;0.314
9;56;30;4.5894e+05;-0.08;0.101
9;56;30;4.5898e+05;0.34;-0.383
9;56;30;4.5902e+05;0.338;0.409
9;56;30;4.5906e+05;-0.233;0.521
9;56;30;4.591e+05;-0.193;-0.748
9;56;30;4.5914e+05;-0.404;0.866
9;56;30;4.5918e+05;0.402;0.385
9;56;30;4.5922e+05;0.124;-0.915
9;56;30;4.5926e+05;0.291;0.37
9;56;30;4.593e+05;-0.275;-0.261
9;56;30;4.5934e+05;0.3;-0.393
9;56;30;4.5937e+05;0.431;0.189
9;56;30;4.5941e+05;0.348;0.427
9;56;30;4.5945e+05;-0.377;0.291
9;56;30;4.5949e+05;0.206;0.328
9;56;30;4.5953e+05;0.268;-0.217
9;56;30;4.5957e+05;0.384;-0.382
9;56;30;4.5961e+05;-0.372;-0.21
9;56;30;4.5965e+05;0.097;0.744
9;56;30;4.5969e+05;0.245;0.284
9;56;30;4.5973e+05;-0.016;-0.675
9;56;30;4.5976e+05;-0.219;0.014
9;56;30;4.598e+05;0.055;-0.112
9;56;30;4.5984e+05;-0.241;-0.065
9;56;30;4.5988e+05;-0.316;0.377
9;56;30;4.5992e+05;-0.518;0.24
9;56;30;4.5996e+05;-0.209;0.268
9;56;30;4.6e+05;-0.015;0.024
9;56;30;4.6004e+05;0.067;0.171
9;56;30;4.6008e+05;-0.353;-0.659
9;56;30;4.6012e+05;0.456;-0.357
9;56;30;4.6016e+05;0.287;0.682
9;56;30;4.602e+05;-0.213;0.64
9;56;30;4.6023e+05;0.286;-0.624
9;56;30;4.6027e+05;0.047;-0.369
9;56;30;4.6031e+05;0.615;0.542
9;56;30;4.6035e+05;0.254;-0.258
9;56;30;4.6039e+05;0.148;0.913
9;56;30;4.6043e+05;0.291;0.069
9;56;30;4.6047e+05;0.437;-0.86
9;56;30;4.6051e+05;-0.029;0.408
9;56;30;4.6055e+05;0.457;-0.143
9;56;30;4.6058e+05;0.222;0.077
9;56;30;4.6062e+05;-0.159;0.728
9;56;30;4.6066e+05;-0.339;-0.584
9;56;30;4.607e+05;-0.37;-0.148
9;56;30;4.6074e+05;-0.527;0.348
9;56;30;4.6078e+05;-0.015;0.305
9;56;30;4.6082e+05;-0.696;0.684
9;56;30;4.6086e+05;-0.555;0.043
9;56;30;4.609e+05;-0.613;-0.293
9;56;30;4.6094e+05;-0.547;0.274
9;56;30;4.6098e+05;-0.373;-0.538
9;56;30;4.6102e+05;-0.797;0.597
9;56;30;4.6105e+05;-0.414;0.576
9;56;30;4.6109e+05;-0.339;-0.599
9;56;30;4.6113e+05;0.022;0.487
9;56;30;4.6117e+05;-0.168;0.761
9;56;30;4.6121e+05;0.691;-0.322
9;56;30;4.6125e+05;0.128;0.276
9;56;30;4.6129e+05;0.414;0.893
9;56;30;4.6133e+05;-0.084;-0.825
9;56;30;4.6137e+05;0.733;0.106
9;56;30;4.6141e+05;0.653;0.338
9;56;30;4.6144e+05;0.981;0.04
9;56;30;4.6148e+05;0.255;-0.491
9;56;30;4.6152e+05;0.559;-0.285
9;56;30;4.6156e+05;0.09;0.648
9;56;30;4.616e+05;0.226;-0.093
9;56;30;4.6164e+05;-0.168;0.359
9;56;30;4.6168e+05;-0.569;0.416
9;56;30;4.6172e+05;-0.671;-0.116
9;56;30;4.6176e+05;-0.388;0.616
9;56;30;4.618e+05;0.009;-0.268
9;56;30;4.6184e+05;-0.228;0.169
9;56;30;4.6187e+05;-0.159;-0.187
9;56;30;4.6191e+05;-1.031;0.11
9;56;30;4.6195e+05;-0.512;0.406
9;56;30;4.6199e+05;-0.591;-0.238
9;56;30;4.6203e+05;-0.233;1.108
9;56;30;4.6207e+05;-0.74;0.327
9;56;30;4.6211e+05;-0.116;-0.304
9;56;30;4.6215e+05;0.023;-0.238
9;56;30;4.6219e+05;1.096;-0.422
9;56;30;4.6223e+05;0.744;0.295
9;56;30;4.6226e+05;0.688;0.372
9;56;30;4.623e+05;0.372;-0.019
9;56;30;4.6234e+05;0.12;0.233
9;56;30;4.6238e+05;0.684;-0.212
9;56;30;4.6242e+05;0.498;0.637
9;56;30;4.6246e+05;0.202;-0.105
9;56;30;4.625e+05;-0.484;-0.999
9;56;30;4.6254e+05;0.196;0.882
9;56;30;4.6258e+05;0.204;-0.557
9;56;30;4.6262e+05;-0.339;-0.422
9;56;30;4.6266e+05;-0.606;1.356
9;56;30;4.627e+05;-0.506;-0.1
9;56;30;4.6273e+05;-0.437;-0.097
9;56;30;4.6277e+05;-0.045;0.193
9;56;30;4.6281e+05;-0.247;-0.108
9;56;30;4.6285e+05;-0.397;0.223
9;56;30;4.6289e+05;-0.175;-0.643
9;56;30;4.6293e+05;0.387;0.329
9;56;30;4.6297e+05;0.064;0.049
9;56;30;4.6301e+05;0.089;-0.556
9;56;30;4.6305e+05;0.212;1.287
9;56;30;4.6308e+05;0.396;0.641
9;56;30;4.6312e+05;0.701;-1.026
9;56;30;4.6316e+05;0.51;-0.065
9;56;30;4.632e+05;0.431;0.426
9;56;30;4.6324e+05;0.275;-0.14
9;56;30;4.6328e+05;0.108;-0.009
9;56;30;4.6332e+05;0.075;0.042
9;56;30;4.6336e+05;-0.356;-0.477
9;56;30;4.634e+05;-0.794;0.376
9;56;30;4.6344e+05;-0.527;-0.04
9;56;30;4.6348e+05;-1.464;0.033
9;56;30;4.6352e+05;-0.67;0.271
9;56;30;4.6355e+05;-1.099;-0.084
9;56;30;4.6359e+05;-0.331;0.7
9;56;30;4.6363e+05;-0.634;-0.599
9;56;30;4.6367e+05;-0.04;-0.239
9;56;30;4.6371e+05;0.09;-0.118
9;56;30;4.6375e+05;-0.078;0.157
9;56;30;4.6379e+05;-0.21;0.325
9;56;30;4.6383e+05;-0.318;0.346
9;56;30;4.6387e+05;0.272;0.307
9;56;30;4.6391e+05;-0.122;-0.534
9;56;30;4.6394e+05;0.631;0.049
9;56;30;4.6398e+05;0.305;-0.205
9;56;30;4.6402e+05;0.668;0.099
9;56;30;4.6406e+05;0.437;0.215
9;56;30;4.641e+05;0.341;0.38
9;56;30;4.6414e+05;0.267;0.094
9;56;30;4.6418e+05;-0.234;-0.371
9;56;30;4.6422e+05;-0.295;0.087
9;56;30;4.6426e+05;-0.42;0.159
9;56;30;4.643e+05;-0.314;0.103
9;56;30;4.6434e+05;-0.125;-0.858
9;56;30;4.6437e+05;-0.394;0.356
9;56;30;4.6441e+05;0.7;-0.435
9;56;30;4.6445e+05;-0.344;-0.256
9;56;30;4.6449e+05;-0.158;1.395
9;56;30;4.6453e+05;-1.259;-0.098
9;56;30;4.6457e+05;-0.597;0.715
9;56;30;4.6461e+05;-0.497;-0.734
9;56;30;4.6465e+05;-0.109;-0.171
9;56;30;4.6469e+05;-0.04;-0.155
9;56;30;4.6473e+05;-0.014;-0.495
9;56;30;4.6476e+05;0.631;-0.371
9;56;30;4.648e+05;-0.194;-0.552
9;56;30;4.6484e+05;0.973;0.26
9;56;30;4.6488e+05;-0.482;0.349
9;56;30;4.6492e+05;0.047;0.935
9;56;30;4.6496e+05;-0.635;-0.071
9;56;30;4.65e+05;0.625;-0.486
9;56;30;4.6504e+05;0.612;-0.479
9;56;30;4.6508e+05;0.212;0.482
9;56;30;4.6512e+05;-0.007;-0.201
9;56;30;4.6516e+05;0.216;0.095
9;56;30;4.652e+05;0.261;0.251
9;56;30;4.6523e+05;0.196;-0.811
9;56;30;4.6527e+05;-0.421;0.347
9;56;30;4.6531e+05;-0.58;0.141
9;56;30;4.6535e+05;-0.111;-0.589
9;56;30;4.6539e+05;-0.462;-0.197
9;56;30;4.6543e+05;-0.439;0.352
9;56;30;4.6547e+05;-0.928;0.522
9;56;30;4.6551e+05;-0.413;-0.231
9;56;30;4.6555e+05;-0.138;-0.678
9;56;30;4.6558e+05;0.214;0.096
9;56;30;4.6562e+05;0.241;-0.497
9;56;30;4.6566e+05;-0.23;0.319
9;56;30;4.657e+05;0.185;0.53
9;56;30;4.6574e+05;0.57;0.079
9;56;30;4.6578e+05;0.747;0.436
9;56;30;4.6582e+05;-0.025;0.198
9;56;30;4.6586e+05;-0.229;0.655
9;56;30;4.659e+05;-0.464;0.093
9;56;30;4.6594e+05;0.14;-0.38
9;56;30;4.6598e+05;-0.016;-0.255
9;56;30;4.6602e+05;0.14;0.016
9;56;30;4.6605e+05;0.157;-0.657
9;56;30;4.6609e+05;0.005;-0.155
9;56;30;4.6613e+05;0.369;-0.029
9;56;30;4.6617e+05;-0.348;-0.057
9;56;30;4.6621e+05;-0.638;0.806
9;56;30;4.6625e+05;-0.864;-0.106
9;56;30;4.6629e+05;-0.82;0.751
9;56;30;4.6633e+05;-0.186;-0.32
9;56;30;4.6637e+05;-0.015;-0.813
9;56;30;4.6641e+05;0.208;0.608
9;56;30;4.6644e+05;-0.072;-0.004
9;56;30;4.6648e+05;0.534;-0.534
9;56;30;4.6652e+05;0.034;0.182
9;56;30;4.6656e+05;-0.317;1.301
9;56;30;4.666e+05;-0.509;-0.348
9;56;30;4.6664e+05;-0.194;0.218
9;56;30;4.6668e+05;0.657;0.015
9;56;30;4.6672e+05;0.342;-0.866
9;56;30;4.6676e+05;0.554;-0.112
9;56;30;4.668e+05;0.099;0.151
9;56;30;4.6684e+05;0.407;0.073
9;56;30;4.6687e+05;0.233;0.028
9;56;30;4.6691e+05;0.571;0.077
9;56;30;4.6695e+05;0.248;0.055
9;56;30;4.6699e+05;0.275;0.524
9;56;30;4.6703e+05;-0.328;-0.857
9;56;30;4.6707e+05;-0.689;0.126
9;56;30;4.6711e+05;-0.439;1.088
9;56;30;4.6715e+05;-0.425;-0.185
9;56;30;4.6719e+05;-0.357;-0.315
9;56;30;4.6723e+05;-0.731;-0.181
9;56;30;4.6726e+05;-0.276;0.138
9;56;30;4.673e+05;-0.249;-0.183
9;56;30;4.6734e+05;-0.091;0.455
9;56;30;4.6738e+05;0.226;0.719
9;56;30;4.6742e+05;-0.389;0.249
9;56;30;4.6746e+05;0.027;-0.721
9;56;30;4.675e+05;-0.25;0.408
9;56;30;4.6754e+05;0.396;0.17
9;56;30;4.6758e+05;0.019;-0.405
9;56;30;4.6762e+05;0.592;0.426
9;56;30;4.6766e+05;-0.084;-0.466
9;56;30;4.677e+05;0.701;0.328
9;56;30;4.6773e+05;0.097;0.03
9;56;30;4.6777e+05;0.595;0.371
9;56;30;4.6781e+05;0.035;0.174
9;56;30;4.6785e+05;0.14;-0.018
9;56;30;4.6789e+05;0.158;-0.636
9;56;30;4.6793e+05;-0.054;0.295
9;56;30;4.6797e+05;0.858;-0.048
9;56;30;4.6801e+05;-0.13;0.086
9;56;30;4.6805e+05;0.243;0.391
9;56;30;4.6808e+05;-0.383;-0.632
9;56;30;4.6812e+05;0.331;0.937
9;56;30;4.6816e+05;-0.339;-0.535
9;56;30;4.682e+05;-0.101;0.229
9;56;30;4.6824e+05;-0.229;0.33
9;56;30;4.6828e+05;-0.09;-0.408
9;56;30;4.6832e+05;0.01;-0.414
9;56;30;4.6836e+05;-0.229;0.046
9;56;30;4.684e+05;0.344;0.923
9;56;30;4.6844e+05;-0.228;-1.067
9;56;30;4.6848e+05;0.164;0.221
9;56;30;4.6852e+05;0.085;0.99
9;56;30;4.6855e+05;0.503;-0.708
9;56;30;4.6859e+05;0.215;-0.317
9;56;30;4.6863e+05;0.392;0.981
9;56;30;4.6867e+05;0.617;-0.253
9;56;30;4.6871e+05;-0.45;-0.364
9;56;30;4.6875e+05;0.386;0.435
9;56;30;4.6879e+05;-0.335;0.281
9;56;30;4.6883e+05;0.039;-0.114
9;56;30;4.6887e+05;-0.155;-1.06
9;56;30;4.6891e+05;-0.47;1.721
9;56;30;4.6894e+05;0.156;0.339
9;56;30;4.6898e+05;-0.215;-1.491
9;56;30;4.6902e+05;-0.155;1.667
9;56;30;4.6906e+05;-0.217;-0.382
9;56;30;4.691e+05;-0.581;-0.462
9;56;30;4.6914e+05;-0.286;0.656
9;56;30;4.6918e+05;-0.373;0.081
9;56;30;4.6922e+05;0.297;-0.539
9;56;30;4.6926e+05;-0.049;-0.552
9;56;30;4.693e+05;0.645;0.45
9;56;30;4.6934e+05;-0.38;-0.45
9;56;30;4.6937e+05;0.433;0.033
9;56;30;4.6941e+05;0.577;0.445
9;56;30;4.6945e+05;0.464;0.457
9;56;30;4.6949e+05;0.16;-0.607
9;56;30;4.6953e+05;0.043;0.441
9;56;30;4.6957e+05;0.297;-0.008
9;56;30;4.6961e+05;0.708;-0.821
9;56;30;4.6965e+05;0.45;0.968
9;56;30;4.6969e+05;0.142;-0.246
9;56;30;4.6973e+05;-0.296;-0.314
9;56;30;4.6976e+05;-0.332;0.99
9;56;30;4.698e+05;0.103;0.358
9;56;30;4.6984e+05;-0.173;-1.011
9;56;30;4.6988e+05;-0.177;-0.282
9;56;30;4.6992e+05;-0.119;0.802
9;56;30;4.6996e+05;-0.109;-0.828
9;56;30;4.7e+05;-0.458;-0.924
9;56;30;4.7004e+05;-0.026;0.851
9;56;30;4.7008e+05;-0.172;0.321
9;56;30;4.7012e+05;0.273;-0.876
9;56;30;4.7016e+05;0.056;0.591
9;56;30;4.702e+05;0.036;0.422
9;56;30;4.7023e+05;-0.115;-1.126
9;56;30;4.7027e+05;1.071;0.694
9;56;30;4.7031e+05;0.453;0.752
9;56;30;4.7035e+05;-0.254;-0.132
9;56;30;4.7039e+05;-0.061;-0.511
9;56;30;4.7043e+05;0.707;-0.356
9;56;30;4.7047e+05;0.531;0.378
9;56;30;4.7051e+05;0.765;-0.261
9;56;30;4.7055e+05;0.306;-0.168
9;56;30;4.7058e+05;-0.033;0.276
9;56;30;4.7062e+05;-0.067;-0.072
9;56;30;4.7066e+05;0.06;0.279
9;56;30;4.707e+05;0.075;0.548
9;56;30;4.7074e+05;-0.319;-0.29
9;56;30;4.7078e+05;-0.244;-0.382
9;56;30;4.7082e+05;0.1;-0.308
9;56;30;4.7086e+05;0.256;-0.974
9;56;30;4.709e+05;0.508;0.422
9;56;30;4.7094e+05;-0.158;0.846
9;56;30;4.7098e+05;-0.119;-0.307
9;56;30;4.7102e+05;-0.127;0.229
9;56;30;4.7105e+05;-0.066;0.613
9;56;30;4.7109e+05;-0.319;0.352
9;56;30;4.7113e+05;0.256;-0.037
9;56;30;4.7117e+05;0.16;-0.644
9;56;30;4.7121e+05;0.361;-0.488
9;56;30;4.7125e+05;0.239;-0.198
9;56;30;4.7129e+05;0.215;0.439
9;56;30;4.7133e+05;-0.124;0.216
9;56;30;4.7137e+05;-0.311;0.574
9;56;30;4.7141e+05;0.192;-0.32
9;56;30;4.7144e+05;-0.363;-0.485
9;56;30;4.7148e+05;0.005;0.25
9;56;30;4.7152e+05;-0.139;-0.375
9;56;30;4.7156e+05;0.079;0.018
9;56;30;4.716e+05;0.313;0.391
9;56;30;4.7164e+05;0.295;0.531
9;56;30;4.7168e+05;0.01;0.087
9;56;30;4.7172e+05;0.442;-0.424
9;56;30;4.7176e+05;-0.231;0.041
9;56;30;4.718e+05;0.792;-0.234
9;56;30;4.7184e+05;-0.075;0.095
9;56;30;4.7187e+05;0.445;0.432
9;56;30;4.7191e+05;0.404;-1.069
9;56;30;4.7195e+05;0.453;0.021
9;56;30;4.7199e+05;0.753;-0.081
9;56;30;4.7203e+05;0.519;0.253
9;56;30;4.7207e+05;0.104;0.63
9;56;30;4.7211e+05;-0.01;-0.74
9;56;30;4.7215e+05;-0.476;0.369
9;56;30;4.7219e+05;0.11;0.434
9;56;30;4.7223e+05;0.113;-0.079
9;56;30;4.7226e+05;0.04;0.199
9;56;30;4.723e+05;-0.228;0.046
9;56;30;4.7234e+05;-0.311;-0.257
9;56;30;4.7238e+05;-0.547;0.36
9;56;30;4.7242e+05;0.236;0.365
9;56;30;4.7246e+05;-0.414;-0.347
9;56;30;4.725e+05;-0.436;0.277
9;56;30;4.7254e+05;-0.135;-0.595
9;56;30;4.7258e+05;-0.103;0.535
9;56;30;4.7262e+05;0.71;0.332
9;56;30;4.7266e+05;0.109;-0.648
9;56;30;4.727e+05;0.211;0.728
9;56;30;4.7273e+05;0.262;-0.332
9;56;30;4.7277e+05;-0.299;0.633
9;56;30;4.7281e+05;0.617;0.229
9;56;30;4.7285e+05;0.592;-0.573
9;56;30;4.7289e+05;0.608;0.776
9;56;30;4.7293e+05;0.275;-0.978
9;56;30;4.7297e+05;-0.125;-0.321
9;56;30;4.7301e+05;0.066;1.258
9;56;30;4.7305e+05;-0.147;-0.204
9;56;30;4.7308e+05;-0.541;-0.101
9;56;30;4.7312e+05;-0.26;0.416
9;56;30;4.7316e+05;0.019;-0.432
9;56;30;4.732e+05;0.183;-0.32
9;56;30;4.7324e+05;0.307;0.587
9;56;30;4.7328e+05;0.015;0.084
9;56;30;4.7332e+05;-0.703;0.218
9;56;30;4.7336e+05;-0.722;0.341
9;56;30;4.734e+05;-0.42;0.037
9;56;30;4.7344e+05;-0.089;0.386
9;56;30;4.7348e+05;0.044;0.152
9;56;30;4.7352e+05;0.676;-0.555
9;56;30;4.7355e+05;0.166;-0.657
9;56;30;4.7359e+05;0.904;-0.131
9;56;30;4.7363e+05;0.44;0.84
9;56;30;4.7367e+05;0.495;0.333
9;56;30;4.7371e+05;-0.42;-0.311
9;56;30;4.7375e+05;0.063;0.528
9;56;30;4.7379e+05;-0.642;0.488
9;56;30;4.7383e+05;0.592;-1.021
9;56;30;4.7387e+05;-0.174;-0.249
9;56;30;4.7391e+05;0.782;0.592
9;56;30;4.7394e+05;-0.242;-1.059
9;56;30;4.7398e+05;-0.133;1.175
9;56;30;4.7402e+05;-0.382;0.558
9;56;30;4.7406e+05;0.219;-0.235
9;56;30;4.741e+05;0.255;0.28
9;56;30;4.7414e+05;0.34;-0.029
9;56;30;4.7418e+05;-0.232;-0.572
9;56;30;4.7422e+05;-0.369;0.757
9;56;30;4.7426e+05;0.776;-0.036
9;56;30;4.743e+05;0.104;-0.592
9;56;30;4.7434e+05;0.455;0.776
9;56;30;4.7437e+05;-0.337;0.021
9;56;30;4.7441e+05;0.107;0.17
9;56;30;4.7445e+05;-0.132;-0.295
9;56;30;4.7449e+05;0.822;0.089
9;56;30;4.7453e+05;-0.317;0.366
9;56;30;4.7457e+05;-0.182;-0.074
9;56;30;4.7461e+05;-0.671;0.235
9;56;30;4.7465e+05;0.526;-0.293
9;56;30;4.7469e+05;0.228;-0.443
9;56;30;4.7473e+05;0.318;0.518
9;56;30;4.7476e+05;-0.342;-0.304
9;56;30;4.748e+05;-0.006;-0.06
9;56;30;4.7484e+05;-0.03;0.016
9;56;30;4.7488e+05;0.432;0.116
9;56;30;4.7492e+05;-0.433;1.015
9;56;30;4.7496e+05;-0.613;-0.036
9;56;30;4.75e+05;-0.038;-0.588
9;56;30;4.7504e+05;0.799;-0.312
9;56;30;4.7508e+05;0.723;-0.764
9;56;30;4.7512e+05;0.355;0.423
9;56;30;4.7516e+05;-0.198;0.282
9;56;30;4.752e+05;0.289;-0.137
9;56;30;4.7523e+05;0.596;0.761
9;56;30;4.7527e+05;0.823;-0.061
9;56;30;4.7531e+05;0.589;-0.109
9;56;30;4.7535e+05;0.401;0.635
9;56;30;4.7539e+05;0.044;-0.648
9;56;30;4.7543e+05;0.287;-1.256
9;56;30;4.7547e+05;-0.072;0.78
9;56;30;4.7551e+05;0.26;0.719
9;56;30;4.7555e+05;0.255;-0.422
9;56;30;4.7558e+05;-0.174;-0.141
9;56;30;4.7562e+05;0.084;-0.116
9;56;30;4.7566e+05;-0.379;-0.311
9;56;30;4.757e+05;0.007;-0.186
9;56;30;4.7574e+05;-0.054;1.145
9;56;30;4.7578e+05;-0.547;0.755
9;56;30;4.7582e+05;-0.05;-1.381
9;56;30;4.7586e+05;-0.273;0.488
9;56;30;4.759e+05;-0.435;0.83
9;56;30;4.7594e+05;-0.075;-0.605
9;56;30;4.7598e+05;-0.155;0.499
9;56;30;4.7602e+05;-0.095;0.046
9;56;30;4.7605e+05;-0.243;-0.538
9;56;30;4.7609e+05;-0.104;-0.116
9;56;30;4.7613e+05;0.016;-0.074
9;56;30;4.7617e+05;0.145;-0.003
9;56;30;4.7621e+05;0.325;0.108
9;56;30;4.7625e+05;0.691;0.166
9;56;30;4.7629e+05;-0.363;-0.111
9;56;30;4.7633e+05;-0.459;-0.169
9;56;30;4.7637e+05;0.178;0.301
9;56;30;4.7641e+05;0.435;0.099
9;56;30;4.7644e+05;0.089;0.092
9;56;30;4.7648e+05;-0.276;0.41
9;56;30;4.7652e+05;-0.205;-0.712
9;56;30;4.7656e+05;0.925;-0.837
9;56;30;4.766e+05;-0.211;0.888
9;56;30;4.7664e+05;0.068;0.309
9;56;30;4.7668e+05;-0.699;-0.241
9;56;30;4.7672e+05;-0.146;0.756
9;56;30;4.7676e+05;0.28;-1.026
9;56;30;4.768e+05;0.21;0.49
9;56;30;4.7684e+05;-0.086;0.087
9;56;30;4.7687e+05;-0.549;-0.467
9;56;30;4.7691e+05;-0.004;0.62
9;56;30;4.7695e+05;-0.386;-0.235
9;56;30;4.7699e+05;0.072;-0.122
9;56;30;4.7703e+05;-1.103;0.055
9;56;30;4.7707e+05;-0.252;-0.296
9;56;30;4.7711e+05;-0.409;0.099
9;56;30;4.7715e+05;0.399;0.508
9;56;30;4.7719e+05;0.032;-0.613
9;56;30;4.7723e+05;0.023;1.057
9;56;30;4.7726e+05;-0.151;-0.157
9;56;30;4.773e+05;0.354;-0.908
9;56;30;4.7734e+05;0.022;0.613
9;56;30;4.7738e+05;0.219;-0.356
9;56;30;4.7742e+05;0.038;0.071
9;56;30;4.7746e+05;-0.452;0.685
9;56;30;4.775e+05;0.178;-0.896
9;56;30;4.7754e+05;0.012;-0.149
9;56;30;4.7758e+05;0.836;0.548
9;56;30;4.7762e+05;0.103;0.009
9;56;30;4.7766e+05;0.204;0.053
9;56;30;4.777e+05;-0.61;-0.272
9;56;30;4.7773e+05;0.509;-0.129
9;56;30;4.7777e+05;-0.36;0.424
9;56;30;4.7781e+05;0.253;0.275
9;56;30;4.7785e+05;-0.576;0.477
9;56;30;4.7789e+05;0.088;0.594
9;56;30;4.7793e+05;0.057;-1.439
9;56;30;4.7797e+05;0.23;1.197
9;56;30;4.7801e+05;0.295;0.263
9;56;30;4.7805e+05;-0.324;-1.624
9;56;30;4.7808e+05;-0.038;1.094
9;56;30;4.7812e+05;-0.435;-0.297
9;56;30;4.7816e+05;0.026;-0.73
9;56;30;4.782e+05;-0.087;1.248
9;56;30;4.7824e+05;0.049;0.325
9;56;30;4.7828e+05;-0.047;-0.785
9;56;30;4.7832e+05;0.118;0.654
9;56;30;4.7836e+05;-0.019;-0.195
9;56;30;4.784e+05;-0.265;0.107
9;56;30;4.7844e+05;-0.185;0.99
9;56;30;4.7848e+05;-0.269;-0.976
9;56;30;4.7852e+05;-0.254;0.555
9;56;30;4.7855e+05;0.321;-0.341
9;56;30;4.7859e+05;-0.533;-0.182
9;56;30;4.7863e+05;0.214;1.106
9;56;30;4.7867e+05;-0.778;-0.556
9;56;30;4.7871e+05;0.122;0.085
9;56;30;4.7875e+05;-0.217;0.141
9;56;30;4.7879e+05;-0.067;0.855
9;56;30;4.7883e+05;0.143;-0.222
9;56;30;4.7887e+05;0.088;-0.382
9;56;30;4.7891e+05;0.442;0.227
9;56;30;4.7894e+05;0.119;-0.497
9;56;30;4.7898e+05;0.248;0.201
9;56;30;4.7902e+05;-0.224;0.201
9;56;30;4.7906e+05;0.025;0.311
9;56;30;4.791e+05;-0.22;0.097
9;56;30;4.7914e+05;-0.347;0.427
9;56;30;4.7918e+05;0.588;-0.414
9;56;30;4.7922e+05;-0.072;0.043
9;56;30;4.7926e+05;0.571;0.44
9;56;30;4.793e+05;-0.63;-0.481
9;56;30;4.7934e+05;-0.316;0.326
9;56;30;4.7937e+05;-0.663;0.821
9;56;30;4.7941e+05;0.286;0
9;56;30;4.7945e+05;-0.439;-1.19
9;56;30;4.7949e+05;-0.034;1.184
9;56;30;4.7953e+05;-0.337;-0.295
9;56;30;4.7957e+05;-0.179;-0.063
9;56;30;4.7961e+05;0.138;0.995
9;56;30;4.7965e+05;0.064;-0.303
9;56;30;4.7969e+05;0.049;0.391
9;56;30;4.7973e+05;0.076;0.202
9;56;30;4.7976e+05;0.623;-1.17
9;56;30;4.798e+05;-0.801;0.202
9;56;30;4.7984e+05;0.755;0.391
9;56;30;4.7988e+05;-0.786;-0.067
9;56;30;4.7992e+05;0.624;0.27
9;56;30;4.7996e+05;-0.499;-0.673
9;56;30;4.8e+05;0.089;1.052
9;56;30;4.8004e+05;-0.433;-0.017
9;56;30;4.8008e+05;-0.045;0.476
9;56;30;4.8012e+05;0.395;0.338
9;56;30;4.8016e+05;0.066;-0.161
9;56;30;4.802e+05;-0.144;-0.481
9;56;30;4.8023e+05;-0.61;-0.047
9;56;30;4.8027e+05;-0.065;0.618
9;56;30;4.8031e+05;-0.167;-0.39
9;56;30;4.8035e+05;0.485;0.514
9;56;30;4.8039e+05;-0.067;-0.527
9;56;30;4.8043e+05;0.005;-0.339
9;56;30;4.8047e+05;-0.29;-0.132
9;56;30;4.8051e+05;0.272;0.515
9;56;30;4.8055e+05;0.304;0.25
9;56;30;4.8058e+05;-0.247;-0.109
9;56;30;4.8062e+05;-0.244;0.095
9;56;30;4.8066e+05;-0.225;-0.607
9;56;30;4.807e+05;0.269;0.127
9;56;30;4.8074e+05;-0.03;0.752
9;56;30;4.8078e+05;0.376;-0.031
9;56;30;4.8082e+05;-0.565;-0.882
9;56;30;4.8086e+05;-0.207;0.749
9;56;30;4.809e+05;0.129;-0.093
9;56;30;4.8094e+05;-0.168;0.391
9;56;30;4.8098e+05;0.699;0.65
9;56;30;4.8102e+05;-0.315;-1.132
9;56;30;4.8105e+05;0.27;0.107
9;56;30;4.8109e+05;-0.018;0.571
9;56;30;4.8113e+05;-0.106;0.356
9;56;30;4.8117e+05;0.111;-0.304
9;56;30;4.8121e+05;-0.438;0.22
9;56;30;4.8125e+05;-0.013;-0.202
9;56;30;4.8129e+05;-0.458;-0.591
9;56;30;4.8133e+05;0.414;0.309
9;56;30;4.8137e+05;0.306;-0.176
9;56;30;4.8141e+05;0.328;-0.291
9;56;30;4.8144e+05;-0.406;-0.299
9;56;30;4.8148e+05;-0.024;0.493
9;56;30;4.8152e+05;0.12;0.025
9;56;30;4.8156e+05;0.268;0.204
9;56;30;4.816e+05;0.249;0.076
9;56;30;4.8164e+05;-0.063;-0.691
9;56;30;4.8168e+05;-0.118;-0.253
9;56;30;4.8172e+05;-0.108;0.751
9;56;30;4.8176e+05;0.296;0.103
9;56;30;4.818e+05;-0.175;-0.059
9;56;30;4.8184e+05;0.183;-0.2
9;56;30;4.8187e+05;-0.39;-0.631
9;56;30;4.8191e+05;0.345;0.66
9;56;30;4.8195e+05;-0.215;0.017
9;56;30;4.8199e+05;0.59;-0.193
9;56;30;4.8203e+05;-0.579;0.465
9;56;30;4.8207e+05;0.578;-0.593
9;56;30;4.8211e+05;-0.09;-0.555
9;56;30;4.8215e+05;0.364;0.355
9;56;30;4.8219e+05;-0.059;-0.808
9;56;30;4.8223e+05;-0.575;0.822
9;56;30;4.8226e+05;-0.449;-0.263
9;56;30;4.823e+05;-0.673;-0.09
9;56;30;4.8234e+05;0.609;0.724
9;56;30;4.8238e+05;-0.093;-1.108
9;56;30;4.8242e+05;0.259;-0.029
9;56;30;4.8246e+05;-0.562;0.471
9;56;30;4.825e+05;0.202;-0.48
9;56;30;4.8254e+05;-0.031;-0.66
9;56;30;4.8258e+05;0.485;1.307
9;56;30;4.8262e+05;-0.08;-0.472
9;56;30;4.8266e+05;-0.179;-0.68
9;56;30;4.827e+05;-0.24;1.044
9;56;30;4.8273e+05;0.449;0.282
9;56;30;4.8277e+05;-0.058;-0.718
9;56;30;4.8281e+05;0.369;0.297
9;56;30;4.8285e+05;0.006;0.634
9;56;30;4.8289e+05;0.091;-0.66
9;56;30;4.8293e+05;-0.096;-0.618
9;56;30;4.8297e+05;-0.222;1.041
9;56;30;4.8301e+05;-0.14;-0.044
9;56;30;4.8305e+05;-0.4;-0.958
9;56;30;4.8308e+05;-0.362;0.452
9;56;30;4.8312e+05;-0.275;0.442
9;56;30;4.8316e+05;0.498;-0.995
9;56;30;4.832e+05;-0.161;-0.031
9;56;30;4.8324e+05;0.508;-0.14
9;56;30;4.8328e+05;-0.304;0.495
9;56;30;4.8332e+05;0.427;0.485
9;56;30;4.8336e+05;-0.567;-0.241
9;56;30;4.834e+05;0.41;0.942
9;56;30;4.8344e+05;0.192;-0.143
9;56;30;4.8348e+05;0.646;-0.666
9;56;30;4.8352e+05;0.088;-0.601
9;56;30;4.8355e+05;0.645;0.469
9;56;30;4.8359e+05;-0.359;0.03
9;56;30;4.8363e+05;0.204;-0.65
9;56;30;4.8367e+05;-0.191;0.905
9;56;30;4.8371e+05;0.566;0.074
9;56;30;4.8375e+05;0.209;-1.689
9;56;30;4.8379e+05;0.098;0.96
9;56;30;4.8383e+05;-0.437;0.339
9;56;30;4.8387e+05;-0.475;-0.27
9;56;30;4.8391e+05;0.209;0.345
9;56;30;4.8394e+05;0.262;-0.485
9;56;30;4.8398e+05;-0.061;0.079
9;56;30;4.8402e+05;-0.174;0.098
9;56;30;4.8406e+05;0.052;-0.752
9;56;30;4.841e+05;-0.061;-0.003
9;56;30;4.8414e+05;0.194;0.006
9;56;30;4.8418e+05;-0.2;0.538
9;56;30;4.8422e+05;0.124;0.796
9;56;30;4.8426e+05;-0.173;-0.629
9;56;30;4.843e+05;0.227;0.461
9;56;30;4.8434e+05;0.188;0.177
9;56;30;4.8437e+05;0.136;-0.54
9;56;30;4.8441e+05;-0.229;0.816
9;56;30;4.8445e+05;0.624;-0.769
9;56;30;4.8449e+05;-0.198;-0.678
9;56;30;4.8453e+05;0.466;0.98
9;56;30;4.8457e+05;0.162;0.266
9;56;30;4.8461e+05;0.045;-0.095
9;56;30;4.8465e+05;0.239;-0.474
9;56;30;4.8469e+05;0.212;0.414
9;56;30;4.8473e+05;-0.727;0.386
9;56;30;4.8476e+05;-0.343;-0.166
9;56;30;4.848e+05;-0.305;1.13
9;56;30;4.8484e+05;0.195;-0.181
9;56;30;4.8488e+05;-0.213;-1.376
9;56;30;4.8492e+05;-0.194;0.136
9;56;30;4.8496e+05;-0.287;0.703
9;56;30;4.85e+05;0.255;0.051
9;56;30;4.8504e+05;-0.046;0.036
9;56;30;4.8508e+05;0.795;0.01
9;56;30;4.8512e+05;-0.19;0.052
9;56;30;4.8516e+05;0.064;0.73
9;56;30;4.852e+05;0.107;0.239
9;56;30;4.8523e+05;0.356;0.295
9;56;30;4.8527e+05;0.035;-0.846
9;56;30;4.8531e+05;0.394;-0.064
9;56;30;4.8535e+05;-0.045;0.949
9;56;30;4.8539e+05;0.271;-0.345
9;56;30;4.8543e+05;0.24;-0.191
9;56;30;4.8547e+05;0.479;0.072
9;56;30;4.8551e+05;0.322;-0.626
9;56;30;4.8555e+05;-0.315;0.535
9;56;30;4.8558e+05;-0.361;0.402
9;56;30;4.8562e+05;-0.051;-0.302
9;56;30;4.8566e+05;0.202;-0.259
9;56;30;4.857e+05;0.072;0.354
9;56;30;4.8574e+05;0.167;0.283
9;56;30;4.8578e+05;-0.388;-0.242
9;56;30;4.8582e+05;0.335;0.111
9;56;30;4.8586e+05;0.466;-0.304
9;56;30;4.859e+05;-0.164;0.411
9;56;30;4.8594e+05;-0.654;0.509
9;56;30;4.8598e+05;0.494;-0.826
9;56;30;4.8602e+05;-0.02;0.137
9;56;30;4.8605e+05;1.266;0.266
9;56;30;4.8609e+05;-0.091;-0.363
9;56;30;4.8613e+05;0.052;0.911
9;56;30;4.8617e+05;-0.26;-0.368
9;56;30;4.8621e+05;-0.082;0.657
9;56;30;4.8625e+05;0.416;-0.334
9;56;30;4.8629e+05;0.001;-0.729
9;56;30;4.8633e+05;0.296;0.333
9;56;30;4.8637e+05;-0.273;-0.584
9;56;30;4.8641e+05;0.621;-0.102
9;56;30;4.8644e+05;-0.177;0.593
9;56;30;4.8648e+05;0.385;0.657
9;56;30;4.8652e+05;-0.174;-0.212
9;56;30;4.8656e+05;0.194;-0.002
9;56;30;4.866e+05;0.537;-0.785
9;56;30;4.8664e+05;-0.119;0.91
9;56;30;4.8668e+05;0.22;-0.204
9;56;30;4.8672e+05;-0.027;-0.645
9;56;30;4.8676e+05;0.119;1.377
9;56;30;4.868e+05;-0.164;-0.659
9;56;30;4.8684e+05;-0.265;0.176
9;56;30;4.8687e+05;0.021;1.149
9;56;30;4.8691e+05;0.375;-0.85
9;56;30;4.8695e+05;0.098;-0.665
9;56;30;4.8699e+05;0.276;0.539
9;56;30;4.8703e+05;0.348;-0.112
9;56;30;4.8707e+05;0.103;-0.542
9;56;30;4.8711e+05;0.283;0.219
9;56;30;4.8715e+05;-0.155;0.574
9;56;30;4.8719e+05;-0.59;0.516
9;56;30;4.8723e+05;-0.169;-1.132
9;56;30;4.8726e+05;-0.202;0.436
9;56;30;4.873e+05;0.702;0.039
9;56;30;4.8734e+05;-0.031;-1.204
9;56;30;4.8738e+05;0.493;0.584
9;56;30;4.8742e+05;-0.06;0.398
9;56;30;4.8746e+05;0.792;0.082
9;56;30;4.875e+05;-0.034;0.064
9;56;30;4.8754e+05;0.098;1.021
9;56;30;4.8758e+05;-0.676;-0.052
9;56;30;4.8762e+05;0.274;-0.921
9;56;30;4.8766e+05;0.192;-0.512
9;56;30;4.877e+05;0.534;0.241
9;56;30;4.8773e+05;0.119;-0.387
9;56;30;4.8777e+05;-0.2;-0.281
9;56;30;4.8781e+05;0.134;0.577
9;56;30;4.8785e+05;0.314;0.646
9;56;30;4.8789e+05;0.14;-0.169
9;56;30;4.8793e+05;-0.004;-0.08
9;56;30;4.8797e+05;-0.102;0.739
9;56;30;4.8801e+05;-0.147;-0.676
9;56;30;4.8805e+05;0.23;-0.392
9;56;30;4.8808e+05;-0.112;0.624
9;56;30;4.8812e+05;0.247;-0.096
9;56;30;4.8816e+05;0.112;-0.299
9;56;30;4.882e+05;0.215;0.105
9;56;30;4.8824e+05;-0.036;-0.281
9;56;30;4.8828e+05;0.429;0.165
9;56;30;4.8832e+05;0.394;-0.065
9;56;30;4.8836e+05;-0.082;0.184
9;56;30;4.884e+05;-0.323;0.507
9;56;30;4.8844e+05;0.068;-0.465
9;56;30;4.8848e+05;0.435;0.021
9;56;30;4.8852e+05;-0.257;0.271
9;56;30;4.8855e+05;-0.119;-0.118
9;56;30;4.8859e+05;-0.047;0.097
9;56;30;4.8863e+05;0.235;-0.54
9;56;30;4.8867e+05;-0.144;0.115
9;56;30;4.8871e+05;0.233;0.993
9;56;30;4.8875e+05;-0.238;-0.808
9;56;30;4.8879e+05;0.242;-0.443
9;56;30;4.8883e+05;-0.403;0.465
9;56;30;4.8887e+05;-0.473;0.183
9;56;30;4.8891e+05;-0.238;0.193
9;56;30;4.8894e+05;0.19;0.682
9;56;30;4.8898e+05;0.435;0.037
9;56;30;4.8902e+05;0.241;-0.422
9;56;30;4.8906e+05;0.232;-0.201
9;56;30;4.891e+05;-0.043;0.035
9;56;30;4.8914e+05;0.203;0.206
9;56;30;4.8918e+05;0.028;-0.487
9;56;30;4.8922e+05;0.491;-0.444
9;56;30;4.8926e+05;0.365;0.017
9;56;30;4.893e+05;0.114;-0.045
9;56;30;4.8934e+05;0.071;-0.573
9;56;30;4.8937e+05;0.173;0.934
9;56;30;4.8941e+05;0.502;0.927
9;56;30;4.8945e+05;-0.269;-0.599
9;56;30;4.8949e+05;-0.299;0.153
9;56;30;4.8953e+05;0.154;-0.274
9;56;30;4.8957e+05;0.845;-0.43
9;56;30;4.8961e+05;0.605;0.085
9;56;30;4.8965e+05;0.071;-0.276
9;56;30;4.8969e+05;-0.998;0.393
9;56;30;4.8973e+05;-0.267;0.287
9;56;30;4.8976e+05;-0.297;0.872
9;56;30;4.898e+05;-0.035;0.954
9;56;30;4.8984e+05;-0.537;-0.376
9;56;30;4.8988e+05;0.136;-0.239
9;56;30;4.8992e+05;-0.144;-0.073
9;56;30;4.8996e+05;1.043;-0.398
9;56;30;4.9e+05;-0.207;0.062
9;56;30;4.9004e+05;0.067;0.97
9;56;30;4.9008e+05;-0.806;-0.194
9;56;30;4.9012e+05;-0.333;-0.005
9;56;30;4.9016e+05;0.105;-0.004
9;56;30;4.902e+05;0.243;-0.134
9;56;30;4.9023e+05;-0.383;0.201
9;56;30;4.9027e+05;0.233;0.044
9;56;30;4.9031e+05;-0.093;0.127
9;56;30;4.9035e+05;0.381;0.156
9;56;30;4.9039e+05;0.387;0.032
9;56;30;4.9043e+05;-0.438;1.049
9;56;30;4.9047e+05;0.221;-0.359
9;56;30;4.9051e+05;-0.249;-0.224
9;56;30;4.9055e+05;0.716;0.532
9;56;30;4.9058e+05;0.309;-0.738
9;56;30;4.9062e+05;0.525;0.247
9;56;30;4.9066e+05;0.04;0.531
9;56;30;4.907e+05;0.567;-0.017
9;56;30;4.9074e+05;0.188;-0.193
9;56;30;4.9078e+05;0.07;0.711
9;56;30;4.9082e+05;-0.537;0.357
9;56;30;4.9086e+05;-0.286;0.202
9;56;30;4.909e+05;-0.293;-0.14
9;56;30;4.9094e+05;0.036;0.093
9;56;30;4.9098e+05;0.159;-0.214
9;56;30;4.9102e+05;0.195;-0.569
9;56;30;4.9105e+05;0.821;0.555
9;56;30;4.9109e+05;-0.017;-0.736
9;56;30;4.9113e+05;0.128;0.13
9;56;30;4.9117e+05;-0.096;1.064
9;56;30;4.9121e+05;-0.502;0.832
9;56;30;4.9125e+05;-0.003;-0.458
9;56;30;4.9129e+05;-0.083;-0.076
9;56;30;4.9133e+05;0.617;0.576
9;56;30;4.9137e+05;-0.281;-1.041
9;56;30;4.9141e+05;0.033;0.847
9;56;30;4.9144e+05;0.111;1.227
9;56;30;4.9148e+05;0.605;-1.046
9;56;30;4.9152e+05;0.011;-0.537
9;56;30;4.9156e+05;0.25;0.596
9;56;30;4.916e+05;-0.014;-0.128
9;56;30;4.9164e+05;0.162;0.219
9;56;30;4.9168e+05;0.013;0.458
9;56;30;4.9172e+05;-0.158;0.612
9;56;30;4.9176e+05;-0.26;-0.291
9;56;30;4.918e+05;0.167;-0.162
9;56;30;4.9184e+05;0.055;0.401
9;56;30;4.9187e+05;-0.252;-0.112
9;56;30;4.9191e+05;0.672;-0.666
9;56;30;4.9195e+05;0.422;-0.306
9;56;30;4.9199e+05;0.115;0.12
9;56;30;4.9203e+05;-0.165;0.693
9;56;30;4.9207e+05;0.261;0.458
9;56;30;4.9211e+05;-0.069;0.251
9;56;30;4.9215e+05;0.636;0.463
9;56;30;4.9219e+05;-0.507;-0.132
9;56;30;4.9223e+05;0.25;-0.13
9;56;30;4.9226e+05;0.01;0.349
9;56;30;4.923e+05;0.679;-0.274
9;56;30;4.9234e+05;0.236;-0.64
9;56;30;4.9238e+05;-0.113;0.53
9;56;30;4.9242e+05;-0.501;-0.793
9;56;30;4.9246e+05;-0.066;0.608
9;56;30;4.925e+05;-0.184;1.016
9;56;30;4.9254e+05;0.144;-0.835
9;56;30;4.9258e+05;-0.366;0.286
9;56;30;4.9262e+05;-0.511;1.162
9;56;30;4.9266e+05;0.433;-1.077
9;56;30;4.927e+05;0.203;-0.514
9;56;30;4.9273e+05;0.585;0.688
9;56;30;4.9277e+05;-0.676;0.381
9;56;30;4.9281e+05;0.417;-0.196
9;56;30;4.9285e+05;-0.091;-0.832
9;56;30;4.9289e+05;0.505;0.3
9;56;30;4.9293e+05;-0.193;0.333
9;56;30;4.9297e+05;0.02;0.299
9;56;30;4.9301e+05;-0.725;0.219
9;56;30;4.9305e+05;0.294;0.286
9;56;30;4.9308e+05;0.557;0.022
9;56;30;4.9312e+05;0.805;-0.58
9;56;30;4.9316e+05;-0.247;-0.272
9;56;30;4.932e+05;-0.208;0.309
9;56;30;4.9324e+05;-0.108;-0.321
9;56;30;4.9328e+05;0.603;0.446
9;56;30;4.9332e+05;-0.227;0.441
9;56;30;4.9336e+05;-0.765;-0.194
9;56;30;4.934e+05;-0.895;0.177
9;56;30;4.9344e+05;-0.342;0.16
9;56;30;4.9348e+05;-0.403;-0.262
9;56;30;4.9352e+05;-0.446;0.228
9;56;30;4.9355e+05;-0.443;0.112
9;56;30;4.9359e+05;-0.232;-0.237
9;56;30;4.9363e+05;0.002;-0.24
9;56;30;4.9367e+05;-0.441;0.599
9;56;30;4.9371e+05;0.438;0.024
9;56;30;4.9375e+05;-0.202;0.459
9;56;30;4.9379e+05;-0.022;0.264
9;56;30;4.9383e+05;-0.589;-0.991
9;56;30;4.9387e+05;1.213;-0.437
9;56;30;4.9391e+05;0.901;-0.383
9;56;30;4.9394e+05;0.887;0.579
9;56;30;4.9398e+05;0.3;-0.217
9;56;30;4.9402e+05;0.455;-0.063
9;56;30;4.9406e+05;0.196;0.352
9;56;30;4.941e+05;0.264;0.663
9;56;30;4.9414e+05;0.559;0.431
9;56;30;4.9418e+05;-0.201;-0.603
9;56;30;4.9422e+05;-0.136;-0.463
9;56;30;4.9426e+05;-0.268;-0.176
9;56;30;4.943e+05;0.128;-0.333
9;56;30;4.9434e+05;-0.69;0.341
9;56;30;4.9437e+05;-0.269;0.232
9;56;30;4.9441e+05;-1.358;0.09
9;56;30;4.9445e+05;-0.767;0.788
9;56;30;4.9449e+05;-0.623;-0.578
9;56;30;4.9453e+05;-0.259;0.486
9;56;30;4.9457e+05;-0.318;-0.075
9;56;30;4.9461e+05;-0.558;-0.389
9;56;30;4.9465e+05;-0.612;1.03
9;56;30;4.9469e+05;0.203;0.122
9;56;30;4.9473e+05;0.758;-0.455
9;56;30;4.9476e+05;0.295;0.077
9;56;30;4.948e+05;0.425;-0.233
9;56;30;4.9484e+05;0.151;-0.002
9;56;30;4.9488e+05;0.289;0.387
9;56;30;4.9492e+05;0.178;0.297
9;56;30;4.9496e+05;0.784;0.547
9;56;30;4.95e+05;0.755;-0.356
9;56;30;4.9504e+05;0.837;-0.302
9;56;30;4.9508e+05;-0.2;0.131
9;56;30;4.9512e+05;0.059;-0.323
9;56;30;4.9516e+05;-0.225;0.234
9;56;30;4.952e+05;-0.377;0.203
9;56;30;4.9523e+05;-0.933;-0.842
9;56;30;4.9527e+05;-0.904;-0.082
9;56;30;4.9531e+05;-0.803;0.395
9;56;30;4.9535e+05;-0.37;0.38
9;56;30;4.9539e+05;-0.104;0.262
9;56;30;4.9543e+05;0.225;-0.23
9;56;30;4.9547e+05;-0.039;-0.139
9;56;30;4.9551e+05;0.153;0.056
9;56;30;4.9555e+05;-0.132;0.669
9;56;30;4.9558e+05;0.65;0.379
9;56;30;4.9562e+05;0.229;-0.343
9;56;30;4.9566e+05;0.448;0.381
9;56;30;4.957e+05;0.418;-0.53
9;56;30;4.9574e+05;0.429;-0.178
9;56;30;4.9578e+05;0.51;0.373
9;56;30;4.9582e+05;0.425;0.194
9;56;30;4.9586e+05;0.042;-0.63
9;56;30;4.959e+05;-0.472;0.275
9;56;30;4.9594e+05;0.206;1.252
9;56;30;4.9598e+05;-0.172;-0.377
9;56;30;4.9602e+05;0.187;0.054
9;56;30;4.9605e+05;-0.469;0.692
9;56;30;4.9609e+05;-0.779;-0.195
9;56;30;4.9613e+05;-0.651;-0.661
9;56;30;4.9617e+05;-0.848;0.257
9;56;30;4.9621e+05;-0.885;0.55
9;56;30;4.9625e+05;-0.523;-1.027
9;56;30;4.9629e+05;-0.598;0.142
9;56;30;4.9633e+05;0.388;0.189
9;56;30;4.9637e+05;-0.245;-0.381
9;56;30;4.9641e+05;0.154;1.123
9;56;30;4.9644e+05;-0.349;-0.086
9;56;30;4.9648e+05;-0.329;0.612
9;56;30;4.9652e+05;-0.229;0.994
9;56;30;4.9656e+05;0.401;-0.88
9;56;30;4.966e+05;0.009;-0.567
9;56;30;4.9664e+05;0.895;-0.194
9;56;30;4.9668e+05;0.881;-0.19
9;56;30;4.9672e+05;0.393;0.417
9;56;30;4.9676e+05;0.651;0.226
9;56;30;4.968e+05;-0.06;1.503
9;56;30;4.9684e+05;0.08;0.052
9;56;30;4.9687e+05;-0.161;-0.909
9;56;30;4.9691e+05;0.028;1.227
9;56;30;4.9695e+05;-0.121;-1.014
9;56;30;4.9699e+05;-0.427;-0.685
9;56;30;4.9703e+05;-0.481;0.725
9;56;30;4.9707e+05;-0.434;-0.688
9;56;30;4.9711e+05;-0.479;0.705
9;56;30;4.9715e+05;-0.148;0.603
9;56;30;4.9719e+05;-0.603;-0.352
9;56;30;4.9723e+05;-0.283;0.53
9;56;30;4.9726e+05;-0.417;-0.291
9;56;30;4.973e+05;-0.646;0.463
9;56;30;4.9734e+05;-0.607;0.288
9;56;30;4.9738e+05;-0.635;0.25
9;56;30;4.9742e+05;-0.32;0.376
9;56;30;4.9746e+05;-0.072;-0.908
9;56;30;4.975e+05;0.678;-0.752
9;56;30;4.9754e+05;-0.269;0.708
9;56;30;4.9758e+05;0.581;0.159
9;56;30;4.9762e+05;-0.388;-0.289
9;56;30;4.9766e+05;0.376;0.732
9;56;30;4.977e+05;0.101;0.182
9;56;30;4.9773e+05;0.442;-0.148
9;56;30;4.9777e+05;0.455;-0.526
9;56;30;4.9781e+05;0.09;0.336
9;56;30;4.9785e+05;-0.214;-0.006
9;56;30;4.9789e+05;-0.098;-0.538
9;56;30;4.9793e+05;-0.123;0.67
9;56;30;4.9797e+05;-0.25;-0.136
9;56;30;4.9801e+05;-0.189;-0.202
9;56;30;4.9805e+05;-0.319;0.651
9;56;30;4.9808e+05;-0.706;-0.409
9;56;30;4.9812e+05;-0.383;0.532
9;56;30;4.9816e+05;-0.265;0.187
9;56;30;4.982e+05;-0.336;-0.614
9;56;30;4.9824e+05;0.211;0.234
9;56;30;4.9828e+05;-0.48;-0.189
9;56;30;4.9832e+05;-0.109;-0.119
9;56;30;4.9836e+05;-0.152;0.122
9;56;30;4.984e+05;1.001;0.545
9;56;30;4.9844e+05;-0.024;-0.358
9;56;30;4.9848e+05;-0.345;0.148
9;56;30;4.9852e+05;0.041;-0.18
9;56;30;4.9855e+05;0.23;-0.524
9;56;30;4.9859e+05;0.516;0.224
9;56;30;4.9863e+05;-0.074;0.058
9;56;30;4.9867e+05;-0.394;0.153
9;56;30;4.9871e+05;-0.146;-0.499
9;56;30;4.9875e+05;0.728;-0.577
9;56;30;4.9879e+05;0.282;0.546
9;56;30;4.9883e+05;-0.068;0.027
9;56;30;4.9887e+05;-0.919;0.127
9;56;30;4.9891e+05;-0.204;0.698
9;56;30;4.9894e+05;-0.169;-0.296
9;56;30;4.9898e+05;-0.053;-0.083
9;56;30;4.9902e+05;-0.268;0.619
9;56;30;4.9906e+05;0.031;-0.006
9;56;30;4.991e+05;-0.564;-0.982
9;56;30;4.9914e+05;0.227;0.086
9;56;30;4.9918e+05;0.344;0.309
9;56;30;4.9922e+05;-0.044;-0.199
9;56;30;4.9926e+05;-0.13;-0.001
9;56;30;4.993e+05;0.132;-0.169
9;56;30;4.9934e+05;0.124;-0.489
9;56;30;4.9937e+05;0.102;0.295
9;56;30;4.9941e+05;0.02;0.872
9;56;30;4.9945e+05;0.342;-0.183
9;56;30;4.9949e+05;0.157;-1.026
9;56;30;4.9953e+05;0.003;0.188
9;56;30;4.9957e+05;0.502;0.271
9;56;30;4.9961e+05;0.222;-0.152
9;56;30;4.9965e+05;0.207;0.14
9;56;30;4.9969e+05;0.405;-0.668
9;56;30;4.9973e+05;-0.328;0.041
9;56;30;4.9976e+05;-0.37;0.281
9;56;30;4.998e+05;-0.16;0.291
9;56;30;4.9984e+05;-0.182;0.475
9;56;30;4.9988e+05;0.153;-0.716
9;56;30;4.9992e+05;-0.262;-0.128
9;56;30;4.9996e+05;0.046;0.05
9;56;30;5e+05;0.125;-0.173
9;56;30;5.0004e+05;0.052;0.23
9;56;30;5.0008e+05;-0.456;-0.036
9;56;30;5.0012e+05;-0.169;-0.304
9;56;30;5.0016e+05;-0.007;-0.015
9;56;30;5.002e+05;0.371;0.09
9;56;30;5.0023e+05;-0.124;0.075
9;56;30;5.0027e+05;0.52;-0.04
9;56;30;5.0031e+05;-0.132;-0.054
9;56;30;5.0035e+05;0.344;0.533
9;56;30;5.0039e+05;-0.222;0.097
9;56;30;5.0043e+05;-0.371;1.027
9;56;30;5.0047e+05;-0.24;-0.433
9;56;30;5.0051e+05;-0.284;-0.669
9;56;30;5.0055e+05;0.485;0.831
9;56;30;5.0058e+05;-0.126;-0.995
9;56;30;5.0062e+05;-0.102;-0.428
9;56;30;5.0066e+05;-0.17;0.578
9;56;30;5.007e+05;-0.388;0.24
9;56;30;5.0074e+05;0.009;-0.202
9;56;30;5.0078e+05;-0.112;0.47
9;56;30;5.0082e+05;0.359;0.739
9;56;30;5.0086e+05;0.172;-1.509
9;56;30;5.009e+05;0.046;0.047
9;56;30;5.0094e+05;0.631;0.442
9;56;30;5.0098e+05;-0.451;-0.885
9;56;30;5.0102e+05;0.273;0.327
9;56;30;5.0105e+05;-0.463;0.872
9;56;30;5.0109e+05;0.615;-0.665
9;56;30;5.0113e+05;-0.042;-0.411
9;56;30;5.0117e+05;0.556;0.778
9;56;30;5.0121e+05;-0.241;-0.278
9;56;30;5.0125e+05;0.233;0.532
9;56;30;5.0129e+05;-0.127;0.384
9;56;30;5.0133e+05;-0.096;-0.407
9;56;30;5.0137e+05;0.203;-0.508
9;56;30;5.0141e+05;0.155;0.302
9;56;30;5.0144e+05;0.278;-0.292
9;56;30;5.0148e+05;-0.11;-0.615
9;56;30;5.0152e+05;-0.108;0.701
9;56;30;5.0156e+05;-0.266;0.39
9;56;30;5.016e+05;-0.316;0.335
9;56;30;5.0164e+05;-0.42;0.376
9;56;30;5.0168e+05;0.512;-0.108
9;56;30;5.0172e+05;0.008;-0.766
9;56;30;5.0176e+05;-0.066;-0.02
9;56;30;5.018e+05;-0.322;0.17
9;56;30;5.0184e+05;-0.313;0.187
9;56;30;5.0187e+05;0.179;0.148
9;56;30;5.0191e+05;0.233;0.202
9;56;30;5.0195e+05;-0.117;-0.087
9;56;30;5.0199e+05;0.251;-0.426
9;56;30;5.0203e+05;0.679;0.72
9;56;30;5.0207e+05;0.151;0.924
9;56;30;5.0211e+05;0.249;0.192
9;56;30;5.0215e+05;0.078;0.285
9;56;30;5.0219e+05;0.121;0.355
9;56;30;5.0223e+05;0.458;-1.098
9;56;30;5.0226e+05;-0.278;-0.108
9;56;30;5.023e+05;0.32;0.258
9;56;30;5.0234e+05;-0.529;-0.326
9;56;30;5.0238e+05;0.312;0.744
9;56;30;5.0242e+05;-0.131;-0.363
9;56;30;5.0246e+05;-0.364;0.511
9;56;30;5.025e+05;0.152;0.059
9;56;30;5.0254e+05;-0.411;-0.113
9;56;30;5.0258e+05;0.309;-0.058
9;56;30;5.0262e+05;-0.47;0.051
9;56;30;5.0266e+05;0.326;0.128
9;56;30;5.027e+05;0.151;-0.535
9;56;30;5.0273e+05;1.04;0.651
9;56;30;5.0277e+05;-0.11;-0.289
9;56;30;5.0281e+05;-0.235;0.186
9;56;30;5.0285e+05;-0.17;0.065
9;56;30;5.0289e+05;0.186;0.646
9;56;30;5.0293e+05;0.037;-0.123
9;56;30;5.0297e+05;-0.134;-0.254
9;56;30;5.0301e+05;0.271;0.253
9;56;30;5.0305e+05;-0.015;-0.865
9;56;30;5.0308e+05;0.44;-0.015
9;56;30;5.0312e+05;-0.096;0.652
9;56;30;5.0316e+05;0.833;-0.051
9;56;30;5.032e+05;-0.398;-0.379
9;56;30;5.0324e+05;0.772;0.742
9;56;30;5.0328e+05;0.078;-0.286
9;56;30;5.0332e+05;0.844;-0.052
9;56;30;5.0336e+05;0.489;0.067
9;56;30;5.034e+05;0.026;0.63
9;56;30;5.0344e+05;0.088;-0.203
9;56;30;5.0348e+05;-0.016;-0.7
9;56;30;5.0352e+05;0.373;0.826
9;56;30;5.0355e+05;0.336;0.059
9;56;30;5.0359e+05;0.108;-0.545
9;56;30;5.0363e+05;-0.132;0.253
9;56;30;5.0367e+05;0.08;0.404
9;56;30;5.0371e+05;-0.459;-0.051
9;56;30;5.0375e+05;0.2;0.429
9;56;30;5.0379e+05;-0.308;0.232
9;56;30;5.0383e+05;-0.512;0.189
9;56;30;5.0387e+05;-0.011;-0.953
9;56;30;5.0391e+05;0.053;0.337
9;56;30;5.0394e+05;0.265;0.667
9;56;30;5.0398e+05;-0.443;-0.831
9;56;30;5.0402e+05;-0.402;0.92
9;56;30;5.0406e+05;-0.251;-0.141
9;56;30;5.041e+05;0.103;-0.15
9;56;30;5.0414e+05;0.758;0.464
9;56;30;5.0418e+05;0.895;-1.029
9;56;30;5.0422e+05;0.361;-0.188
9;56;30;5.0426e+05;0.435;0.565
9;56;30;5.043e+05;0.321;-0.041
9;56;30;5.0434e+05;0.28;0.214
9;56;30;5.0437e+05;0.296;0.305
9;56;30;5.0441e+05;0.012;0.132
9;56;30;5.0445e+05;-0.176;-0.15
9;56;30;5.0449e+05;-0.126;-0.913
9;56;30;5.0453e+05;0.46;0.437
9;56;30;5.0457e+05;0.606;0.519
9;56;30;5.0461e+05;0.367;-1.209
9;56;30;5.0465e+05;-0.369;0.557
9;56;30;5.0469e+05;-0.297;1.443
9;56;30;5.0473e+05;-0.064;-0.791
9;56;30;5.0476e+05;-0.324;-0.294
9;56;30;5.048e+05;-0.068;1.04
9;56;30;5.0484e+05;-0.207;-0.332
9;56;30;5.0488e+05;-0.006;-0.863
9;56;30;5.0492e+05;0.575;-0.331
9;56;30;5.0496e+05;0.012;0.364
9;56;30;5.05e+05;0.231;-0.275
9;56;30;5.0504e+05;-0.228;-0.167
9;56;30;5.0508e+05;0.319;0.647
9;56;30;5.0512e+05;0.174;-0.048
9;56;30;5.0516e+05;0.596;-0.311
9;56;30;5.052e+05;0.235;-0.774
9;56;30;5.0523e+05;0.118;0.857
9;56;30;5.0527e+05;0.181;0.316
9;56;30;5.0531e+05;0.445;-0.547
9;56;30;5.0535e+05;0.23;0.229
9;56;30;5.0539e+05;-0.35;0.333
9;56;30;5.0543e+05;0.149;-0.32
9;56;30;5.0547e+05;-0.263;-0.475
9;56;30;5.0551e+05;0.578;0.161
9;56;30;5.0555e+05;-0.417;0.476
9;56;30;5.0558e+05;-0.397;0.395
9;56;30;5.0562e+05;-0.794;-0.362
9;56;30;5.0566e+05;-0.374;0.923
9;56;30;5.057e+05;-0.228;-0.133
9;56;30;5.0574e+05;0.126;-1.06
9;56;30;5.0578e+05;-0.374;0.12
9;56;30;5.0582e+05;-0.265;-0.202
9;56;30;5.0586e+05;0.065;0.129
9;56;30;5.059e+05;0.578;-0.126
9;56;30;5.0594e+05;0.325;-0.07
9;56;30;5.0598e+05;-0.154;0.984
9;56;30;5.0602e+05;0.092;0.124
9;56;30;5.0605e+05;0.181;-0.061
9;56;30;5.0609e+05;0.14;-0.182
9;56;30;5.0613e+05;0.049;-0.436
9;56;30;5.0617e+05;0.368;-0.3
9;56;30;5.0621e+05;0.268;-0.062
9;56;30;5.0625e+05;0.443;0.266
9;56;30;5.0629e+05;-0.091;-0.101
9;56;30;5.0633e+05;0.232;-0.036
9;56;30;5.0637e+05;0.083;0.276
9;56;30;5.0641e+05;0.16;-0.171
9;56;30;5.0644e+05;-0.16;-0.447
9;56;30;5.0648e+05;0.185;0.473
9;56;30;5.0652e+05;-0.559;-0.418
9;56;30;5.0656e+05;-0.085;0.353
9;56;30;5.066e+05;-0.318;0.674
9;56;30;5.0664e+05;-0.012;-0.608
9;56;30;5.0668e+05;0.052;-0.3
9;56;30;5.0672e+05;-0.281;0.806
9;56;30;5.0676e+05;0.159;-0.909
9;56;30;5.068e+05;-0.172;-0.191
9;56;30;5.0684e+05;0.697;0.346
9;56;30;5.0687e+05;0.066;-0.7
9;56;30;5.0691e+05;0.538;0.545
9;56;30;5.0695e+05;-0.111;0.548
9;56;30;5.0699e+05;0.386;-0.108
9;56;30;5.0703e+05;0.287;-0.178
9;56;30;5.0707e+05;0.243;0.946
9;56;30;5.0711e+05;-0.028;0.182
9;56;30;5.0715e+05;0.218;-0.332
9;56;30;5.0719e+05;0.236;0.371
9;56;30;5.0723e+05;0.157;-0.311
9;56;30;5.0726e+05;-0.299;-0.242
9;56;30;5.073e+05;-0.138;0.413
9;56;30;5.0734e+05;0.041;-0.563
9;56;30;5.0738e+05;-0.062;-0.384
9;56;30;5.0742e+05;-0.12;0.519
9;56;30;5.0746e+05;-0.177;0.222
9;56;30;5.075e+05;0.187;-0.127
9;56;30;5.0754e+05;-0.07;0.534
9;56;30;5.0758e+05;0.1;0.116
9;56;30;5.0762e+05;-0.446;-0.024
9;56;30;5.0766e+05;0.342;-0.321
9;56;30;5.077e+05;-0.138;-0.033
9;56;30;5.0773e+05;0.358;0.786
9;56;30;5.0777e+05;0.013;-1.089
9;56;30;5.0781e+05;0.474;0.342
9;56;30;5.0785e+05;0.378;0.4
9;56;30;5.0789e+05;0.392;-0.145
9;56;30;5.0793e+05;0.549;0.421
9;56;30;5.0797e+05;0.064;0.422
9;56;30;5.0801e+05;0.209;0.814
9;56;30;5.0805e+05;-0.297;-0.743
9;56;30;5.0808e+05;0.52;-0.899
9;56;30;5.0812e+05;0.306;1.339
9;56;30;5.0816e+05;0.111;-0.098
9;56;30;5.082e+05;-0.48;-0.951
9;56;30;5.0824e+05;-0.171;1.589
9;56;30;5.0828e+05;0.171;-1.004
9;56;30;5.0832e+05;-0.063;0.356
9;56;30;5.0836e+05;-0.011;1.339
9;56;30;5.084e+05;-0.883;-1.572
9;56;30;5.0844e+05;-0.341;0.288
9;56;30;5.0848e+05;-0.769;0.762
9;56;30;5.0852e+05;0.032;-0.217
9;56;30;5.0855e+05;-0.492;-0.154
9;56;30;5.0859e+05;0.023;1.222
9;56;30;5.0863e+05;0.413;-1.19
9;56;30;5.0867e+05;-0.043;-0.474
9;56;30;5.0871e+05;0.447;1.537
9;56;30;5.0875e+05;-0.38;-0.276
9;56;30;5.0879e+05;0.413;0.313
9;56;30;5.0883e+05;0.237;0.037
9;56;30;5.0887e+05;0.675;0.225
9;56;30;5.0891e+05;0.383;0.092
9;56;30;5.0894e+05;0.537;-0.203
9;56;30;5.0898e+05;-0.02;0.11
9;56;30;5.0902e+05;-0.069;0.462
9;56;30;5.0906e+05;-0.061;0.118
9;56;30;5.091e+05;-0.26;-0.458
9;56;30;5.0914e+05;-0.403;0.765
9;56;30;5.0918e+05;-0.251;0.065
9;56;30;5.0922e+05;-0.369;-0.578
9;56;30;5.0926e+05;0.384;-0.027
9;56;30;5.093e+05;-0.069;0.157
9;56;30;5.0934e+05;-0.228;0.47
9;56;30;5.0937e+05;-0.523;0.035
9;56;30;5.0941e+05;-0.485;0.573
9;56;30;5.0945e+05;-0.217;-0.305
9;56;30;5.0949e+05;-0.242;0.565
9;56;30;5.0953e+05;0.167;-0.024
9;56;30;5.0957e+05;-0.407;-0.379
9;56;30;5.0961e+05;0.199;0.709
9;56;30;5.0965e+05;-0.049;-0.609
9;56;30;5.0969e+05;1.196;0.056
9;56;30;5.0973e+05;-0.353;0.194
9;56;30;5.0976e+05;0.131;0.542
9;56;30;5.098e+05;0.226;-0.3
9;56;30;5.0984e+05;0.598;-0.568
9;56;30;5.0988e+05;0.087;0.137
9;56;30;5.0992e+05;-0.06;0.299
9;56;30;5.0996e+05;0.159;-0.011
9;56;30;5.1e+05;0.192;-0.156
9;56;30;5.1004e+05;0.162;-0.125
9;56;30;5.1008e+05;-0.221;0.107
9;56;30;5.1012e+05;-0.154;0.065
9;56;30;5.1016e+05;-0.241;-0.38
9;56;30;5.102e+05;0.132;0.164
9;56;30;5.1023e+05;-0.405;0.548
9;56;30;5.1027e+05;0.203;-0.654
9;56;30;5.1031e+05;-0.467;-0.012
9;56;30;5.1035e+05;-0.062;0.891
9;56;30;5.1039e+05;-0.359;-0.622
9;56;30;5.1043e+05;-0.167;0.057
9;56;30;5.1047e+05;-0.342;0.93
9;56;30;5.1051e+05;0.012;-0.583
9;56;30;5.1055e+05;-0.488;-0.691
9;56;30;5.1058e+05;0.43;0.414
9;56;30;5.1062e+05;-0.286;0.361
9;56;30;5.1066e+05;0.221;0.412
9;56;30;5.107e+05;0.212;-0.548
9;56;30;5.1074e+05;0.222;0.37
9;56;30;5.1078e+05;0.36;0.271
9;56;30;5.1082e+05;-0.31;-0.211
9;56;30;5.1086e+05;0.249;-0.315
9;56;30;5.109e+05;-0.333;-0.53
9;56;30;5.1094e+05;0.274;0.78
9;56;30;5.1098e+05;-0.229;-0.6
9;56;30;5.1102e+05;0.381;-0.439
9;56;30;5.1105e+05;0.125;1.042
9;56;30;5.1109e+05;0.733;0.07
9;56;30;5.1113e+05;-0.275;-1.043
9;56;30;5.1117e+05;-0.499;0.643
9;56;30;5.1121e+05;-0.503;0.723
9;56;30;5.1125e+05;-0.466;-0.233
9;56;30;5.1129e+05;0.039;-0.161
9;56;30;5.1133e+05;-0.139;0.293
9;56;30;5.1137e+05;0.251;-0.738
9;56;30;5.1141e+05;-0.081;-0.603
9;56;30;5.1144e+05;0.04;0.782
9;56;30;5.1148e+05;-0.566;0.183
9;56;30;5.1152e+05;-0.325;0.391
9;56;30;5.1156e+05;-0.016;-0.054
9;56;30;5.116e+05;0.182;-0.524
9;56;30;5.1164e+05;0.169;0.213
9;56;30;5.1168e+05;0.746;-0.556
9;56;30;5.1172e+05;-0.041;0.25
9;56;30;5.1176e+05;-0.109;0.461
9;56;30;5.118e+05;-1.019;-0.479
9;56;30;5.1184e+05;-0.068;1.004
9;56;30;5.1187e+05;0.044;-0.174
9;56;30;5.1191e+05;0.381;-0.453
9;56;30;5.1195e+05;0.287;0.14
9;56;30;5.1199e+05;-0.089;-0.853
9;56;30;5.1203e+05;0.076;-0.695
9;56;30;5.1207e+05;-0.278;1.514
9;56;30;5.1211e+05;0.072;1.001
9;56;30;5.1215e+05;-0.292;-0.916
9;56;30;5.1219e+05;-0.42;0.347
9;56;30;5.1223e+05;-0.152;-0.241
9;56;30;5.1226e+05;0.331;-0.715
9;56;30;5.123e+05;0.555;0.273
9;56;30;5.1234e+05;0.37;-0.036
9;56;30;5.1238e+05;-0.511;0.026
9;56;30;5.1242e+05;0.018;0.174
9;56;30;5.1246e+05;0.047;-0.639
9;56;30;5.125e+05;0.192;0.335
9;56;30;5.1254e+05;0.16;0.453
9;56;30;5.1258e+05;-0.533;0.171
9;56;30;5.1262e+05;-0.071;-0.23
9;56;30;5.1266e+05;0.039;0.047
9;56;30;5.127e+05;0.622;0.377
9;56;30;5.1273e+05;0.133;-0.409
9;56;30;5.1277e+05;-0.134;-0.026
9;56;30;5.1281e+05;-0.946;0.622
9;56;30;5.1285e+05;-0.336;0.07
9;56;30;5.1289e+05;-0.427;-0.605
9;56;30;5.1293e+05;-0.002;0.199
9;56;30;5.1297e+05;-0.552;0.356
9;56;30;5.1301e+05;-0.539;0.123
9;56;30;5.1305e+05;-0.335;0.347
9;56;30;5.1308e+05;-0.022;0.12
9;56;30;5.1312e+05;0.117;-0.424
9;56;30;5.1316e+05;0.113;-0.894
9;56;30;5.132e+05;-0.349;0.063
9;56;30;5.1324e+05;-0.169;0.321
9;56;30;5.1328e+05;-0.229;0.129
9;56;30;5.1332e+05;0.315;0.63
9;56;30;5.1336e+05;0.469;-0.25
9;56;30;5.134e+05;0.44;0.528
9;56;30;5.1344e+05;0.55;0.091
9;56;30;5.1348e+05;0.226;-0.468
9;56;30;5.1352e+05;0.608;0.782
9;56;30;5.1355e+05;0.223;-0.314
9;56;30;5.1359e+05;0.173;-0.175
9;56;30;5.1363e+05;-0.246;0.393
9;56;30;5.1367e+05;-0.393;0.283
9;56;30;5.1371e+05;-0.207;0.183
9;56;30;5.1375e+05;-0.172;-0.384
9;56;30;5.1379e+05;-0.199;-0.4
9;56;30;5.1383e+05;-0.271;0.129
9;56;30;5.1387e+05;-0.554;0.125
9;56;30;5.1391e+05;-0.559;-0.359
9;56;30;5.1394e+05;-0.513;0.435
9;56;30;5.1398e+05;-0.161;0.782
9;56;30;5.1402e+05;-0.147;-0.899
9;56;30;5.1406e+05;-0.31;0.163
9;56;30;5.141e+05;0.011;0.357
9;56;30;5.1414e+05;-0.424;0.05
9;56;30;5.1418e+05;0.701;0.424
9;56;30;5.1422e+05;-0.363;0.366
9;56;30;5.1426e+05;1.374;0.193
9;56;30;5.143e+05;0.028;-0.649
9;56;30;5.1434e+05;1.038;0.52
9;56;30;5.1437e+05;0.388;-0.546
9;56;30;5.1441e+05;0.181;0.651
9;56;30;5.1445e+05;0.524;-0.103
9;56;30;5.1449e+05;-0.772;-0.792
9;56;30;5.1453e+05;0.274;0.492
9;56;30;5.1457e+05;-0.521;0.169
9;56;30;5.1461e+05;0.208;0.798
9;56;30;5.1465e+05;0.241;-0.993
9;56;30;5.1469e+05;-0.512;-0.053
9;56;30;5.1473e+05;-0.029;0.667
9;56;30;5.1476e+05;-0.227;-0.253
9;56;30;5.148e+05;-0.126;0.559
9;56;30;5.1484e+05;-0.823;-0.094
9;56;30;5.1488e+05;-0.925;0.491
9;56;30;5.1492e+05;-0;-0.849
9;56;30;5.1496e+05;-0.629;0.041
9;56;30;5.15e+05;0.614;1.685
9;56;30;5.1504e+05;0.132;-1.372
9;56;30;5.1508e+05;0.432;-0.238
9;56;30;5.1512e+05;0.253;0.241
9;56;30;5.1516e+05;-0.095;-0.077
9;56;30;5.152e+05;0.324;0.172
9;56;30;5.1523e+05;0.598;-0.074
9;56;30;5.1527e+05;0.574;-0.191
9;56;30;5.1531e+05;0.1;-0.371
9;56;30;5.1535e+05;0.387;-0.114
9;56;30;5.1539e+05;0.325;-0.555
9;56;30;5.1543e+05;-0.208;0.823
9;56;30;5.1547e+05;0.358;0.059
9;56;30;5.1551e+05;-0.671;0.391
9;56;30;5.1555e+05;0.084;-0.135
9;56;30;5.1558e+05;-0.439;0.182
9;56;30;5.1562e+05;0.307;0.512
9;56;30;5.1566e+05;0.108;-1.76
9;56;30;5.157e+05;-0.689;1.459
9;56;30;5.1574e+05;-0.837;0.69
9;56;30;5.1578e+05;-0.433;-0.842
9;56;30;5.1582e+05;0.106;0.456
9;56;30;5.1586e+05;0.692;0.193
9;56;30;5.159e+05;0.456;-1.009
9;56;30;5.1594e+05;0.186;-0.053
9;56;30;5.1598e+05;0.284;-0.134
9;56;30;5.1602e+05;-0.452;0.445
9;56;30;5.1605e+05;0.168;1.664
9;56;30;5.1609e+05;0.208;-0.992
9;56;30;5.1613e+05;0.682;-0.305
9;56;30;5.1617e+05;-0.021;-0.05
9;56;30;5.1621e+05;0.614;-0.781
9;56;30;5.1625e+05;0.422;0.155
9;56;30;5.1629e+05;0.451;0.646
9;56;30;5.1633e+05;0.043;-0.049
9;56;30;5.1637e+05;-0.245;-0.156
9;56;30;5.1641e+05;0.251;-0.062
9;56;30;5.1644e+05;-0.211;0.1
9;56;30;5.1648e+05;-0.373;0.226
9;56;30;5.1652e+05;0.098;-0.836
9;56;30;5.1656e+05;-0.472;-0.063
9;56;30;5.166e+05;-0.393;0.476
9;56;30;5.1664e+05;-0.463;-0.288
9;56;30;5.1668e+05;0.079;0.137
9;56;30;5.1672e+05;-0.372;0.209
9;56;30;5.1676e+05;-0.399;-0.282
9;56;30;5.168e+05;0.118;0.186
9;56;30;5.1684e+05;0.118;-0.039
9;56;30;5.1687e+05;0.524;-0.589
9;56;30;5.1691e+05;0.389;0.344
9;56;30;5.1695e+05;0.535;-0.07
9;56;30;5.1699e+05;-0.219;-0.642
9;56;30;5.1703e+05;0.181;0.607
9;56;30;5.1707e+05;0.717;0.194
9;56;30;5.1711e+05;0.202;-0.36
9;56;30;5.1715e+05;0.111;-0.589
9;56;30;5.1719e+05;-0.276;0.497
9;56;30;5.1723e+05;0.13;0.383
9;56;30;5.1726e+05;0.261;-1.394
9;56;30;5.173e+05;0.011;0.606
9;56;30;5.1734e+05;0.171;0.314
9;56;30;5.1738e+05;-0.372;-0.957
9;56;30;5.1742e+05;0.037;0.706
9;56;30;5.1746e+05;-0.257;0.425
9;56;30;5.175e+05;0.142;-0.305
9;56;30;5.1754e+05;0.092;0.535
9;56;30;5.1758e+05;-0.116;0.426
9;56;30;5.1762e+05;-0.291;-0.733
9;56;30;5.1766e+05;0.176;-0.346
9;56;30;5.177e+05;0.061;0.494
9;56;30;5.1773e+05;0.017;0.217
9;56;30;5.1777e+05;0.054;-0.406
9;56;30;5.1781e+05;-0.127;0.574
9;56;30;5.1785e+05;0.312;-0.926
9;56;30;5.1789e+05;-0.226;-0.408
9;56;30;5.1793e+05;0.201;1.11
9;56;30;5.1797e+05;-0.256;-0.71
9;56;30;5.1801e+05;0.298;-0.234
9;56;30;5.1805e+05;-0.14;-0.078
9;56;30;5.1808e+05;0.679;-0.535
9;56;30;5.1812e+05;0.044;0.047
9;56;30;5.1816e+05;0.31;0.752
9;56;30;5.182e+05;-0.172;0.092
9;56;30;5.1824e+05;-0.19;0.161
9;56;30;5.1828e+05;0.217;-0.096
9;56;30;5.1832e+05;-0.101;0.392
9;56;30;5.1836e+05;0.47;-0.235
9;56;30;5.184e+05;0.122;-0.999
9;56;30;5.1844e+05;0.301;0.467
9;56;30;5.1848e+05;0.072;-0.326
9;56;30;5.1852e+05;0.482;0.481
9;56;30;5.1855e+05;0.264;0.592
9;56;30;5.1859e+05;0.002;-0.614
9;56;30;5.1863e+05;-0.086;-0.294
9;56;30;5.1867e+05;-0.045;0.891
9;56;30;5.1871e+05;0.588;-0.461
9;56;30;5.1875e+05;-0.367;-0.709
9;56;30;5.1879e+05;0.186;0.529
9;56;30;5.1883e+05;-0.401;-0.117
9;56;30;5.1887e+05;0.224;-0.31
9;56;30;5.1891e+05;0.067;0.129
9;56;30;5.1894e+05;0.092;0.575
9;56;30;5.1898e+05;-0.518;-0.404
9;56;30;5.1902e+05;-0.164;0.1
9;56;30;5.1906e+05;-0.576;0.709
9;56;30;5.191e+05;0.111;-0.075
9;56;30;5.1914e+05;-0.264;0.272
9;56;30;5.1918e+05;0.047;0.33
9;56;30;5.1922e+05;-0.051;-0.323
9;56;30;5.1926e+05;0.474;0.276
9;56;30;5.193e+05;0.56;0.019
9;56;30;5.1934e+05;0.288;-0.045
9;56;30;5.1937e+05;0.162;-0.24
9;56;30;5.1941e+05;0.206;0.541
9;56;30;5.1945e+05;0.272;-0.019
9;56;30;5.1949e+05;0.078;-0.172
9;56;30;5.1953e+05;0.673;1.06
9;56;30;5.1957e+05;-0.152;-0.76
9;56;30;5.1961e+05;0.457;-0.769
9;56;30;5.1965e+05;-0.311;0.91
9;56;30;5.1969e+05;0.135;0.976
9;56;30;5.1973e+05;-0.383;-0.802
9;56;30;5.1976e+05;-0.06;0.544
9;56;30;5.198e+05;0.203;0.056
9;56;30;5.1984e+05;-0.209;-0.636
9;56;30;5.1988e+05;0.169;0.209
9;56;30;5.1992e+05;-0.31;0.589
9;56;30;5.1996e+05;0.222;0.578
9;56;30;5.2e+05;-0.554;-0.243
9;56;30;5.2004e+05;0.527;-0.044
9;56;30;5.2008e+05;-0.701;0.426
9;56;30;5.2012e+05;0.427;-0.27
9;56;30;5.2016e+05;-0.672;-0.188
9;56;30;5.202e+05;0.932;0.689
9;56;30;5.2023e+05;-0.111;-0.078
9;56;30;5.2027e+05;0.361;0.47
9;56;30;5.2031e+05;0.213;-1.162
9;56;30;5.2035e+05;0.799;0.548
9;56;30;5.2039e+05;0.61;0.916
9;56;30;5.2043e+05;0.256;-0.613
9;56;30;5.2047e+05;-0.427;-0.026
9;56;30;5.2051e+05;0.14;-0.469
9;56;30;5.2055e+05;0.614;-0.3
9;56;30;5.2058e+05;0.056;0.436
9;56;30;5.2062e+05;0.333;0.219
9;56;30;5.2066e+05;-0.569;0.127
9;56;30;5.207e+05;-0.112;-0.017
9;56;30;5.2074e+05;-0.277;-0.08
9;56;30;5.2078e+05;0.018;0.772
9;56;30;5.2082e+05;-0.204;0.068
9;56;30;5.2086e+05;0.103;-0.058
9;56;30;5.209e+05;-0.198;0.305
9;56;30;5.2094e+05;0.626;-0.685
9;56;30;5.2098e+05;0.552;-0.185
9;56;30;5.2102e+05;0.153;0.875
9;56;30;5.2105e+05;-0.051;0.418
9;56;30;5.2109e+05;-0.843;0.439
9;56;30;5.2113e+05;-0.087;0.189
9;56;30;5.2117e+05;0.421;-0.164
9;56;30;5.2121e+05;0.175;-0.153
9;56;30;5.2125e+05;0.365;-0.464
9;56;30;5.2129e+05;-0.34;0.354
9;56;30;5.2133e+05;0.454;-0.312
9;56;30;5.2137e+05;0.218;-0.285
9;56;30;5.2141e+05;0.258;0.914
9;56;30;5.2144e+05;0.327;-0.569
9;56;30;5.2148e+05;-0.575;0.634
9;56;30;5.2152e+05;0.353;-0.795
9;56;30;5.2156e+05;0.089;-0.27
9;56;30;5.216e+05;0.501;1.475
9;56;30;5.2164e+05;-0.051;-1.284
9;56;30;5.2168e+05;0.27;0.824
9;56;30;5.2172e+05;-0.19;0.531
9;56;30;5.2176e+05;0.467;-1.556
9;56;30;5.218e+05;-0.049;0.709
9;56;30;5.2184e+05;-0.06;0.742
9;56;30;5.2187e+05;-0.125;-0.993
9;56;30;5.2191e+05;-0.288;0.296
9;56;30;5.2195e+05;0.24;0.177
9;56;30;5.2199e+05;0.343;-0.442
9;56;30;5.2203e+05;0.09;0.49
9;56;30;5.2207e+05;0.397;-0.228
9;56;30;5.2211e+05;-0.185;0.294
9;56;30;5.2215e+05;0.046;-0.473
9;56;30;5.2219e+05;0.251;-0.175
9;56;30;5.2223e+05;0.22;1.434
9;56;30;5.2226e+05;0.057;-0.847
9;56;30;5.223e+05;0.169;-0.354
9;56;30;5.2234e+05;0.37;-0.299
9;56;30;5.2238e+05;0.236;0.089
9;56;30;5.2242e+05;0.303;0.817
9;56;30;5.2246e+05;-0.041;-0.584
9;56;30;5.225e+05;0.33;0.163
9;56;30;5.2254e+05;-0.394;0.35
9;56;30;5.2258e+05;-0.263;-0.185
9;56;30;5.2262e+05;-0.017;1.101
9;56;30;5.2266e+05;-0.013;-0.156
9;56;30;5.227e+05;-0.571;-0.674
9;56;30;5.2273e+05;0.132;0.551
9;56;30;5.2277e+05;-0.318;-0.387
9;56;30;5.2281e+05;-0.049;-0.763
9;56;30;5.2285e+05;-0.321;0.749
9;56;30;5.2289e+05;0.281;0.229
9;56;30;5.2293e+05;0.061;-0.497
9;56;30;5.2297e+05;0.175;0.509
9;56;30;5.2301e+05;0.067;0.468
9;56;30;5.2305e+05;0.178;-0.063
9;56;30;5.2308e+05;0.063;-0.455
9;56;30;5.2312e+05;0.309;0.141
9;56;30;5.2316e+05;-0.181;0.518
9;56;30;5.232e+05;0.647;-0.471
9;56;30;5.2324e+05;0.242;-0.426
9;56;30;5.2328e+05;0.161;0.655
9;56;30;5.2332e+05;0.066;-0.335
9;56;30;5.2336e+05;0.504;-0.286
9;56;30;5.234e+05;0.289;0.207
9;56;30;5.2344e+05;-0.003;0.363
9;56;30;5.2348e+05;-0.823;0.04
9;56;30;5.2352e+05;-0.415;-0.021
9;56;30;5.2355e+05;-0.348;0.421
9;56;30;5.2359e+05;-0.017;0.133
9;56;30;5.2363e+05;-0.133;-0.781
9;56;30;5.2367e+05;-0.185;0.424
9;56;30;5.2371e+05;-0.245;0.496
9;56;30;5.2375e+05;-0.394;-0.512
9;56;30;5.2379e+05;0.77;-0.205
9;56;30;5.2383e+05;0.359;0.141
9;56;30;5.2387e+05;0.589;0.077
9;56;30;5.2391e+05;-0.429;0.043
9;56;30;5.2394e+05;0.455;0.352
9;56;30;5.2398e+05;0.185;-0.615
9;56;30;5.2402e+05;0.948;-0.047
9;56;30;5.2406e+05;0.086;0.216
9;56;30;5.241e+05;-0.345;0.225
9;56;30;5.2414e+05;-0.034;-0.263
9;56;30;5.2418e+05;0.255;-0.115
9;56;30;5.2422e+05;0.686;-0.126
9;56;30;5.2426e+05;-0.079;-0.34
9;56;30;5.243e+05;-0.785;1.031
9;56;30;5.2434e+05;-0.174;-0.666
9;56;30;5.2437e+05;-0.379;-0.314
9;56;30;5.2441e+05;0.069;1.33
9;56;30;5.2445e+05;0.191;0.31
9;56;30;5.2449e+05;-0.115;-0.026
9;56;30;5.2453e+05;0.154;-0.583
9;56;30;5.2457e+05;-0.014;0.215
9;56;30;5.2461e+05;0.074;0.617
9;56;30;5.2465e+05;-0.11;-0.137
9;56;30;5.2469e+05;-0.18;0.435
9;56;30;5.2473e+05;0.028;0.03
9;56;30;5.2476e+05;0.907;-1.004
9;56;30;5.248e+05;0.203;0.831
9;56;30;5.2484e+05;0.801;0.571
9;56;30;5.2488e+05;0.197;-0.833
9;56;30;5.2492e+05;0.237;0.141
9;56;30;5.2496e+05;-0.311;0.507
9;56;30;5.25e+05;-0.451;0.995
