10,32,21,3.7816e+05,-0.129,0.062
10,32,21,3.782e+05,0.345,-0.262
10,32,21,3.7824e+05,0.326,-0.258
10,32,21,3.7828e+05,0.351,0.173
10,32,21,3.7832e+05,0.146,0.184
10,32,21,3.7836e+05,0.29,-0.265
10,32,21,3.784e+05,-0.189,-0.189
10,32,21,3.7844e+05,-0.608,-0.022
10,32,21,3.7848e+05,-0.449,0.425
10,32,21,3.7852e+05,0.071,0.495
10,32,21,3.7855e+05,0.34,-0.612
10,32,21,3.7859e+05,0.331,-0.716
10,32,21,3.7863e+05,0.604,0.061
10,32,21,3.7867e+05,-0.015,0.362
10,32,21,3.7871e+05,0.413,-0.264
10,32,21,3.7875e+05,-0.371,0.127
10,32,21,3.7879e+05,0.008,0.112
10,32,21,3.7883e+05,-0.522,-0.326
10,32,21,3.7887e+05,-0.139,0.557
10,32,21,3.7891e+05,0.185,0.33
10,32,21,3.7894e+05,0.571,-0.685
10,32,21,3.7898e+05,0.413,-0.257
10,32,21,3.7902e+05,-0.19,0.703
10,32,21,3.7906e+05,-0.216,0.103
10,32,21,3.791e+05,-0.263,-0.428
10,32,21,3.7914e+05,0.103,0.368
10,32,21,3.7918e+05,-0.385,-0.078
10,32,21,3.7922e+05,-0.333,-0.688
10,32,21,3.7926e+05,-0.123,0.434
10,32,21,3.793e+05,0.265,0.225
10,32,21,3.7934e+05,0.102,-0.841
10,32,21,3.7937e+05,-0.087,0.136
10,32,21,3.7941e+05,-0.557,0.919
10,32,21,3.7945e+05,-0.452,-0.362
10,32,21,3.7949e+05,-0.416,0.103
10,32,21,3.7953e+05,-0.091,0.607
10,32,21,3.7957e+05,-0.372,-0.439
10,32,21,3.7961e+05,-0.206,0.306
10,32,21,3.7965e+05,0.22,0.133
10,32,21,3.7969e+05,-0.202,-0.702
10,32,21,3.7973e+05,0.156,-0.216
10,32,21,3.7976e+05,-0.438,0.299
10,32,21,3.798e+05,-0.36,0.306
10,32,21,3.7984e+05,-0.266,0.043
10,32,21,3.7988e+05,0.259,-0.212
10,32,21,3.7992e+05,0.187,0.048
10,32,21,3.7996e+05,0.198,-0.229
10,32,21,3.8e+05,-0.023,-0.142
10,32,21,3.8004e+05,0.061,0.435
10,32,21,3.8008e+05,0.143,-0.244
10,32,21,3.8012e+05,-0.172,-0.69
10,32,21,3.8016e+05,-0.366,0.263
10,32,21,3.802e+05,-0.33,0.488
10,32,21,3.8023e+05,0.286,-0.382
10,32,21,3.8027e+05,0.172,-0.177
10,32,21,3.8031e+05,0.42,0.238
10,32,21,3.8035e+05,0.47,-0.339
10,32,21,3.8039e+05,-0.051,0.127
10,32,21,3.8043e+05,-0.189,-0.109
10,32,21,3.8047e+05,-0.578,-0.664
10,32,21,3.8051e+05,-0.189,0.513
10,32,21,3.8055e+05,0.02,0.418
10,32,21,3.8058e+05,-0.361,-0.167
10,32,21,3.8062e+05,0.263,0.003
10,32,21,3.8066e+05,0.098,-0.264
10,32,21,3.807e+05,-0.339,0.279
10,32,21,3.8074e+05,-0.251,0.279
10,32,21,3.8078e+05,-0.555,-0.033
10,32,21,3.8082e+05,0.346,-0.242
10,32,21,3.8086e+05,0.105,-0.334
10,32,21,3.809e+05,0.064,-0.052
10,32,21,3.8094e+05,0.253,-0.046
10,32,21,3.8098e+05,0.394,-0.104
10,32,21,3.8102e+05,0.386,-0.058
10,32,21,3.8105e+05,0.156,0.277
10,32,21,3.8109e+05,-0.089,0.31
10,32,21,3.8113e+05,-0.113,-0.183
10,32,21,3.8117e+05,-0.226,0.035
10,32,21,3.8121e+05,0.021,0.275
10,32,21,3.8125e+05,0.259,-0.285
10,32,21,3.8129e+05,0.284,0.183
10,32,21,3.8133e+05,0.364,0.256
10,32,21,3.8137e+05,-0.035,-0.456
10,32,21,3.8141e+05,-0.063,0.191
10,32,21,3.8144e+05,-0.359,0.729
10,32,21,3.8148e+05,-0.41,0.04
10,32,21,3.8152e+05,-0.047,-0.029
10,32,21,3.8156e+05,0.392,0.103
10,32,21,3.816e+05,0.362,-0.505
10,32,21,3.8164e+05,-0.342,0.124
10,32,21,3.8168e+05,-0.129,0.581
10,32,21,3.8172e+05,0.019,-0.474
10,32,21,3.8176e+05,0.39,-0.191
10,32,21,3.818e+05,0.226,0.393
10,32,21,3.8184e+05,0.126,-0.131
10,32,21,3.8187e+05,0.16,-0.191
10,32,21,3.8191e+05,0.026,0.555
10,32,21,3.8195e+05,0.039,-0.071
10,32,21,3.8199e+05,-0.4,-0.265
10,32,21,3.8203e+05,-0.092,0.741
10,32,21,3.8207e+05,0.026,0.095
10,32,21,3.8211e+05,0.194,-0.392
10,32,21,3.8215e+05,0.666,0.05
10,32,21,3.8219e+05,0.349,-0.076
10,32,21,3.8223e+05,-0.053,-0.117
10,32,21,3.8226e+05,-0.501,0.187
10,32,21,3.823e+05,-1.02,0.4
10,32,21,3.8234e+05,-0.306,-0.072
10,32,21,3.8238e+05,-0.097,-0.063
10,32,21,3.8242e+05,0.222,0.345
10,32,21,3.8246e+05,-0.267,-0.149
10,32,21,3.825e+05,-0.42,-0.062
10,32,21,3.8254e+05,-0.319,0.339
10,32,21,3.8258e+05,-0.326,0.022
10,32,21,3.8262e+05,0.071,-0.468
10,32,21,3.8266e+05,-0.19,0.226
10,32,21,3.827e+05,-0.113,0.506
10,32,21,3.8273e+05,-0.257,-0.436
10,32,21,3.8277e+05,0.419,-0.094
10,32,21,3.8281e+05,0.738,0.212
10,32,21,3.8285e+05,0.463,-0.116
10,32,21,3.8289e+05,0.487,0.105
10,32,21,3.8293e+05,-0.123,0.355
10,32,21,3.8297e+05,-0.088,-0.263
10,32,21,3.8301e+05,-0.374,-0.344
10,32,21,3.8305e+05,-0.032,0.713
10,32,21,3.8308e+05,0.017,0.343
10,32,21,3.8312e+05,-0.012,-0.533
10,32,21,3.8316e+05,0.188,-0.061
10,32,21,3.832e+05,0.15,-0.157
10,32,21,3.8324e+05,0.023,-0.161
10,32,21,3.8328e+05,-0.042,0.32
10,32,21,3.8332e+05,-0.507,0.154
10,32,21,3.8336e+05,-0.525,-0.467
10,32,21,3.834e+05,-0.539,0.068
10,32,21,3.8344e+05,-0.114,0.363
10,32,21,3.8348e+05,0.129,-0.532
10,32,21,3.8352e+05,0.361,-0.207
10,32,21,3.8355e+05,0.181,0.376
10,32,21,3.8359e+05,0.066,-0.118
10,32,21,3.8363e+05,0.05,0.155
10,32,21,3.8367e+05,0.12,0.325
10,32,21,3.8371e+05,-0.191,-0.095
10,32,21,3.8375e+05,0.023,-0.044
10,32,21,3.8379e+05,0.37,-0.074
10,32,21,3.8383e+05,0.235,0.022
10,32,21,3.8387e+05,0.466,-0.26
10,32,21,3.8391e+05,-0.077,-0.411
10,32,21,3.8394e+05,-0.036,-0.192
10,32,21,3.8398e+05,-0.234,-0.104
10,32,21,3.8402e+05,-0.28,0.292
10,32,21,3.8406e+05,-0.152,0.003
10,32,21,3.841e+05,-0.217,-0.202
10,32,21,3.8414e+05,-0.226,0.502
10,32,21,3.8418e+05,-0.108,-0.406
10,32,21,3.8422e+05,0.004,-0.51
10,32,21,3.8426e+05,0.345,0.153
10,32,21,3.843e+05,0.067,-0.191
10,32,21,3.8434e+05,-0.07,-0.539
10,32,21,3.8437e+05,-0.778,0.156
10,32,21,3.8441e+05,-0.356,0.225
10,32,21,3.8445e+05,-0.058,-0.286
10,32,21,3.8449e+05,0.338,0.179
10,32,21,3.8453e+05,0.352,-0.072
10,32,21,3.8457e+05,-0.147,-0.356
10,32,21,3.8461e+05,0.013,-0.157
10,32,21,3.8465e+05,-0.224,0.213
10,32,21,3.8469e+05,0.055,0.282
10,32,21,3.8473e+05,0.099,-0.339
10,32,21,3.8476e+05,0.065,-0.14
10,32,21,3.848e+05,-0.167,0.232
10,32,21,3.8484e+05,-0.144,-0.292
10,32,21,3.8488e+05,0.191,-0.111
10,32,21,3.8492e+05,0.324,0.218
10,32,21,3.8496e+05,0.025,-0.154
10,32,21,3.85e+05,-0.335,-0.085
10,32,21,3.8504e+05,-0.473,0.134
10,32,21,3.8508e+05,-0.59,0.13
10,32,21,3.8512e+05,-0.12,-0.25
10,32,21,3.8516e+05,-0.156,0.112
10,32,21,3.852e+05,0.078,0.175
10,32,21,3.8523e+05,-0.508,-0.23
10,32,21,3.8527e+05,-0.086,-0.081
10,32,21,3.8531e+05,-0.221,-0.106
10,32,21,3.8535e+05,-0.338,-0.025
10,32,21,3.8539e+05,-0.133,-0.144
10,32,21,3.8543e+05,-0.397,-0.038
10,32,21,3.8547e+05,-0.548,0.507
10,32,21,3.8551e+05,-0.325,0.225
10,32,21,3.8555e+05,-0.076,-0.131
10,32,21,3.8558e+05,0.406,-0.037
10,32,21,3.8562e+05,0.54,-0.299
10,32,21,3.8566e+05,0.229,-0.356
10,32,21,3.857e+05,0.069,-0.12
10,32,21,3.8574e+05,-0.333,0.384
10,32,21,3.8578e+05,0.022,-0.096
10,32,21,3.8582e+05,-0.06,0.009
10,32,21,3.8586e+05,0.272,0.29
10,32,21,3.859e+05,0.199,-0.537
10,32,21,3.8594e+05,0.212,-0.147
10,32,21,3.8598e+05,-0.251,0.841
10,32,21,3.8602e+05,-0.116,-0.654
10,32,21,3.8605e+05,-0.472,-0.302
10,32,21,3.8609e+05,0.318,0.428
10,32,21,3.8613e+05,-0.049,-0.272
10,32,21,3.8617e+05,-0.061,0.267
10,32,21,3.8621e+05,-0.199,0.071
10,32,21,3.8625e+05,-0.132,-0.409
10,32,21,3.8629e+05,0.128,0.147
10,32,21,3.8633e+05,0.119,0.02
10,32,21,3.8637e+05,-0.139,0.306
10,32,21,3.8641e+05,0.494,-0.339
10,32,21,3.8644e+05,0.039,-0.344
10,32,21,3.8648e+05,0.188,0.051
10,32,21,3.8652e+05,-0.139,-0.127
10,32,21,3.8656e+05,-0.114,0.775
10,32,21,3.866e+05,0.665,-0.23
10,32,21,3.8664e+05,0.448,-0.154
10,32,21,3.8668e+05,1.291,0.278
10,32,21,3.8672e+05,0.581,-0.798
10,32,21,3.8676e+05,0.58,-0.054
10,32,21,3.868e+05,0.181,0.678
10,32,21,3.8684e+05,0.013,0.376
10,32,21,3.8687e+05,0.169,-0.027
10,32,21,3.8691e+05,0.166,-0.272
10,32,21,3.8695e+05,0.163,0.233
10,32,21,3.8699e+05,0.06,-0.056
10,32,21,3.8703e+05,-0.29,-0.296
10,32,21,3.8707e+05,-0.215,0.39
10,32,21,3.8711e+05,0.119,0.077
10,32,21,3.8715e+05,-0.253,-0.11
10,32,21,3.8719e+05,-0.281,-0.072
10,32,21,3.8723e+05,-0.757,0.2
10,32,21,3.8726e+05,-0.389,0.48
10,32,21,3.873e+05,-0.202,0.123
10,32,21,3.8734e+05,0.068,-0.028
10,32,21,3.8738e+05,0.202,-0.018
10,32,21,3.8742e+05,0.298,0.039
10,32,21,3.8746e+05,0.224,-0.293
10,32,21,3.875e+05,0.052,0.039
10,32,21,3.8754e+05,0.375,0.421
10,32,21,3.8758e+05,0.172,-0.34
10,32,21,3.8762e+05,0.253,-0.15
10,32,21,3.8766e+05,-0.021,0.472
10,32,21,3.877e+05,0.282,-0.189
10,32,21,3.8773e+05,0.076,0.158
10,32,21,3.8777e+05,0.556,0.126
10,32,21,3.8781e+05,0.185,-0.392
10,32,21,3.8785e+05,0.008,0.203
10,32,21,3.8789e+05,-0.428,0.165
10,32,21,3.8793e+05,-0.429,-0.146
10,32,21,3.8797e+05,-0.432,0.029
10,32,21,3.8801e+05,-0.559,0.345
10,32,21,3.8805e+05,-0.105,0.143
10,32,21,3.8808e+05,-0.748,0.259
10,32,21,3.8812e+05,0.174,-0.29
10,32,21,3.8816e+05,-0.365,-0.117
10,32,21,3.882e+05,0.388,0.25
10,32,21,3.8824e+05,-0.255,-0.224
10,32,21,3.8828e+05,-0.166,0.266
10,32,21,3.8832e+05,-0.155,0.18
10,32,21,3.8836e+05,-0.329,-0.012
10,32,21,3.884e+05,0.15,0.03
10,32,21,3.8844e+05,-0.118,-0.165
10,32,21,3.8848e+05,0.486,-0.036
10,32,21,3.8852e+05,0.355,-0.112
10,32,21,3.8855e+05,0.212,0.027
10,32,21,3.8859e+05,0.122,0.059
10,32,21,3.8863e+05,0.041,-0.073
10,32,21,3.8867e+05,0.232,0.016
10,32,21,3.8871e+05,0.418,-0.245
10,32,21,3.8875e+05,0.239,-0.023
10,32,21,3.8879e+05,0.215,-0.066
10,32,21,3.8883e+05,-0.297,0.071
10,32,21,3.8887e+05,-0.023,0.097
10,32,21,3.8891e+05,0.103,-0.326
10,32,21,3.8894e+05,0.354,-0.149
10,32,21,3.8898e+05,-0.285,0.147
10,32,21,3.8902e+05,-0.144,-0.398
10,32,21,3.8906e+05,-0.098,0.042
10,32,21,3.891e+05,0.424,0.332
10,32,21,3.8914e+05,0.407,-0.21
10,32,21,3.8918e+05,0.109,0.094
10,32,21,3.8922e+05,0.147,0.024
10,32,21,3.8926e+05,-0.213,0.084
10,32,21,3.893e+05,-0.301,0.467
10,32,21,3.8934e+05,-0.228,-0.1
10,32,21,3.8937e+05,-0.243,-0.183
10,32,21,3.8941e+05,-0.255,0.45
10,32,21,3.8945e+05,0.063,-0.386
10,32,21,3.8949e+05,-0.232,-0.361
10,32,21,3.8953e+05,0.422,-0.036
10,32,21,3.8957e+05,0.153,-0.319
10,32,21,3.8961e+05,-0.048,0.341
10,32,21,3.8965e+05,-0.131,0.292
10,32,21,3.8969e+05,-0.369,-0.293
10,32,21,3.8973e+05,-0.36,0.102
10,32,21,3.8976e+05,-0.481,0.712
10,32,21,3.898e+05,-0.264,0.107
10,32,21,3.8984e+05,-0.21,-0.561
10,32,21,3.8988e+05,0.557,0.015
10,32,21,3.8992e+05,0.255,0.373
10,32,21,3.8996e+05,0.069,-0.349
10,32,21,3.9e+05,-0.042,-0.441
10,32,21,3.9004e+05,-0.248,0.674
10,32,21,3.9008e+05,0.149,0.044
10,32,21,3.9012e+05,-0.394,-0.252
10,32,21,3.9016e+05,0.068,0.196
10,32,21,3.902e+05,-0.041,-0.329
10,32,21,3.9023e+05,0.359,-0.568
10,32,21,3.9027e+05,0.109,-0.247
10,32,21,3.9031e+05,0.118,0.049
10,32,21,3.9035e+05,-0.259,0.156
10,32,21,3.9039e+05,-0.08,0.049
10,32,21,3.9043e+05,-0.161,0.006
10,32,21,3.9047e+05,-0.343,0.187
10,32,21,3.9051e+05,-0.123,-0.302
10,32,21,3.9055e+05,-0.148,-0.6
10,32,21,3.9058e+05,0.127,0.187
10,32,21,3.9062e+05,-0.096,0.406
10,32,21,3.9066e+05,0.55,-0.962
10,32,21,3.907e+05,0.123,-0.04
10,32,21,3.9074e+05,0.492,0.427
10,32,21,3.9078e+05,-0.39,-0.221
10,32,21,3.9082e+05,-0.163,-0.279
10,32,21,3.9086e+05,-0.464,0.111
10,32,21,3.909e+05,0.011,0.416
10,32,21,3.9094e+05,-0.295,0.597
10,32,21,3.9098e+05,0.292,-0.195
10,32,21,3.9102e+05,-0.02,-0.034
10,32,21,3.9105e+05,0.383,0.242
10,32,21,3.9109e+05,0.185,-0.279
10,32,21,3.9113e+05,-0.464,0.429
10,32,21,3.9117e+05,0.078,0.265
10,32,21,3.9121e+05,-0.187,-0.211
10,32,21,3.9125e+05,0.53,-0.239
10,32,21,3.9129e+05,0.036,-0.071
10,32,21,3.9133e+05,-0.259,0.144
10,32,21,3.9137e+05,-0.384,0.1
10,32,21,3.9141e+05,-0.231,0.275
10,32,21,3.9144e+05,-0.152,0.583
10,32,21,3.9148e+05,0.784,-0.672
10,32,21,3.9152e+05,-0.053,-0.081
10,32,21,3.9156e+05,0.094,0.377
10,32,21,3.916e+05,-0.431,-0.178
10,32,21,3.9164e+05,-0.495,0.842
10,32,21,3.9168e+05,0.411,0.058
10,32,21,3.9172e+05,0.339,-0.409
10,32,21,3.9176e+05,0.215,0.731
10,32,21,3.918e+05,0.093,-0.184
10,32,21,3.9184e+05,-0.556,-0.107
10,32,21,3.9187e+05,0.236,0.326
10,32,21,3.9191e+05,0.201,-0.403
10,32,21,3.9195e+05,0.209,0.193
10,32,21,3.9199e+05,0.261,-0.32
10,32,21,3.9203e+05,-0.397,0.124
10,32,21,3.9207e+05,0.066,0.145
10,32,21,3.9211e+05,-0.115,-0.477
10,32,21,3.9215e+05,0.158,0.514
10,32,21,3.9219e+05,0.218,-0.026
10,32,21,3.9223e+05,0.034,-0.125
10,32,21,3.9226e+05,0.226,0.269
10,32,21,3.923e+05,0.4,-0.474
10,32,21,3.9234e+05,0.143,0.222
10,32,21,3.9238e+05,-0,0.466
10,32,21,3.9242e+05,-0.218,-0.416
10,32,21,3.9246e+05,-0.255,0.033
10,32,21,3.925e+05,0.078,0.248
10,32,21,3.9254e+05,0.105,0.119
10,32,21,3.9258e+05,0.056,-0.209
10,32,21,3.9262e+05,0.204,-0.247
10,32,21,3.9266e+05,-0.156,0.39
10,32,21,3.927e+05,-0.246,0.253
10,32,21,3.9273e+05,-0.034,-0.552
10,32,21,3.9277e+05,-0.25,0.406
10,32,21,3.9281e+05,0.432,0.075
10,32,21,3.9285e+05,-0.372,-0.215
10,32,21,3.9289e+05,0.051,0.887
10,32,21,3.9293e+05,-0.282,0.185
10,32,21,3.9297e+05,-0.17,-0.604
10,32,21,3.9301e+05,0.286,-0.399
10,32,21,3.9305e+05,0.173,0.495
10,32,21,3.9308e+05,0.194,0.246
10,32,21,3.9312e+05,0.064,-0.458
10,32,21,3.9316e+05,0.15,0.195
10,32,21,3.932e+05,0.469,0.096
10,32,21,3.9324e+05,0.719,-0.693
10,32,21,3.9328e+05,-0.05,0.747
10,32,21,3.9332e+05,0.246,0.53
10,32,21,3.9336e+05,-0.101,-0.775
10,32,21,3.934e+05,0.506,0.156
10,32,21,3.9344e+05,0.171,0.36
10,32,21,3.9348e+05,-0.178,-0.058
10,32,21,3.9352e+05,-0.017,-0.504
10,32,21,3.9355e+05,-0.596,0.513
10,32,21,3.9359e+05,0.148,0.376
10,32,21,3.9363e+05,-0.181,-0.585
10,32,21,3.9367e+05,-0.024,0.477
10,32,21,3.9371e+05,-0.438,0.215
10,32,21,3.9375e+05,-0.549,-0.484
10,32,21,3.9379e+05,-0.584,0.296
10,32,21,3.9383e+05,-0.623,0.441
10,32,21,3.9387e+05,-0.857,0.175
10,32,21,3.9391e+05,-1.067,0.445
10,32,21,3.9394e+05,-0.884,-0.07
10,32,21,3.9398e+05,-0.808,-0.067
10,32,21,3.9402e+05,0.079,0.012
10,32,21,3.9406e+05,-0.279,0.196
10,32,21,3.941e+05,-0.257,0.208
10,32,21,3.9414e+05,-0.373,-0.089
10,32,21,3.9418e+05,-0.008,0.029
10,32,21,3.9422e+05,0.159,-0.087
10,32,21,3.9426e+05,0.006,-0.151
10,32,21,3.943e+05,-0.09,0.297
10,32,21,3.9434e+05,0.282,0.239
10,32,21,3.9437e+05,0.445,-0.184
10,32,21,3.9441e+05,0.297,-0.013
10,32,21,3.9445e+05,0.497,-0.224
10,32,21,3.9449e+05,0.229,0.223
10,32,21,3.9453e+05,-0.022,0.258
10,32,21,3.9457e+05,-0.195,-0.52
10,32,21,3.9461e+05,-0.162,0.009
10,32,21,3.9465e+05,-0.108,0.381
10,32,21,3.9469e+05,-0.278,-0.062
10,32,21,3.9473e+05,-0.293,-0.18
10,32,21,3.9476e+05,-0.284,-0.163
10,32,21,3.948e+05,-0.189,-0.335
10,32,21,3.9484e+05,-0.099,0.227
10,32,21,3.9488e+05,0.312,0.045
10,32,21,3.9492e+05,0.106,-0.464
10,32,21,3.9496e+05,0.216,0.097
10,32,21,3.95e+05,0.063,0.37
10,32,21,3.9504e+05,-0.106,0.449
10,32,21,3.9508e+05,-0.188,0.015
10,32,21,3.9512e+05,0.035,-0.373
10,32,21,3.9516e+05,0.237,0.33
10,32,21,3.952e+05,0.419,0.11
10,32,21,3.9523e+05,0.593,-0.47
10,32,21,3.9527e+05,0.231,0.315
10,32,21,3.9531e+05,0.375,0.095
10,32,21,3.9535e+05,-0.194,-0.381
10,32,21,3.9539e+05,-0.358,-0.005
10,32,21,3.9543e+05,-0.516,0.134
10,32,21,3.9547e+05,-0.158,0.048
10,32,21,3.9551e+05,-0.092,0.001
10,32,21,3.9555e+05,0.021,-0.252
10,32,21,3.9558e+05,-0.052,-0.441
10,32,21,3.9562e+05,-0.335,0.406
10,32,21,3.9566e+05,-0.145,0.255
10,32,21,3.957e+05,-0.397,0.053
10,32,21,3.9574e+05,-0.04,0.258
10,32,21,3.9578e+05,0.033,-0.542
10,32,21,3.9582e+05,-0.378,-0.222
10,32,21,3.9586e+05,-0.604,0.241
10,32,21,3.959e+05,-0.699,0.155
10,32,21,3.9594e+05,0.013,-0.206
10,32,21,3.9598e+05,0.079,-0.204
10,32,21,3.9602e+05,0.419,-0.231
10,32,21,3.9605e+05,-0.244,-0.102
10,32,21,3.9609e+05,0.129,-0.01
10,32,21,3.9613e+05,-0.265,0.42
10,32,21,3.9617e+05,0.302,0.205
10,32,21,3.9621e+05,0.325,-0.341
10,32,21,3.9625e+05,0.33,0.01
10,32,21,3.9629e+05,0.423,-0.284
10,32,21,3.9633e+05,0.038,0.096
10,32,21,3.9637e+05,-0.02,0.259
10,32,21,3.9641e+05,0.045,-0.353
10,32,21,3.9644e+05,-0.024,0.215
10,32,21,3.9648e+05,-0.056,0.572
10,32,21,3.9652e+05,-0.066,-0.316
10,32,21,3.9656e+05,-0.213,0.027
10,32,21,3.966e+05,0.184,0.202
10,32,21,3.9664e+05,0.043,-0.015
10,32,21,3.9668e+05,0.165,0.136
10,32,21,3.9672e+05,-0.165,0.08
10,32,21,3.9676e+05,-0.091,0.029
10,32,21,3.968e+05,-0.284,-0.22
10,32,21,3.9684e+05,0.038,-0.042
10,32,21,3.9687e+05,-0.206,0.574
10,32,21,3.9691e+05,-0.076,-0.135
10,32,21,3.9695e+05,-0.201,-0.501
10,32,21,3.9699e+05,0.194,0.314
10,32,21,3.9703e+05,-0.131,0.508
10,32,21,3.9707e+05,0.023,-0.21
10,32,21,3.9711e+05,-0.098,-0.383
10,32,21,3.9715e+05,-0.091,0.42
10,32,21,3.9719e+05,0.032,0.075
10,32,21,3.9723e+05,-0.424,0.18
10,32,21,3.9726e+05,-0.248,0.671
10,32,21,3.973e+05,-0.173,-0.465
10,32,21,3.9734e+05,0.418,-0.609
10,32,21,3.9738e+05,0.397,0.531
10,32,21,3.9742e+05,-0.144,0.38
10,32,21,3.9746e+05,-0.407,-0.508
10,32,21,3.975e+05,-0.244,-0.348
10,32,21,3.9754e+05,-0.27,0.353
10,32,21,3.9758e+05,-0.41,0.044
10,32,21,3.9762e+05,-0.527,-0.052
10,32,21,3.9766e+05,-0.087,0.157
10,32,21,3.977e+05,0.133,-0.164
10,32,21,3.9773e+05,0.326,-0.141
10,32,21,3.9777e+05,0.361,-0.215
10,32,21,3.9781e+05,-0.003,0.094
10,32,21,3.9785e+05,0.25,0.385
10,32,21,3.9789e+05,0.128,0.122
10,32,21,3.9793e+05,0.294,-0.04
10,32,21,3.9797e+05,0.303,-0.546
10,32,21,3.9801e+05,0.086,-0.039
10,32,21,3.9805e+05,0.424,0.328
10,32,21,3.9808e+05,0.17,-0.147
10,32,21,3.9812e+05,0.274,0.044
10,32,21,3.9816e+05,0.671,-0.003
10,32,21,3.982e+05,0.701,-0.2
10,32,21,3.9824e+05,0.581,-0.126
10,32,21,3.9828e+05,0.111,0.306
10,32,21,3.9832e+05,-0.29,0.529
10,32,21,3.9836e+05,0.214,-0.474
10,32,21,3.984e+05,0.252,-0.512
10,32,21,3.9844e+05,0.054,0.935
10,32,21,3.9848e+05,-0.223,0.139
10,32,21,3.9852e+05,-0.848,-0.394
10,32,21,3.9855e+05,-0.05,0.406
10,32,21,3.9859e+05,0.276,0.063
10,32,21,3.9863e+05,0.697,-0.528
10,32,21,3.9867e+05,0.542,-0.142
10,32,21,3.9871e+05,0.432,0.727
10,32,21,3.9875e+05,0.626,-0.424
10,32,21,3.9879e+05,0.478,-0.879
10,32,21,3.9883e+05,0.458,0.07
10,32,21,3.9887e+05,-0.177,0.162
10,32,21,3.9891e+05,-0.434,0.035
10,32,21,3.9894e+05,-0.261,-0.141
10,32,21,3.9898e+05,-0.053,0.154
10,32,21,3.9902e+05,0.199,0.097
10,32,21,3.9906e+05,0.041,-0.086
10,32,21,3.991e+05,0.28,0.096
10,32,21,3.9914e+05,-0.163,0.2
10,32,21,3.9918e+05,-0.13,-0.048
10,32,21,3.9922e+05,-0.513,0.005
10,32,21,3.9926e+05,-0.887,0.673
10,32,21,3.993e+05,-0.822,0.35
10,32,21,3.9934e+05,-1.015,-0.119
10,32,21,3.9937e+05,-0.431,-0.139
10,32,21,3.9941e+05,-0.502,0.176
10,32,21,3.9945e+05,-0.298,0.005
10,32,21,3.9949e+05,-0.34,0.021
10,32,21,3.9953e+05,-0.429,0.276
10,32,21,3.9957e+05,-0.881,-0.161
10,32,21,3.9961e+05,-1.083,-0.116
10,32,21,3.9965e+05,-1.074,0.583
10,32,21,3.9969e+05,-0.754,0.251
10,32,21,3.9973e+05,-0.436,-0.245
10,32,21,3.9976e+05,0.023,0.309
10,32,21,3.998e+05,0.69,-0.131
10,32,21,3.9984e+05,0.759,-0.529
10,32,21,3.9988e+05,0.591,0.215
10,32,21,3.9992e+05,0.193,0.361
10,32,21,3.9996e+05,0.248,-0.614
10,32,21,4e+05,-0.138,-0.203
10,32,21,4.0004e+05,-0.094,0.492
10,32,21,4.0008e+05,-0.262,-0.116
10,32,21,4.0012e+05,0.296,-0.421
10,32,21,4.0016e+05,0.326,0.077
10,32,21,4.002e+05,0.694,-0.088
10,32,21,4.0023e+05,0.433,-0.767
10,32,21,4.0027e+05,0.186,0.12
10,32,21,4.0031e+05,-0.149,0.289
10,32,21,4.0035e+05,-0.436,-0.42
10,32,21,4.0039e+05,-0.301,0.153
10,32,21,4.0043e+05,-0.402,0.452
10,32,21,4.0047e+05,-0.548,0.028
10,32,21,4.0051e+05,-0.326,-0.185
10,32,21,4.0055e+05,-0.138,0.092
10,32,21,4.0058e+05,0.402,-0.056
10,32,21,4.0062e+05,0.119,-0.462
10,32,21,4.0066e+05,-0.27,0.328
10,32,21,4.007e+05,-0.516,0.057
10,32,21,4.0074e+05,-1.014,-0.371
10,32,21,4.0078e+05,-0.136,0.208
10,32,21,4.0082e+05,-0.364,0.761
10,32,21,4.0086e+05,0.548,-0.521
10,32,21,4.009e+05,0.113,-0.638
10,32,21,4.0094e+05,0.41,0.884
10,32,21,4.0098e+05,0.49,-0.518
10,32,21,4.0102e+05,0.178,-0.41
10,32,21,4.0105e+05,0.124,0.545
10,32,21,4.0109e+05,-0.369,-0.541
10,32,21,4.0113e+05,-0.376,-0.579
10,32,21,4.0117e+05,-0.423,0.437
10,32,21,4.0121e+05,0.004,0.23
10,32,21,4.0125e+05,-0.205,-0.237
10,32,21,4.0129e+05,0.225,-0.534
10,32,21,4.0133e+05,-0.11,-0.247
10,32,21,4.0137e+05,0.089,0.199
10,32,21,4.0141e+05,-0.233,-0.154
10,32,21,4.0144e+05,-0.095,0.021
10,32,21,4.0148e+05,0.03,0.05
10,32,21,4.0152e+05,-0.027,-0.034
10,32,21,4.0156e+05,-0.246,-0.215
10,32,21,4.016e+05,-0.123,0.006
10,32,21,4.0164e+05,0.223,0.719
10,32,21,4.0168e+05,0.123,-0.068
10,32,21,4.0172e+05,0.4,-1.074
10,32,21,4.0176e+05,0.059,0.099
10,32,21,4.018e+05,0.045,0.512
10,32,21,4.0184e+05,-0.175,-0.371
10,32,21,4.0187e+05,0.306,-0.012
10,32,21,4.0191e+05,0.462,-0.034
10,32,21,4.0195e+05,0.608,-0.387
10,32,21,4.0199e+05,0.31,0.333
10,32,21,4.0203e+05,0.2,0.147
10,32,21,4.0207e+05,0.353,-0.902
10,32,21,4.0211e+05,0.353,-0.139
10,32,21,4.0215e+05,0.641,0.311
10,32,21,4.0219e+05,0.046,-0.319
10,32,21,4.0223e+05,-0.193,0.158
10,32,21,4.0226e+05,0.162,-0.177
10,32,21,4.023e+05,0.329,-0.509
10,32,21,4.0234e+05,0.712,0.488
10,32,21,4.0238e+05,0.694,0.235
10,32,21,4.0242e+05,-0.138,-0.053
10,32,21,4.0246e+05,-0.408,0.142
10,32,21,4.025e+05,-0.979,0.132
10,32,21,4.0254e+05,-0.551,-0.091
10,32,21,4.0258e+05,-0.443,-0.19
10,32,21,4.0262e+05,-0.181,0.043
10,32,21,4.0266e+05,-0.18,-0.364
10,32,21,4.027e+05,-0.511,0.06
10,32,21,4.0273e+05,-0.051,0.243
10,32,21,4.0277e+05,-0.08,-0.411
10,32,21,4.0281e+05,0.315,-0.008
10,32,21,4.0285e+05,0.238,0.042
10,32,21,4.0289e+05,-0.035,0.062
10,32,21,4.0293e+05,0.007,0.051
10,32,21,4.0297e+05,0.113,-0.224
10,32,21,4.0301e+05,0.524,-0.024
10,32,21,4.0305e+05,0.585,-0.183
10,32,21,4.0308e+05,-0.014,0.14
10,32,21,4.0312e+05,0.12,0.152
10,32,21,4.0316e+05,-0.226,-0.119
10,32,21,4.032e+05,0.366,0.087
10,32,21,4.0324e+05,0.436,0.025
10,32,21,4.0328e+05,0.493,-0.187
10,32,21,4.0332e+05,0.444,-0.362
10,32,21,4.0336e+05,0.404,-0.273
10,32,21,4.034e+05,0.258,-0.023
10,32,21,4.0344e+05,0.196,-0.308
10,32,21,4.0348e+05,0.083,-0.145
10,32,21,4.0352e+05,-0.191,0.435
10,32,21,4.0355e+05,0.212,-0.402
10,32,21,4.0359e+05,0.144,-0.266
10,32,21,4.0363e+05,0.415,0.419
10,32,21,4.0367e+05,0.181,-0.436
10,32,21,4.0371e+05,0.01,-0.263
10,32,21,4.0375e+05,-0.06,0.461
10,32,21,4.0379e+05,0.027,0.043
10,32,21,4.0383e+05,0.59,-0.271
10,32,21,4.0387e+05,1.315,-0.153
10,32,21,4.0391e+05,0.861,-0.136
10,32,21,4.0394e+05,0.551,-0.084
10,32,21,4.0398e+05,0.262,-0.041
10,32,21,4.0402e+05,-0.043,0.208
10,32,21,4.0406e+05,0.245,-0.048
10,32,21,4.041e+05,-0.067,-0.206
10,32,21,4.0414e+05,-0.151,0.04
10,32,21,4.0418e+05,-0.263,-0.05
10,32,21,4.0422e+05,-0.172,0.114
10,32,21,4.0426e+05,0.264,-0.051
10,32,21,4.043e+05,0.635,-0.324
10,32,21,4.0434e+05,0.597,-0.108
10,32,21,4.0437e+05,0.45,-0.184
10,32,21,4.0441e+05,-0.188,-0.163
10,32,21,4.0445e+05,-0.29,0.001
10,32,21,4.0449e+05,-0.272,0.248
10,32,21,4.0453e+05,0.008,0.194
10,32,21,4.0457e+05,0.178,-0.11
10,32,21,4.0461e+05,0.122,0.52
10,32,21,4.0465e+05,0.161,0.198
10,32,21,4.0469e+05,0.344,-0.784
10,32,21,4.0473e+05,0.241,0.333
10,32,21,4.0476e+05,0.367,0.473
10,32,21,4.048e+05,-0.062,-0.438
10,32,21,4.0484e+05,-0.149,0.056
10,32,21,4.0488e+05,-0.396,0.348
10,32,21,4.0492e+05,-0.254,-0.231
10,32,21,4.0496e+05,-0.026,-0.604
10,32,21,4.05e+05,-0.036,0.152
10,32,21,4.0504e+05,0.168,0.001
10,32,21,4.0508e+05,-0.205,-0.145
10,32,21,4.0512e+05,0.12,0.22
10,32,21,4.0516e+05,-0.069,0.089
10,32,21,4.052e+05,0.178,0.092
10,32,21,4.0523e+05,0.102,0.298
10,32,21,4.0527e+05,-0.181,0.119
10,32,21,4.0531e+05,0.199,-0.233
10,32,21,4.0535e+05,0.021,0.089
10,32,21,4.0539e+05,0.291,0.065
10,32,21,4.0543e+05,0.221,-0.26
10,32,21,4.0547e+05,-0.558,0.546
10,32,21,4.0551e+05,-0.184,-0.221
10,32,21,4.0555e+05,-0.397,-0.351
10,32,21,4.0558e+05,-0.003,0.654
10,32,21,4.0562e+05,-0.148,-0.039
10,32,21,4.0566e+05,-0.45,-0.02
10,32,21,4.057e+05,-0.212,0.14
10,32,21,4.0574e+05,0.014,-0.178
10,32,21,4.0578e+05,0.24,0.482
10,32,21,4.0582e+05,0.453,0.24
10,32,21,4.0586e+05,0.159,-0.022
10,32,21,4.059e+05,0.418,0.182
10,32,21,4.0594e+05,0.292,-0.231
10,32,21,4.0598e+05,0.339,-0.003
10,32,21,4.0602e+05,0.156,0.157
10,32,21,4.0605e+05,-0.087,0.164
10,32,21,4.0609e+05,0.295,-0.153
10,32,21,4.0613e+05,-0.24,-0.039
10,32,21,4.0617e+05,-0.091,0.31
10,32,21,4.0621e+05,-0.448,0.438
10,32,21,4.0625e+05,-0.31,0.231
10,32,21,4.0629e+05,-0.155,-0.064
10,32,21,4.0633e+05,0.051,0.077
10,32,21,4.0637e+05,-0.345,0.149
10,32,21,4.0641e+05,-0.337,0.335
10,32,21,4.0644e+05,-0.771,0.387
10,32,21,4.0648e+05,-0.533,-0.333
10,32,21,4.0652e+05,-0.142,-0.171
10,32,21,4.0656e+05,-0.041,0.485
10,32,21,4.066e+05,0.022,-0.177
10,32,21,4.0664e+05,0.086,-0.09
10,32,21,4.0668e+05,0.185,0.338
10,32,21,4.0672e+05,0.175,-0.509
10,32,21,4.0676e+05,-0.116,-0.291
10,32,21,4.068e+05,-0.285,0.415
10,32,21,4.0684e+05,-0.281,-0.113
10,32,21,4.0687e+05,-0.301,-0.438
10,32,21,4.0691e+05,-0.124,0.096
10,32,21,4.0695e+05,-0.005,0.178
10,32,21,4.0699e+05,-0.038,-0.249
10,32,21,4.0703e+05,0.052,-0.056
10,32,21,4.0707e+05,-0.257,0.58
10,32,21,4.0711e+05,-0,-0.108
10,32,21,4.0715e+05,0.06,-0.388
10,32,21,4.0719e+05,0.228,0.528
10,32,21,4.0723e+05,0.363,0.096
10,32,21,4.0726e+05,-0.066,-0.55
10,32,21,4.073e+05,0.164,-0.162
10,32,21,4.0734e+05,0.111,0.344
10,32,21,4.0738e+05,-0.006,0.348
10,32,21,4.0742e+05,-0.126,-0.399
10,32,21,4.0746e+05,-0.174,-0.134
10,32,21,4.075e+05,0.11,0.028
10,32,21,4.0754e+05,-0.426,-0.193
10,32,21,4.0758e+05,-0.209,-0.068
10,32,21,4.0762e+05,0.052,-0.103
10,32,21,4.0766e+05,0.116,0.021
10,32,21,4.077e+05,0.092,-0.394
10,32,21,4.0773e+05,-0.447,0.062
10,32,21,4.0777e+05,0.186,0.373
10,32,21,4.0781e+05,0.371,-0.232
10,32,21,4.0785e+05,0.629,-0.361
10,32,21,4.0789e+05,0.435,-0.331
10,32,21,4.0793e+05,-0.023,-0.04
10,32,21,4.0797e+05,-0.368,0.414
10,32,21,4.0801e+05,-0.155,0.085
10,32,21,4.0805e+05,-0.06,0.267
10,32,21,4.0808e+05,0.428,0.009
10,32,21,4.0812e+05,0.21,-0.534
10,32,21,4.0816e+05,-0.309,0.188
10,32,21,4.082e+05,-0.152,-0.069
10,32,21,4.0824e+05,-0.474,0.08
10,32,21,4.0828e+05,-0.198,0.335
10,32,21,4.0832e+05,0.072,-0.064
10,32,21,4.0836e+05,0.336,0.166
10,32,21,4.084e+05,0.121,-0.442
10,32,21,4.0844e+05,0.191,-0.618
10,32,21,4.0848e+05,0.31,0.475
10,32,21,4.0852e+05,0.175,-0.08
10,32,21,4.0855e+05,-0.488,-0.358
10,32,21,4.0859e+05,-0.323,0.199
10,32,21,4.0863e+05,0.168,0.36
10,32,21,4.0867e+05,-0.109,-0.145
10,32,21,4.0871e+05,0.063,-0.261
10,32,21,4.0875e+05,0.128,0.574
10,32,21,4.0879e+05,0.402,-0.23
10,32,21,4.0883e+05,0.02,-0.624
10,32,21,4.0887e+05,-0.155,0.993
10,32,21,4.0891e+05,-0.194,0.391
10,32,21,4.0894e+05,-0.316,-0.872
10,32,21,4.0898e+05,-0.056,0.244
10,32,21,4.0902e+05,-0.204,0.722
10,32,21,4.0906e+05,-0.302,-0.359
10,32,21,4.091e+05,-0.14,-0.42
10,32,21,4.0914e+05,-0.044,0.328
10,32,21,4.0918e+05,-0.376,0.277
10,32,21,4.0922e+05,-0.257,-0.368
10,32,21,4.0926e+05,-0.263,0.07
10,32,21,4.093e+05,0.086,0.182
10,32,21,4.0934e+05,-0.173,-0.184
10,32,21,4.0937e+05,-0.067,0.295
10,32,21,4.0941e+05,-0.21,0.473
10,32,21,4.0945e+05,-0.027,-0.285
10,32,21,4.0949e+05,-0.015,-0.189
10,32,21,4.0953e+05,0.193,0.315
10,32,21,4.0957e+05,-0.037,-0.084
10,32,21,4.0961e+05,-0.239,0.158
10,32,21,4.0965e+05,0.101,0.284
10,32,21,4.0969e+05,0.111,-0.504
10,32,21,4.0973e+05,0.142,-0.08
10,32,21,4.0976e+05,0.424,0.392
10,32,21,4.098e+05,0.11,0.195
10,32,21,4.0984e+05,0.324,-0.063
10,32,21,4.0988e+05,0.468,-0.504
10,32,21,4.0992e+05,0.781,0.023
10,32,21,4.0996e+05,0.523,0.51
10,32,21,4.1e+05,0.042,0.223
10,32,21,4.1004e+05,0.501,-0.738
10,32,21,4.1008e+05,0.24,-0.582
10,32,21,4.1012e+05,0.228,-0.013
10,32,21,4.1016e+05,-0.144,0.081
10,32,21,4.102e+05,-0.215,-0.012
10,32,21,4.1023e+05,0.033,-0.256
10,32,21,4.1027e+05,-0.247,0.043
10,32,21,4.1031e+05,-0.411,0.377
10,32,21,4.1035e+05,0.229,-0.254
10,32,21,4.1039e+05,0.122,0.452
10,32,21,4.1043e+05,0.45,0.161
10,32,21,4.1047e+05,0.093,-0.538
10,32,21,4.1051e+05,0.307,0.169
10,32,21,4.1055e+05,-0.07,0.283
10,32,21,4.1058e+05,-0.195,-0.111
10,32,21,4.1062e+05,0.125,-0.467
10,32,21,4.1066e+05,-0.022,0.195
10,32,21,4.107e+05,0.297,0.311
10,32,21,4.1074e+05,-0.308,-0.137
10,32,21,4.1078e+05,0.158,0.092
10,32,21,4.1082e+05,0.402,-0.289
10,32,21,4.1086e+05,0.006,0.12
10,32,21,4.109e+05,0.282,0.063
10,32,21,4.1094e+05,-0.23,-0.335
10,32,21,4.1098e+05,-0.223,0.471
10,32,21,4.1102e+05,-0.451,0.163
10,32,21,4.1105e+05,-0.635,-0.014
10,32,21,4.1109e+05,-0.064,0.298
10,32,21,4.1113e+05,0.081,0.067
10,32,21,4.1117e+05,-0.234,0.046
10,32,21,4.1121e+05,-0.148,0.021
10,32,21,4.1125e+05,-0.483,0.346
10,32,21,4.1129e+05,-0.155,0.269
10,32,21,4.1133e+05,-0.033,-0.299
10,32,21,4.1137e+05,-0.045,-0.106
10,32,21,4.1141e+05,-0.03,0.078
10,32,21,4.1144e+05,-0.534,0.2
10,32,21,4.1148e+05,-0.215,0.178
10,32,21,4.1152e+05,-0.11,-0.302
10,32,21,4.1156e+05,0.057,-0.016
10,32,21,4.116e+05,-0.204,-0.134
10,32,21,4.1164e+05,-0.628,0.148
10,32,21,4.1168e+05,-0.463,0.448
10,32,21,4.1172e+05,0.145,-0.216
10,32,21,4.1176e+05,0.279,0.004
10,32,21,4.118e+05,0.494,0.133
10,32,21,4.1184e+05,0.292,0.191
10,32,21,4.1187e+05,-0.085,0.535
10,32,21,4.1191e+05,-0.456,-0.304
10,32,21,4.1195e+05,-0.442,-0.026
10,32,21,4.1199e+05,-0.432,0.681
10,32,21,4.1203e+05,-0.375,-0.161
10,32,21,4.1207e+05,-0.198,-0.131
10,32,21,4.1211e+05,-0.264,0.592
10,32,21,4.1215e+05,-0.182,-0.107
10,32,21,4.1219e+05,-0.229,-0.055
10,32,21,4.1223e+05,0.126,0.404
10,32,21,4.1226e+05,-0.339,-0.155
10,32,21,4.123e+05,-0.23,-0.448
10,32,21,4.1234e+05,-0.679,0.731
10,32,21,4.1238e+05,-0.128,0.413
10,32,21,4.1242e+05,-0.172,-0.569
10,32,21,4.1246e+05,0.207,0.216
10,32,21,4.125e+05,0.46,-0.02
10,32,21,4.1254e+05,-0.045,-0.461
10,32,21,4.1258e+05,0.096,0.055
10,32,21,4.1262e+05,-0.273,0.384
10,32,21,4.1266e+05,-0.026,-0.188
10,32,21,4.127e+05,-0.329,-0.413
10,32,21,4.1273e+05,-0.322,0.351
10,32,21,4.1277e+05,-0.359,0.422
10,32,21,4.1281e+05,0.079,-0.382
10,32,21,4.1285e+05,0.27,0.021
10,32,21,4.1289e+05,0.75,0.048
10,32,21,4.1293e+05,0.447,-0.509
10,32,21,4.1297e+05,0.049,-0.069
10,32,21,4.1301e+05,-0.262,0.152
10,32,21,4.1305e+05,0.12,-0.257
10,32,21,4.1308e+05,0.188,-0.075
10,32,21,4.1312e+05,0.457,-0.28
10,32,21,4.1316e+05,-0.134,-0.09
10,32,21,4.132e+05,-0.15,0.495
10,32,21,4.1324e+05,0.049,-0.079
10,32,21,4.1328e+05,0.093,-0.537
10,32,21,4.1332e+05,0.323,-0.085
10,32,21,4.1336e+05,-0.022,-0.018
10,32,21,4.134e+05,0.171,-0.481
10,32,21,4.1344e+05,-0.066,0.109
10,32,21,4.1348e+05,0.093,0.367
10,32,21,4.1352e+05,-0.088,-0.211
10,32,21,4.1355e+05,0.144,0.11
10,32,21,4.1359e+05,0.278,0.219
10,32,21,4.1363e+05,0.256,-0.388
10,32,21,4.1367e+05,0.099,-0.272
10,32,21,4.1371e+05,0.056,-0.08
10,32,21,4.1375e+05,-0.185,0.215
10,32,21,4.1379e+05,-0.17,0.28
10,32,21,4.1383e+05,-0.059,-0.254
10,32,21,4.1387e+05,0.397,-0.194
10,32,21,4.1391e+05,0.407,0.015
10,32,21,4.1394e+05,0.283,-0.38
10,32,21,4.1398e+05,0.068,-0.159
10,32,21,4.1402e+05,0.018,0.554
10,32,21,4.1406e+05,0.125,0.102
10,32,21,4.141e+05,-0.382,-0.363
10,32,21,4.1414e+05,-0.042,0.144
10,32,21,4.1418e+05,-0.134,0.366
10,32,21,4.1422e+05,-0.067,0.007
10,32,21,4.1426e+05,-0.277,-0.156
10,32,21,4.143e+05,-0.39,-0.169
10,32,21,4.1434e+05,-0.474,0.156
10,32,21,4.1437e+05,-0.636,0.472
10,32,21,4.1441e+05,-0.43,-0.14
10,32,21,4.1445e+05,-0.055,-0.193
10,32,21,4.1449e+05,0.059,0.522
10,32,21,4.1453e+05,0.052,-0.354
10,32,21,4.1457e+05,-0.465,-0.13
10,32,21,4.1461e+05,-0.349,0.832
10,32,21,4.1465e+05,-0.206,-0.139
10,32,21,4.1469e+05,-0.519,-0.138
10,32,21,4.1473e+05,-0.105,0.143
10,32,21,4.1476e+05,-0.614,0.176
10,32,21,4.148e+05,-0.201,0.033
10,32,21,4.1484e+05,-0.428,0.059
10,32,21,4.1488e+05,0.209,0.435
10,32,21,4.1492e+05,0.304,-0.173
10,32,21,4.1496e+05,0.259,-0.448
10,32,21,4.15e+05,0.418,0.087
10,32,21,4.1504e+05,-0.331,0.573
10,32,21,4.1508e+05,-0.326,0.075
10,32,21,4.1512e+05,-0.163,-0.637
10,32,21,4.1516e+05,0.09,-0.18
10,32,21,4.152e+05,-0.11,-0.183
10,32,21,4.1523e+05,-0.429,0.192
10,32,21,4.1527e+05,-0.34,0.282
10,32,21,4.1531e+05,-0.438,-0.221
10,32,21,4.1535e+05,-0.063,0.268
10,32,21,4.1539e+05,0.383,-0.1
10,32,21,4.1543e+05,0.133,-0.282
10,32,21,4.1547e+05,-0.259,0.428
10,32,21,4.1551e+05,0.079,-0.358
10,32,21,4.1555e+05,-0.037,-0.573
10,32,21,4.1558e+05,0.177,0.117
10,32,21,4.1562e+05,-0.113,0.055
10,32,21,4.1566e+05,-0.064,-0.328
10,32,21,4.157e+05,0.26,-0.215
10,32,21,4.1574e+05,0.138,0.173
10,32,21,4.1578e+05,0.037,0.381
10,32,21,4.1582e+05,0.134,-0.026
10,32,21,4.1586e+05,0.249,-0.449
10,32,21,4.159e+05,0.03,-0.106
10,32,21,4.1594e+05,0.048,0.144
10,32,21,4.1598e+05,0.088,-0.461
10,32,21,4.1602e+05,-0.112,-0.13
10,32,21,4.1605e+05,0.064,0.608
10,32,21,4.1609e+05,0.13,-0.282
10,32,21,4.1613e+05,-0.058,-0.191
10,32,21,4.1617e+05,0.47,0.066
10,32,21,4.1621e+05,0.211,0.187
10,32,21,4.1625e+05,0.514,-0.013
10,32,21,4.1629e+05,0.182,-0.612
10,32,21,4.1633e+05,0.209,-0.173
10,32,21,4.1637e+05,0.575,-0.118
10,32,21,4.1641e+05,0.301,-0.231
10,32,21,4.1644e+05,-0.025,0.532
10,32,21,4.1648e+05,0.142,-0.231
10,32,21,4.1652e+05,0.179,-0.257
10,32,21,4.1656e+05,0.692,-0.057
10,32,21,4.166e+05,0.203,0.25
10,32,21,4.1664e+05,0.27,0.442
10,32,21,4.1668e+05,-0.194,-0.464
10,32,21,4.1672e+05,-0.018,-0.155
10,32,21,4.1676e+05,-0.181,0.142
10,32,21,4.168e+05,-0.745,0.182
10,32,21,4.1684e+05,-0.19,0.241
10,32,21,4.1687e+05,-0.348,-0.106
10,32,21,4.1691e+05,0.138,0.14
10,32,21,4.1695e+05,0.153,0.119
10,32,21,4.1699e+05,-0.161,-0.187
10,32,21,4.1703e+05,0.149,0.012
10,32,21,4.1707e+05,-0.255,0.151
10,32,21,4.1711e+05,-0.198,-0.175
10,32,21,4.1715e+05,-0.559,-0.25
10,32,21,4.1719e+05,-0.593,0.612
10,32,21,4.1723e+05,-0.224,0.103
10,32,21,4.1726e+05,-0.12,-0.464
10,32,21,4.173e+05,0.005,0.178
10,32,21,4.1734e+05,0.079,-0.003
10,32,21,4.1738e+05,0.074,-0.161
10,32,21,4.1742e+05,0.008,0.641
10,32,21,4.1746e+05,0.064,-0.026
10,32,21,4.175e+05,-0.097,-0.621
10,32,21,4.1754e+05,0.097,0.453
10,32,21,4.1758e+05,-0.601,0.631
10,32,21,4.1762e+05,0.123,-0.516
10,32,21,4.1766e+05,-0.165,-0.003
10,32,21,4.177e+05,0.388,0.292
10,32,21,4.1773e+05,-0.008,-0.508
10,32,21,4.1777e+05,-0.433,0.24
10,32,21,4.1781e+05,-0.195,0.06
10,32,21,4.1785e+05,-0.388,0.004
10,32,21,4.1789e+05,0.158,0.323
10,32,21,4.1793e+05,0.053,-0.314
10,32,21,4.1797e+05,-0.237,0.266
10,32,21,4.1801e+05,-0.461,0.417
10,32,21,4.1805e+05,-0.572,0.03
10,32,21,4.1808e+05,-0.023,-0.032
10,32,21,4.1812e+05,-0.067,0.042
10,32,21,4.1816e+05,0.211,-0.138
10,32,21,4.182e+05,-0.038,-0.377
10,32,21,4.1824e+05,-0.298,0.255
10,32,21,4.1828e+05,-0.233,0.518
10,32,21,4.1832e+05,0.088,-0.046
10,32,21,4.1836e+05,0.313,-0.161
10,32,21,4.184e+05,0.097,0.477
10,32,21,4.1844e+05,0.286,0.255
10,32,21,4.1848e+05,0.183,-0.466
10,32,21,4.1852e+05,0.489,-0.476
10,32,21,4.1855e+05,-0.277,-0.023
10,32,21,4.1859e+05,-0.384,-0.306
10,32,21,4.1863e+05,-0.414,0.111
10,32,21,4.1867e+05,-0.007,0.511
10,32,21,4.1871e+05,0.067,-0.388
10,32,21,4.1875e+05,0.188,-0.441
10,32,21,4.1879e+05,0.169,0.336
10,32,21,4.1883e+05,-0.116,0.228
10,32,21,4.1887e+05,0.028,-0.158
10,32,21,4.1891e+05,-0.213,0.29
10,32,21,4.1894e+05,0.019,-0.385
10,32,21,4.1898e+05,0.1,-0.526
10,32,21,4.1902e+05,-0.469,0.521
10,32,21,4.1906e+05,-0.618,0.132
10,32,21,4.191e+05,-0.778,0.371
10,32,21,4.1914e+05,-0.496,0.383
10,32,21,4.1918e+05,0.027,-0.885
10,32,21,4.1922e+05,-0.015,0.157
10,32,21,4.1926e+05,0.012,0.446
10,32,21,4.193e+05,-0.357,-0.609
10,32,21,4.1934e+05,-0.248,-0.065
10,32,21,4.1937e+05,-0.089,0.205
10,32,21,4.1941e+05,0.273,-0.481
10,32,21,4.1945e+05,0.207,0.201
10,32,21,4.1949e+05,0.109,0.248
10,32,21,4.1953e+05,0.124,-0.35
10,32,21,4.1957e+05,0.41,0.104
10,32,21,4.1961e+05,0.34,0.03
10,32,21,4.1965e+05,0.169,-0.263
10,32,21,4.1969e+05,0.239,0.065
10,32,21,4.1973e+05,-0.026,0.147
10,32,21,4.1976e+05,0.471,-0.496
10,32,21,4.198e+05,0.566,-0.215
10,32,21,4.1984e+05,0.628,-0.034
10,32,21,4.1988e+05,0.356,-0.916
10,32,21,4.1992e+05,-0.223,0.183
10,32,21,4.1996e+05,0.057,0.69
10,32,21,4.2e+05,-0.248,-0.493
10,32,21,4.2004e+05,0.225,-0.491
10,32,21,4.2008e+05,-0.113,0.545
10,32,21,4.2012e+05,-0.024,0.203
10,32,21,4.2016e+05,-0.256,-0.575
10,32,21,4.202e+05,0.085,-0.163
10,32,21,4.2023e+05,0.118,0.416
10,32,21,4.2027e+05,0.445,0.189
10,32,21,4.2031e+05,-0.13,-0.13
10,32,21,4.2035e+05,-0.057,0.024
10,32,21,4.2039e+05,0.063,0.001
10,32,21,4.2043e+05,-0.178,-0.388
10,32,21,4.2047e+05,0.043,-0.234
10,32,21,4.2051e+05,-0.439,0.566
10,32,21,4.2055e+05,0.119,0.125
10,32,21,4.2058e+05,-0.133,-0.365
10,32,21,4.2062e+05,0.13,0.389
10,32,21,4.2066e+05,0.228,-0.229
10,32,21,4.207e+05,0.308,-0.169
10,32,21,4.2074e+05,0.48,0.768
10,32,21,4.2078e+05,0.293,-0.501
10,32,21,4.2082e+05,0.242,-0.639
10,32,21,4.2086e+05,0.057,0.47
10,32,21,4.209e+05,-0.261,0.437
10,32,21,4.2094e+05,-0.328,0.218
10,32,21,4.2098e+05,0.388,-0.247
10,32,21,4.2102e+05,0.481,-0.484
10,32,21,4.2105e+05,0.3,-0.001
10,32,21,4.2109e+05,-0.236,0.19
10,32,21,4.2113e+05,-0.326,-0.109
10,32,21,4.2117e+05,-0.208,-0.008
10,32,21,4.2121e+05,0.138,0.232
10,32,21,4.2125e+05,0.043,-0.211
10,32,21,4.2129e+05,0.263,-0.642
10,32,21,4.2133e+05,-0.32,0.601
10,32,21,4.2137e+05,-0.166,0.641
10,32,21,4.2141e+05,0.089,-0.907
10,32,21,4.2144e+05,-0.04,-0.432
10,32,21,4.2148e+05,0.205,0.635
10,32,21,4.2152e+05,-0.038,0.085
10,32,21,4.2156e+05,-0.219,-0.433
10,32,21,4.216e+05,0.188,0.064
10,32,21,4.2164e+05,0.184,0.556
10,32,21,4.2168e+05,0.454,-0.611
10,32,21,4.2172e+05,0.124,-0.652
10,32,21,4.2176e+05,-0.39,1.283
10,32,21,4.218e+05,-0.009,-0.164
10,32,21,4.2184e+05,-0.469,-0.637
10,32,21,4.2187e+05,0.621,0.466
10,32,21,4.2191e+05,0.207,0.185
10,32,21,4.2195e+05,0.871,-0.599
10,32,21,4.2199e+05,0.213,-0.255
10,32,21,4.2203e+05,0.184,0.672
10,32,21,4.2207e+05,0.066,-0.204
10,32,21,4.2211e+05,0.052,-0.294
10,32,21,4.2215e+05,0.174,0.423
10,32,21,4.2219e+05,-0.296,0.283
10,32,21,4.2223e+05,0.142,0.02
10,32,21,4.2226e+05,0.018,-0.245
10,32,21,4.223e+05,0.358,-0.095
10,32,21,4.2234e+05,-0.075,0.053
10,32,21,4.2238e+05,0.267,-0.465
10,32,21,4.2242e+05,-0.227,0.44
10,32,21,4.2246e+05,0.491,0.372
10,32,21,4.225e+05,0.209,-0.509
10,32,21,4.2254e+05,0.055,0.002
10,32,21,4.2258e+05,-0.191,0.29
10,32,21,4.2262e+05,-0.456,0.126
10,32,21,4.2266e+05,-0.07,-0.063
10,32,21,4.227e+05,-0.267,0.166
10,32,21,4.2273e+05,-0.194,0.179
10,32,21,4.2277e+05,-0.469,-0.074
10,32,21,4.2281e+05,-0.233,0.17
10,32,21,4.2285e+05,-0.223,0.039
10,32,21,4.2289e+05,0.115,-0.233
10,32,21,4.2293e+05,-0.455,0.544
10,32,21,4.2297e+05,-0.064,0.116
10,32,21,4.2301e+05,-0.341,-0.015
10,32,21,4.2305e+05,0.141,0.299
10,32,21,4.2308e+05,-0.241,-0.28
10,32,21,4.2312e+05,0.05,0.042
10,32,21,4.2316e+05,-0.319,0.638
10,32,21,4.232e+05,-0.033,-0.08
10,32,21,4.2324e+05,0.189,-0.505
10,32,21,4.2328e+05,0.286,0.223
10,32,21,4.2332e+05,0.41,0.199
10,32,21,4.2336e+05,-0.379,0.191
10,32,21,4.234e+05,0.031,-0.009
10,32,21,4.2344e+05,-0.375,0.213
10,32,21,4.2348e+05,0.354,0.137
10,32,21,4.2352e+05,0.202,-0.304
10,32,21,4.2355e+05,0.177,0.024
10,32,21,4.2359e+05,-0.117,-0.275
10,32,21,4.2363e+05,0.175,-0.478
10,32,21,4.2367e+05,0.092,0.87
10,32,21,4.2371e+05,0.379,0.424
10,32,21,4.2375e+05,0.193,-0.664
10,32,21,4.2379e+05,0.019,0.138
10,32,21,4.2383e+05,0.265,0.263
10,32,21,4.2387e+05,-0.417,0.387
10,32,21,4.2391e+05,0.012,-0.013
10,32,21,4.2394e+05,-0.42,0.033
10,32,21,4.2398e+05,-0.11,0.368
10,32,21,4.2402e+05,-0.456,0.015
10,32,21,4.2406e+05,-0.704,0.366
10,32,21,4.241e+05,-0.868,0.327
10,32,21,4.2414e+05,-0.441,-0.184
10,32,21,4.2418e+05,-0.107,0.041
10,32,21,4.2422e+05,-0.167,-0.081
10,32,21,4.2426e+05,-0.127,-0.389
10,32,21,4.243e+05,-0.239,0.199
10,32,21,4.2434e+05,-0.331,0.257
10,32,21,4.2437e+05,-0.303,-0.317
10,32,21,4.2441e+05,-0.552,0.021
10,32,21,4.2445e+05,-0.267,0.365
10,32,21,4.2449e+05,-0.349,-0.053
10,32,21,4.2453e+05,0.016,-0.436
10,32,21,4.2457e+05,0.259,-0.565
10,32,21,4.2461e+05,0.117,-0.046
10,32,21,4.2465e+05,0.224,0.019
10,32,21,4.2469e+05,-0.164,-0.215
10,32,21,4.2473e+05,-0.037,0.232
10,32,21,4.2476e+05,-0.212,0.365
10,32,21,4.248e+05,0.033,-0.116
10,32,21,4.2484e+05,0.149,-0.201
10,32,21,4.2488e+05,0.256,-0.304
10,32,21,4.2492e+05,-0.025,-0.26
10,32,21,4.2496e+05,-0.061,0.34
10,32,21,4.25e+05,-0.382,0.139
10,32,21,4.2504e+05,-0.354,-0.206
10,32,21,4.2508e+05,0.139,-0.328
10,32,21,4.2512e+05,-0.053,0.232
10,32,21,4.2516e+05,0.101,0.207
10,32,21,4.252e+05,-0.418,-0.299
10,32,21,4.2523e+05,-0.095,-0.268
10,32,21,4.2527e+05,0.21,-0.121
10,32,21,4.2531e+05,0.336,0.253
10,32,21,4.2535e+05,0.11,-0.024
10,32,21,4.2539e+05,-0.069,-0.538
10,32,21,4.2543e+05,-0.524,0.562
10,32,21,4.2547e+05,0.076,0.436
10,32,21,4.2551e+05,0.089,-0.368
10,32,21,4.2555e+05,0.505,-0.242
10,32,21,4.2558e+05,0.558,-0.228
10,32,21,4.2562e+05,0.751,0.209
10,32,21,4.2566e+05,-0.188,-0.113
10,32,21,4.257e+05,0.623,-0.816
10,32,21,4.2574e+05,-0.065,0.392
10,32,21,4.2578e+05,-0.081,0.712
10,32,21,4.2582e+05,-0.222,-0.688
10,32,21,4.2586e+05,-0.88,0.767
10,32,21,4.259e+05,0.561,-0.128
10,32,21,4.2594e+05,-0.172,-0.812
10,32,21,4.2598e+05,0.616,0.192
10,32,21,4.2602e+05,0.062,-0.115
10,32,21,4.2605e+05,0.279,0.117
10,32,21,4.2609e+05,-0.045,0.086
10,32,21,4.2613e+05,-0.178,-0.105
10,32,21,4.2617e+05,0.117,0.14
10,32,21,4.2621e+05,-0.104,-0.13
10,32,21,4.2625e+05,-0.223,0.251
10,32,21,4.2629e+05,-0.287,0.53
10,32,21,4.2633e+05,0.133,0.038
10,32,21,4.2637e+05,0.436,-0.197
10,32,21,4.2641e+05,0.8,-0.448
10,32,21,4.2644e+05,0.304,0.404
10,32,21,4.2648e+05,-0.221,0.557
10,32,21,4.2652e+05,-0.64,-0.132
10,32,21,4.2656e+05,-0.163,0.094
10,32,21,4.266e+05,-0.051,0.147
10,32,21,4.2664e+05,-0.008,-0.2
10,32,21,4.2668e+05,-0.382,0.34
10,32,21,4.2672e+05,-0.197,0.232
10,32,21,4.2676e+05,0.15,-0.775
10,32,21,4.268e+05,0.323,-0.309
10,32,21,4.2684e+05,-0.149,0.419
10,32,21,4.2687e+05,-0.378,0.43
10,32,21,4.2691e+05,-0.994,0.469
10,32,21,4.2695e+05,-0.302,-0.183
10,32,21,4.2699e+05,-0.134,0.02
10,32,21,4.2703e+05,-0.174,0.451
10,32,21,4.2707e+05,-0.456,-0.22
10,32,21,4.2711e+05,-0.32,0.284
10,32,21,4.2715e+05,0.161,0.117
10,32,21,4.2719e+05,0.539,-0.842
10,32,21,4.2723e+05,0.286,0.101
10,32,21,4.2726e+05,0.011,0.647
10,32,21,4.273e+05,0.067,-0.141
10,32,21,4.2734e+05,0.016,-0.054
10,32,21,4.2738e+05,0.41,0.299
10,32,21,4.2742e+05,0.528,-0.015
10,32,21,4.2746e+05,0.536,-0.439
10,32,21,4.275e+05,0.549,-0.129
10,32,21,4.2754e+05,0.117,0.291
10,32,21,4.2758e+05,-0.1,-0.143
10,32,21,4.2762e+05,0.104,-0.333
10,32,21,4.2766e+05,0.286,0.24
10,32,21,4.277e+05,0.436,0.091
10,32,21,4.2773e+05,-0.046,-0.046
10,32,21,4.2777e+05,-0.373,0.34
10,32,21,4.2781e+05,-0.467,0.052
10,32,21,4.2785e+05,-0.073,-0.424
10,32,21,4.2789e+05,-0.154,0.066
10,32,21,4.2793e+05,-0.379,0.362
10,32,21,4.2797e+05,-0.442,0.05
10,32,21,4.2801e+05,-0.517,-0.039
10,32,21,4.2805e+05,-0.316,0.16
10,32,21,4.2808e+05,0.08,0.351
10,32,21,4.2812e+05,-0.091,0.256
10,32,21,4.2816e+05,-0.21,-0.179
10,32,21,4.282e+05,-0.107,0.217
10,32,21,4.2824e+05,0.168,0.853
10,32,21,4.2828e+05,-0.493,0.588
10,32,21,4.2832e+05,-0.334,-0.159
10,32,21,4.2836e+05,-0.298,-0.411
10,32,21,4.284e+05,0.095,0.041
10,32,21,4.2844e+05,0.203,0.01
10,32,21,4.2848e+05,-0.493,0.472
10,32,21,4.2852e+05,0.329,-0.109
10,32,21,4.2855e+05,0.107,-0.436
10,32,21,4.2859e+05,0.583,0.084
10,32,21,4.2863e+05,-0.619,0.136
10,32,21,4.2867e+05,-0.282,0.096
10,32,21,4.2871e+05,-0.448,-0.153
10,32,21,4.2875e+05,-0.046,-0.358
10,32,21,4.2879e+05,-0.127,-0.226
10,32,21,4.2883e+05,-0.453,0.382
10,32,21,4.2887e+05,0.153,0.263
10,32,21,4.2891e+05,0.134,0.036
10,32,21,4.2894e+05,0.363,0.25
10,32,21,4.2898e+05,0.182,-0.508
10,32,21,4.2902e+05,-0.193,0.024
10,32,21,4.2906e+05,-0.124,0.665
10,32,21,4.291e+05,-0.535,0.091
10,32,21,4.2914e+05,-0.131,-0.292
10,32,21,4.2918e+05,-0.481,0.301
10,32,21,4.2922e+05,-0.255,0.54
10,32,21,4.2926e+05,-0.064,-0.362
10,32,21,4.293e+05,0.132,0.253
10,32,21,4.2934e+05,0.713,0.085
10,32,21,4.2937e+05,0.35,-0.893
10,32,21,4.2941e+05,0.773,-0.256
10,32,21,4.2945e+05,0.057,0.412
10,32,21,4.2949e+05,-0.072,0.16
10,32,21,4.2953e+05,-0.105,-0.278
10,32,21,4.2957e+05,-0.476,0.407
10,32,21,4.2961e+05,0.315,0.364
10,32,21,4.2965e+05,0.103,-0.256
10,32,21,4.2969e+05,0.473,-0.336
10,32,21,4.2973e+05,0.342,-0.322
10,32,21,4.2976e+05,0.002,0.325
10,32,21,4.298e+05,-0.034,0.163
10,32,21,4.2984e+05,-0.215,-0.424
10,32,21,4.2988e+05,-0.06,0.047
10,32,21,4.2992e+05,-0.31,-0.23
10,32,21,4.2996e+05,-0.732,0.167
10,32,21,4.3e+05,-0.275,0.699
10,32,21,4.3004e+05,0.136,-0.443
10,32,21,4.3008e+05,0.633,-0.484
10,32,21,4.3012e+05,0.534,0.079
10,32,21,4.3016e+05,0.172,0.221
10,32,21,4.302e+05,-0.038,-0.246
10,32,21,4.3023e+05,-0.494,-0.206
10,32,21,4.3027e+05,-0.163,0.257
10,32,21,4.3031e+05,-0.505,-0.021
10,32,21,4.3035e+05,-0.436,-0.114
10,32,21,4.3039e+05,-0.732,0.456
10,32,21,4.3043e+05,-0.284,-0.11
10,32,21,4.3047e+05,0.071,-0.685
10,32,21,4.3051e+05,0.383,0.404
10,32,21,4.3055e+05,0.135,0.305
10,32,21,4.3058e+05,0.073,-0.38
10,32,21,4.3062e+05,0.204,-0.157
10,32,21,4.3066e+05,-0.044,0.344
10,32,21,4.307e+05,-0.005,-0.133
10,32,21,4.3074e+05,-0.468,-0.395
10,32,21,4.3078e+05,-0.177,0.033
10,32,21,4.3082e+05,-0.539,0.366
10,32,21,4.3086e+05,-0.323,-0.2
10,32,21,4.309e+05,-0.736,-0.225
10,32,21,4.3094e+05,-0.308,0.406
10,32,21,4.3098e+05,-0.385,0.071
10,32,21,4.3102e+05,0.073,-0.665
10,32,21,4.3105e+05,0.192,-0.247
10,32,21,4.3109e+05,-0.008,0.542
10,32,21,4.3113e+05,0.047,-0.59
10,32,21,4.3117e+05,-0.039,-0.349
10,32,21,4.3121e+05,0.269,0.611
10,32,21,4.3125e+05,-0.32,-0.073
10,32,21,4.3129e+05,0.016,-0.523
10,32,21,4.3133e+05,-0.44,0.698
10,32,21,4.3137e+05,0.688,0.091
10,32,21,4.3141e+05,0.25,-0.644
10,32,21,4.3144e+05,0.6,0.14
10,32,21,4.3148e+05,0.186,-0.005
10,32,21,4.3152e+05,0.218,0.147
10,32,21,4.3156e+05,-0.134,0.073
10,32,21,4.316e+05,-0.55,0.074
10,32,21,4.3164e+05,-0.049,-0.221
10,32,21,4.3168e+05,-0.57,-0.021
10,32,21,4.3172e+05,-0.043,0.531
10,32,21,4.3176e+05,-0.516,0.046
10,32,21,4.318e+05,0.045,-0.932
10,32,21,4.3184e+05,-0.107,-0.074
10,32,21,4.3187e+05,0.145,0.768
10,32,21,4.3191e+05,-0.402,-0.166
10,32,21,4.3195e+05,-0.061,-0.572
10,32,21,4.3199e+05,-0.421,0.324
10,32,21,4.3203e+05,-0.101,0.01
10,32,21,4.3207e+05,-0.355,-0.489
10,32,21,4.3211e+05,-0.364,0.813
10,32,21,4.3215e+05,-0.148,-0.001
10,32,21,4.3219e+05,0.018,-0.946
10,32,21,4.3223e+05,0.501,0.032
10,32,21,4.3226e+05,-0.292,0.702
10,32,21,4.323e+05,0.016,-0.592
10,32,21,4.3234e+05,-0.378,-0.558
10,32,21,4.3238e+05,-0.035,0.545
10,32,21,4.3242e+05,-0.501,-0.033
10,32,21,4.3246e+05,-0.078,-0.182
10,32,21,4.325e+05,0.112,0.275
10,32,21,4.3254e+05,0.419,0.236
10,32,21,4.3258e+05,0.062,-0.119
10,32,21,4.3262e+05,-0.226,-0.178
10,32,21,4.3266e+05,-0.108,0.041
10,32,21,4.327e+05,-0.051,0.121
10,32,21,4.3273e+05,0.106,-0.339
10,32,21,4.3277e+05,0.019,-0.096
10,32,21,4.3281e+05,-0.254,0.277
10,32,21,4.3285e+05,0.101,0.207
10,32,21,4.3289e+05,0.431,-0.354
10,32,21,4.3293e+05,0.185,-0.089
10,32,21,4.3297e+05,0.645,-0.298
10,32,21,4.3301e+05,-0.256,0.055
10,32,21,4.3305e+05,0.126,0.385
10,32,21,4.3308e+05,-0.423,-0.281
10,32,21,4.3312e+05,0.163,0.074
10,32,21,4.3316e+05,0.172,0.279
10,32,21,4.332e+05,0.636,-0.463
10,32,21,4.3324e+05,0.485,-0.336
10,32,21,4.3328e+05,0.763,0.441
10,32,21,4.3332e+05,0.683,-0.187
10,32,21,4.3336e+05,0.392,-0.398
10,32,21,4.334e+05,0.551,0.228
10,32,21,4.3344e+05,0.192,0.325
10,32,21,4.3348e+05,0.188,-0.243
10,32,21,4.3352e+05,-0.478,0.283
10,32,21,4.3355e+05,0.326,0.118
10,32,21,4.3359e+05,-0.291,-0.231
10,32,21,4.3363e+05,0.646,-0.487
10,32,21,4.3367e+05,0.008,-0.187
10,32,21,4.3371e+05,0.179,0.613
10,32,21,4.3375e+05,-0.175,-0.39
10,32,21,4.3379e+05,-0.105,-0.417
10,32,21,4.3383e+05,-0.073,0.651
10,32,21,4.3387e+05,-0.189,0.159
10,32,21,4.3391e+05,0.086,-0.749
10,32,21,4.3394e+05,-0.215,0.191
10,32,21,4.3398e+05,-0.026,0.734
10,32,21,4.3402e+05,-0.232,-0.276
10,32,21,4.3406e+05,0.206,-0.322
10,32,21,4.341e+05,0.304,0.263
10,32,21,4.3414e+05,0.201,0.419
10,32,21,4.3418e+05,-0.012,-0.388
10,32,21,4.3422e+05,0.082,-0.161
10,32,21,4.3426e+05,0.358,0.267
10,32,21,4.343e+05,0.217,-0.186
10,32,21,4.3434e+05,0.251,-0.609
10,32,21,4.3437e+05,-0.578,0.813
10,32,21,4.3441e+05,-0.258,0.623
10,32,21,4.3445e+05,-0.626,-0.479
10,32,21,4.3449e+05,0.311,0.394
10,32,21,4.3453e+05,0.112,0.513
10,32,21,4.3457e+05,-0.06,0.156
10,32,21,4.3461e+05,0.007,-0.302
10,32,21,4.3465e+05,-0.282,0.538
10,32,21,4.3469e+05,0.124,0.608
10,32,21,4.3473e+05,-0.274,-0.331
10,32,21,4.3476e+05,-0.132,-0.088
10,32,21,4.348e+05,-0.17,0.225
10,32,21,4.3484e+05,-0.411,-0.083
10,32,21,4.3488e+05,-0.753,-0.276
10,32,21,4.3492e+05,-0.427,-0.154
10,32,21,4.3496e+05,-0.69,0.104
10,32,21,4.35e+05,-0.131,-0.439
10,32,21,4.3504e+05,-0.035,-1.023
10,32,21,4.3508e+05,0.256,0.064
10,32,21,4.3512e+05,0.398,-0.093
10,32,21,4.3516e+05,-0.174,-0.169
10,32,21,4.352e+05,0.085,0.461
10,32,21,4.3523e+05,-0.339,0.21
10,32,21,4.3527e+05,0.053,-0.155
10,32,21,4.3531e+05,0.121,0.372
10,32,21,4.3535e+05,-0.014,0.774
10,32,21,4.3539e+05,0.252,-0.29
10,32,21,4.3543e+05,0.498,-0.59
10,32,21,4.3547e+05,0.678,0.494
10,32,21,4.3551e+05,0.854,-0.402
10,32,21,4.3555e+05,0.056,-0.532
10,32,21,4.3558e+05,0.019,0.339
10,32,21,4.3562e+05,-0.378,-0.345
10,32,21,4.3566e+05,0.015,-0.552
10,32,21,4.357e+05,-0.16,0.028
10,32,21,4.3574e+05,-0.118,0.147
10,32,21,4.3578e+05,-0.066,-0.051
10,32,21,4.3582e+05,-0.041,-0.359
10,32,21,4.3586e+05,0.608,-0.767
10,32,21,4.359e+05,0.398,0.323
10,32,21,4.3594e+05,0.45,0.536
10,32,21,4.3598e+05,0.219,-0.602
10,32,21,4.3602e+05,0.314,-0.044
10,32,21,4.3605e+05,0.317,0.288
10,32,21,4.3609e+05,0.144,-0.141
10,32,21,4.3613e+05,0.128,0.147
10,32,21,4.3617e+05,0.049,-0.001
10,32,21,4.3621e+05,0.507,-0.575
10,32,21,4.3625e+05,0.134,-0.268
10,32,21,4.3629e+05,-0.011,0.427
10,32,21,4.3633e+05,0.013,-0.167
10,32,21,4.3637e+05,-0.145,-0.44
10,32,21,4.3641e+05,0.344,-0.427
10,32,21,4.3644e+05,-0.299,0.073
10,32,21,4.3648e+05,-0.007,-0.079
10,32,21,4.3652e+05,-0.284,-0.44
10,32,21,4.3656e+05,0.037,0.262
10,32,21,4.366e+05,0.263,-0.078
10,32,21,4.3664e+05,0.047,-0.531
10,32,21,4.3668e+05,-0.002,0.115
10,32,21,4.3672e+05,-0.18,0.324
10,32,21,4.3676e+05,-0.1,-0.323
10,32,21,4.368e+05,0.241,-0.571
10,32,21,4.3684e+05,0.241,0.397
10,32,21,4.3687e+05,0.083,0.41
10,32,21,4.3691e+05,0.299,-0.831
10,32,21,4.3695e+05,0.203,-0.06
10,32,21,4.3699e+05,0.502,0.468
10,32,21,4.3703e+05,-0.047,-0.512
10,32,21,4.3707e+05,-0.084,-0.143
10,32,21,4.3711e+05,-0.056,0.408
10,32,21,4.3715e+05,-0.02,0.05
10,32,21,4.3719e+05,0.052,-0.312
10,32,21,4.3723e+05,0.396,-0.299
10,32,21,4.3726e+05,0.305,0.012
10,32,21,4.373e+05,0.226,-0.232
10,32,21,4.3734e+05,0.093,-0.116
10,32,21,4.3738e+05,-0.292,0.608
10,32,21,4.3742e+05,-0.133,-0.26
10,32,21,4.3746e+05,-0.149,-0.59
10,32,21,4.375e+05,0.157,0.368
10,32,21,4.3754e+05,-0.152,-0.098
10,32,21,4.3758e+05,-0.139,-0.351
10,32,21,4.3762e+05,-0.501,0.248
10,32,21,4.3766e+05,-0.327,-0.042
10,32,21,4.377e+05,-0.283,-0.171
10,32,21,4.3773e+05,-0.598,0.498
10,32,21,4.3777e+05,-0.153,-0.063
10,32,21,4.3781e+05,-0.006,-0.433
10,32,21,4.3785e+05,0.264,0.464
10,32,21,4.3789e+05,-0.106,0.516
10,32,21,4.3793e+05,-0.129,-0.12
10,32,21,4.3797e+05,0.168,-0.169
10,32,21,4.3801e+05,0.566,0.195
10,32,21,4.3805e+05,0.315,0.212
10,32,21,4.3808e+05,0.368,-0.283
10,32,21,4.3812e+05,-0.121,-0.229
10,32,21,4.3816e+05,-0.061,0.374
10,32,21,4.382e+05,-0.549,-0.366
10,32,21,4.3824e+05,-0.167,-0.484
10,32,21,4.3828e+05,-0.29,0.924
10,32,21,4.3832e+05,-0.485,0.382
10,32,21,4.3836e+05,0.268,-0.856
10,32,21,4.384e+05,0.099,0.452
10,32,21,4.3844e+05,-0.067,0.379
10,32,21,4.3848e+05,-0.371,-0.66
10,32,21,4.3852e+05,-0.506,0.914
10,32,21,4.3855e+05,-0.178,0.732
10,32,21,4.3859e+05,0.126,-0.996
10,32,21,4.3863e+05,0.253,-0.068
10,32,21,4.3867e+05,0.363,0.282
10,32,21,4.3871e+05,-0.219,-0.14
10,32,21,4.3875e+05,0.122,-0.042
10,32,21,4.3879e+05,0.5,0.081
10,32,21,4.3883e+05,0.889,-0.601
10,32,21,4.3887e+05,0.262,-0.232
10,32,21,4.3891e+05,0.078,0.928
10,32,21,4.3894e+05,0.167,-0.191
10,32,21,4.3898e+05,0.33,-0.631
10,32,21,4.3902e+05,0.188,0.237
10,32,21,4.3906e+05,0.066,0.023
10,32,21,4.391e+05,0.002,0.045
10,32,21,4.3914e+05,-0.029,0.335
10,32,21,4.3918e+05,0.174,-0.139
10,32,21,4.3922e+05,0.483,-0.598
10,32,21,4.3926e+05,0.303,0.112
10,32,21,4.393e+05,0.23,0.666
10,32,21,4.3934e+05,0.169,-0.125
10,32,21,4.3937e+05,0.419,-0.452
10,32,21,4.3941e+05,0.381,-0.001
10,32,21,4.3945e+05,0.239,0.228
10,32,21,4.3949e+05,-0.033,0.303
10,32,21,4.3953e+05,0.099,-0.14
10,32,21,4.3957e+05,0.264,-0.248
10,32,21,4.3961e+05,0.1,0.394
10,32,21,4.3965e+05,0.429,-0.03
10,32,21,4.3969e+05,0.139,-0.004
10,32,21,4.3973e+05,0.262,0.622
10,32,21,4.3976e+05,0.168,-0.162
10,32,21,4.398e+05,0.3,-0.475
10,32,21,4.3984e+05,0.184,0.016
10,32,21,4.3988e+05,-0.298,0.487
10,32,21,4.3992e+05,-0.1,-0.098
10,32,21,4.3996e+05,-0.318,-0.177
10,32,21,4.4e+05,0.223,0.205
10,32,21,4.4004e+05,0.085,-0.214
10,32,21,4.4008e+05,0.409,-0.055
10,32,21,4.4012e+05,0.405,0.163
10,32,21,4.4016e+05,0.039,0.236
10,32,21,4.402e+05,-0.166,0.06
10,32,21,4.4023e+05,-0.391,-0.372
10,32,21,4.4027e+05,-0.337,0.082
10,32,21,4.4031e+05,-0.822,0.767
10,32,21,4.4035e+05,-1.09,0.026
10,32,21,4.4039e+05,-0.89,-0.237
10,32,21,4.4043e+05,-0.549,0.478
10,32,21,4.4047e+05,0.056,-0.01
10,32,21,4.4051e+05,0.239,-0.27
10,32,21,4.4055e+05,-0.017,0.328
10,32,21,4.4058e+05,-0.026,-0.061
10,32,21,4.4062e+05,-0.135,0.233
10,32,21,4.4066e+05,-0.169,0.504
10,32,21,4.407e+05,-0.447,-0.207
10,32,21,4.4074e+05,-0.584,0.19
10,32,21,4.4078e+05,-0.287,0.547
10,32,21,4.4082e+05,-0.144,-0.13
10,32,21,4.4086e+05,0.435,-0.549
10,32,21,4.409e+05,0.623,0.225
10,32,21,4.4094e+05,0.521,0.191
10,32,21,4.4098e+05,-0.153,-0.172
10,32,21,4.4102e+05,0.049,-0.176
10,32,21,4.4105e+05,-0.488,0.553
10,32,21,4.4109e+05,-0.062,0.1
10,32,21,4.4113e+05,-0.136,-0.51
10,32,21,4.4117e+05,0.233,0.543
10,32,21,4.4121e+05,0.312,0.289
10,32,21,4.4125e+05,-0.132,-0.473
10,32,21,4.4129e+05,0.201,-0.515
10,32,21,4.4133e+05,0.145,0.248
10,32,21,4.4137e+05,0.49,0.072
10,32,21,4.4141e+05,0.062,-0.64
10,32,21,4.4144e+05,0.079,0.118
10,32,21,4.4148e+05,-0.519,0.483
10,32,21,4.4152e+05,0.08,-0.55
10,32,21,4.4156e+05,-0.045,0.077
10,32,21,4.416e+05,0.041,0.334
10,32,21,4.4164e+05,-0.186,-0.213
10,32,21,4.4168e+05,-0.257,0.043
10,32,21,4.4172e+05,0.177,-0.169
10,32,21,4.4176e+05,0.286,-0.032
10,32,21,4.418e+05,0.276,-0.112
10,32,21,4.4184e+05,-0.454,0.194
10,32,21,4.4187e+05,-0.421,0.551
10,32,21,4.4191e+05,-0.366,0.083
10,32,21,4.4195e+05,0.557,-0.58
10,32,21,4.4199e+05,0.559,-0.026
10,32,21,4.4203e+05,0.677,0.215
10,32,21,4.4207e+05,0.276,-0.4
10,32,21,4.4211e+05,0.576,-0.408
10,32,21,4.4215e+05,0.374,0.069
10,32,21,4.4219e+05,0.177,0.004
10,32,21,4.4223e+05,0.098,-0.061
10,32,21,4.4226e+05,-0.229,0.214
10,32,21,4.423e+05,0.147,-0.316
10,32,21,4.4234e+05,-0.447,0.075
10,32,21,4.4238e+05,-0.08,0.191
10,32,21,4.4242e+05,-0.39,-0.304
10,32,21,4.4246e+05,-0.046,-0.102
10,32,21,4.425e+05,-0.305,0.06
10,32,21,4.4254e+05,-0.315,-0.101
10,32,21,4.4258e+05,-0.245,0.241
10,32,21,4.4262e+05,0.115,-0.125
10,32,21,4.4266e+05,-0.002,-0.649
10,32,21,4.427e+05,0.052,-0.139
10,32,21,4.4273e+05,-0.024,0.378
10,32,21,4.4277e+05,0.089,0.255
10,32,21,4.4281e+05,0.262,-0.571
10,32,21,4.4285e+05,0.437,-0.069
10,32,21,4.4289e+05,0.763,0.353
10,32,21,4.4293e+05,-0.079,-0.309
10,32,21,4.4297e+05,-0.495,-0.14
10,32,21,4.4301e+05,-0.102,0.41
10,32,21,4.4305e+05,0.244,0.344
10,32,21,4.4308e+05,0.563,-0.772
10,32,21,4.4312e+05,-0.092,-0.485
10,32,21,4.4316e+05,-0.716,0.864
10,32,21,4.432e+05,-0.58,-0.395
10,32,21,4.4324e+05,-0.508,-0.388
10,32,21,4.4328e+05,0.308,0.376
10,32,21,4.4332e+05,-0.02,0.136
10,32,21,4.4336e+05,-0.6,0.498
10,32,21,4.434e+05,-0.391,-0.145
10,32,21,4.4344e+05,-0.514,-0.028
10,32,21,4.4348e+05,0.179,0.37
10,32,21,4.4352e+05,-0.155,-0.272
10,32,21,4.4355e+05,-0.327,-0.084
10,32,21,4.4359e+05,-0.649,0.325
10,32,21,4.4363e+05,-0.678,0.169
10,32,21,4.4367e+05,-0.115,-0.211
10,32,21,4.4371e+05,-0.302,0.324
10,32,21,4.4375e+05,0.262,0.006
10,32,21,4.4379e+05,-0.106,-1.068
10,32,21,4.4383e+05,-0.253,0.673
10,32,21,4.4387e+05,-0.288,0.927
10,32,21,4.4391e+05,-0.299,-0.487
10,32,21,4.4394e+05,-0.287,0.368
10,32,21,4.4398e+05,0.031,0.4
10,32,21,4.4402e+05,-0.135,-0.368
10,32,21,4.4406e+05,0.145,-0.229
10,32,21,4.441e+05,0.238,0.286
10,32,21,4.4414e+05,0.01,0.23
10,32,21,4.4418e+05,0.023,-0.618
10,32,21,4.4422e+05,-0.027,-0.06
10,32,21,4.4426e+05,-0.291,0.959
10,32,21,4.443e+05,-0.317,-0.007
10,32,21,4.4434e+05,-0.214,-0.366
10,32,21,4.4437e+05,0.039,0.298
10,32,21,4.4441e+05,0.161,-0.281
10,32,21,4.4445e+05,-0.19,-0.308
10,32,21,4.4449e+05,-0.204,0.325
10,32,21,4.4453e+05,-0.041,-0.031
10,32,21,4.4457e+05,-0.135,0.176
10,32,21,4.4461e+05,0.296,-0.011
10,32,21,4.4465e+05,0.069,-0.201
10,32,21,4.4469e+05,0.696,0.269
10,32,21,4.4473e+05,0.639,0.059
10,32,21,4.4476e+05,0.765,-0.696
10,32,21,4.448e+05,0.102,-0.007
10,32,21,4.4484e+05,0.036,0.682
10,32,21,4.4488e+05,-0.509,-0.14
10,32,21,4.4492e+05,-0.231,-0.198
10,32,21,4.4496e+05,0.225,0.288
10,32,21,4.45e+05,0.713,-0.044
10,32,21,4.4504e+05,0.602,-0.775
10,32,21,4.4508e+05,-0.347,-0.054
10,32,21,4.4512e+05,-0.204,0.36
10,32,21,4.4516e+05,-0.442,0.112
10,32,21,4.452e+05,-0.139,0.052
10,32,21,4.4523e+05,-0.34,0.15
10,32,21,4.4527e+05,-0.238,0.14
10,32,21,4.4531e+05,-0.538,-0.002
10,32,21,4.4535e+05,0.176,-0.508
10,32,21,4.4539e+05,-0.007,0.078
10,32,21,4.4543e+05,0.479,0.345
10,32,21,4.4547e+05,-0.073,-0.064
10,32,21,4.4551e+05,-0.248,0.463
10,32,21,4.4555e+05,-0.135,-0.111
10,32,21,4.4558e+05,-0.143,-0.199
10,32,21,4.4562e+05,0.414,0.077
10,32,21,4.4566e+05,-0.009,0.023
10,32,21,4.457e+05,0.43,0.236
10,32,21,4.4574e+05,0.082,-0.448
10,32,21,4.4578e+05,-0.027,-0.191
10,32,21,4.4582e+05,-0.221,0.523
10,32,21,4.4586e+05,-0.272,0.497
10,32,21,4.459e+05,-0.131,0.271
10,32,21,4.4594e+05,-0.082,-0.584
10,32,21,4.4598e+05,-0.094,0.158
10,32,21,4.4602e+05,0.056,0.414
10,32,21,4.4605e+05,-0.264,-0.023
10,32,21,4.4609e+05,0.015,-0.191
10,32,21,4.4613e+05,-0.454,-0.282
10,32,21,4.4617e+05,-0.416,0.346
10,32,21,4.4621e+05,-0.738,0.196
10,32,21,4.4625e+05,-0.471,0.215
10,32,21,4.4629e+05,0.137,0.314
10,32,21,4.4633e+05,0.387,-0.488
10,32,21,4.4637e+05,0.574,-0.351
10,32,21,4.4641e+05,-0.1,0.785
10,32,21,4.4644e+05,-0.242,0.036
10,32,21,4.4648e+05,-0.547,-0.878
10,32,21,4.4652e+05,-0.247,0.193
10,32,21,4.4656e+05,-0.651,0.431
10,32,21,4.466e+05,-0.498,-0.034
10,32,21,4.4664e+05,-0.009,-0.013
10,32,21,4.4668e+05,0.418,0.07
10,32,21,4.4672e+05,0.608,-0.253
10,32,21,4.4676e+05,0.324,-0.179
10,32,21,4.468e+05,0.219,0.492
10,32,21,4.4684e+05,-0.227,-0.173
10,32,21,4.4687e+05,-0.165,-0.754
10,32,21,4.4691e+05,-0.506,0.72
10,32,21,4.4695e+05,-0.414,0.633
10,32,21,4.4699e+05,-0.304,-0.445
10,32,21,4.4703e+05,0.284,0.044
10,32,21,4.4707e+05,0.639,-0.202
10,32,21,4.4711e+05,-0.085,-0.32
10,32,21,4.4715e+05,-0.448,0.127
10,32,21,4.4719e+05,-0.528,0.201
10,32,21,4.4723e+05,-0.155,0.341
10,32,21,4.4726e+05,-0.054,-0.373
10,32,21,4.473e+05,-0.135,0.154
10,32,21,4.4734e+05,-0.03,0.511
10,32,21,4.4738e+05,0.076,-0.48
10,32,21,4.4742e+05,0.125,-0.021
10,32,21,4.4746e+05,0.262,-0.086
10,32,21,4.475e+05,0.146,-0.192
10,32,21,4.4754e+05,0.245,0.412
10,32,21,4.4758e+05,-0.107,-0.374
10,32,21,4.4762e+05,0.021,-0.236
10,32,21,4.4766e+05,0.083,0.557
10,32,21,4.477e+05,-0.164,0.006
10,32,21,4.4773e+05,-0.29,-0.309
10,32,21,4.4777e+05,-0.218,0.42
10,32,21,4.4781e+05,-0.041,0.335
10,32,21,4.4785e+05,0.104,-0.707
10,32,21,4.4789e+05,-0.198,-0.253
10,32,21,4.4793e+05,-0.013,0.345
10,32,21,4.4797e+05,0.097,-0.337
10,32,21,4.4801e+05,0.169,-0.205
10,32,21,4.4805e+05,0.142,0.112
10,32,21,4.4808e+05,0.033,0.23
10,32,21,4.4812e+05,0.277,-0.059
10,32,21,4.4816e+05,-0.238,0.144
10,32,21,4.482e+05,0.066,0.166
10,32,21,4.4824e+05,-0.143,-0.227
10,32,21,4.4828e+05,0.21,-0.362
10,32,21,4.4832e+05,-0.22,-0.01
10,32,21,4.4836e+05,-0.419,0.255
10,32,21,4.484e+05,-0.069,-0.315
10,32,21,4.4844e+05,0.019,-0.183
10,32,21,4.4848e+05,0.331,-0.097
10,32,21,4.4852e+05,0.033,-0.03
10,32,21,4.4855e+05,0.091,0.115
10,32,21,4.4859e+05,-0.236,-0.092
10,32,21,4.4863e+05,-0.153,-0.202
10,32,21,4.4867e+05,0.095,-0.039
10,32,21,4.4871e+05,0.604,-0.057
10,32,21,4.4875e+05,0.132,0.01
10,32,21,4.4879e+05,0.228,-0.127
10,32,21,4.4883e+05,-0.169,-0.023
10,32,21,4.4887e+05,0.304,-0.224
10,32,21,4.4891e+05,-0.033,-0.023
10,32,21,4.4894e+05,-0.01,0.383
10,32,21,4.4898e+05,-0.312,-0.099
10,32,21,4.4902e+05,-0.401,0.082
10,32,21,4.4906e+05,0.153,-0.067
10,32,21,4.491e+05,-0.013,-0.354
10,32,21,4.4914e+05,0.661,-0.267
10,32,21,4.4918e+05,0.108,0.008
10,32,21,4.4922e+05,0.215,-0.13
10,32,21,4.4926e+05,-0.138,-0.203
10,32,21,4.493e+05,0.068,0.266
10,32,21,4.4934e+05,-0.011,0.083
10,32,21,4.4937e+05,-0.128,-0.235
10,32,21,4.4941e+05,-0.47,0.424
10,32,21,4.4945e+05,-0.202,0.214
10,32,21,4.4949e+05,0.114,-0.228
10,32,21,4.4953e+05,0.633,-0.268
10,32,21,4.4957e+05,0.607,-0.279
10,32,21,4.4961e+05,-0.124,0.074
10,32,21,4.4965e+05,-0.258,-0.089
10,32,21,4.4969e+05,-0.583,0.337
10,32,21,4.4973e+05,0.126,0.201
10,32,21,4.4976e+05,0.076,-0.293
10,32,21,4.498e+05,0.42,0.206
10,32,21,4.4984e+05,-0.035,0.058
10,32,21,4.4988e+05,-0.064,-0.753
10,32,21,4.4992e+05,0.058,-0.689
10,32,21,4.4996e+05,-0.197,0.424
10,32,21,4.5e+05,-0.228,0.117
10,32,21,4.5004e+05,-0.956,-0.31
10,32,21,4.5008e+05,-0.203,0.293
10,32,21,4.5012e+05,-0.298,-0.331
10,32,21,4.5016e+05,-0.108,-0.33
10,32,21,4.502e+05,0.087,0.327
10,32,21,4.5023e+05,-0.009,0.162
10,32,21,4.5027e+05,0.263,-0.301
10,32,21,4.5031e+05,0.165,-0.248
10,32,21,4.5035e+05,-0.298,0.16
10,32,21,4.5039e+05,-0.201,0.161
10,32,21,4.5043e+05,-0.279,-0.03
10,32,21,4.5047e+05,-0.579,0.221
10,32,21,4.5051e+05,-0.05,-0.547
10,32,21,4.5055e+05,-0.425,-0.177
10,32,21,4.5058e+05,0.352,0.418
10,32,21,4.5062e+05,-0.214,0.144
10,32,21,4.5066e+05,0.398,-0.254
10,32,21,4.507e+05,-0.009,-0.564
10,32,21,4.5074e+05,-0.302,0.889
10,32,21,4.5078e+05,-0.25,0.479
10,32,21,4.5082e+05,-0.596,-0.331
10,32,21,4.5086e+05,-0.01,0.115
10,32,21,4.509e+05,0.327,-0.297
10,32,21,4.5094e+05,0.458,-0.147
10,32,21,4.5098e+05,0.286,0.353
10,32,21,4.5102e+05,0.206,0.126
10,32,21,4.5105e+05,0.293,-0.297
10,32,21,4.5109e+05,0.552,-0.03
10,32,21,4.5113e+05,0.791,0.578
10,32,21,4.5117e+05,0.366,0.101
10,32,21,4.5121e+05,-0.039,-0.357
10,32,21,4.5125e+05,-0.067,-0.276
10,32,21,4.5129e+05,-0.071,-0.012
10,32,21,4.5133e+05,0.349,-0.184
10,32,21,4.5137e+05,0.049,-0.351
10,32,21,4.5141e+05,0.315,-0.147
10,32,21,4.5144e+05,0.138,-0.373
10,32,21,4.5148e+05,-0.377,-0.008
10,32,21,4.5152e+05,-0.119,0.462
10,32,21,4.5156e+05,-0.353,0.133
10,32,21,4.516e+05,-0.061,-0.236
10,32,21,4.5164e+05,-0.069,-0.259
10,32,21,4.5168e+05,-0.527,0.547
10,32,21,4.5172e+05,-0.569,0.345
10,32,21,4.5176e+05,-0.642,0.135
10,32,21,4.518e+05,0.189,0.553
10,32,21,4.5184e+05,0.527,-0.349
10,32,21,4.5187e+05,0.388,-0.369
10,32,21,4.5191e+05,0.031,0.24
10,32,21,4.5195e+05,-0.576,0.542
10,32,21,4.5199e+05,-0.369,0.263
10,32,21,4.5203e+05,-0.418,-0.436
10,32,21,4.5207e+05,-0.105,-0.05
10,32,21,4.5211e+05,0.273,-0.053
10,32,21,4.5215e+05,0.054,-0.016
10,32,21,4.5219e+05,0.494,0
10,32,21,4.5223e+05,0.399,-0.283
10,32,21,4.5226e+05,0.89,-0.167
10,32,21,4.523e+05,0.116,0.207
10,32,21,4.5234e+05,-0.025,0.572
10,32,21,4.5238e+05,-0.317,-0.015
10,32,21,4.5242e+05,-0.264,-0.258
10,32,21,4.5246e+05,0.117,0.108
10,32,21,4.525e+05,-0.527,0.085
10,32,21,4.5254e+05,-0.377,-0.005
10,32,21,4.5258e+05,-0.39,-0.176
10,32,21,4.5262e+05,-0.265,0.013
10,32,21,4.5266e+05,0.039,-0.088
10,32,21,4.527e+05,-0.47,0.169
10,32,21,4.5273e+05,-0.303,0.175
10,32,21,4.5277e+05,-0.551,-0.051
10,32,21,4.5281e+05,-0.685,0.36
10,32,21,4.5285e+05,0.233,-0.58
10,32,21,4.5289e+05,0.075,-0.01
10,32,21,4.5293e+05,0.296,0.415
10,32,21,4.5297e+05,-0.002,-0.606
10,32,21,4.5301e+05,0.112,0.141
10,32,21,4.5305e+05,0.206,0.545
10,32,21,4.5308e+05,0.55,-0.506
10,32,21,4.5312e+05,0.235,0.064
10,32,21,4.5316e+05,0.191,0.544
10,32,21,4.532e+05,0.108,-0.207
10,32,21,4.5324e+05,-0.24,-0.065
10,32,21,4.5328e+05,0.132,0.085
10,32,21,4.5332e+05,-0.033,-0.047
10,32,21,4.5336e+05,0.412,-0.286
10,32,21,4.534e+05,0.396,-0.516
10,32,21,4.5344e+05,0.301,0.19
10,32,21,4.5348e+05,-0.078,0.434
10,32,21,4.5352e+05,0.049,-0.051
10,32,21,4.5355e+05,0.335,0.002
10,32,21,4.5359e+05,0.322,0.258
10,32,21,4.5363e+05,0.329,-0.15
10,32,21,4.5367e+05,-0.006,-0.102
10,32,21,4.5371e+05,-0.308,0.624
10,32,21,4.5375e+05,-0.376,-0.134
10,32,21,4.5379e+05,-0.286,-0.388
10,32,21,4.5383e+05,0.074,0.339
10,32,21,4.5387e+05,0.33,0.014
10,32,21,4.5391e+05,-0.377,0.578
10,32,21,4.5394e+05,0.069,-0.122
10,32,21,4.5398e+05,-0.302,-0.698
10,32,21,4.5402e+05,-0.052,0.323
10,32,21,4.5406e+05,-0.665,0.159
10,32,21,4.541e+05,-0.825,-0.118
10,32,21,4.5414e+05,-0.891,0.189
10,32,21,4.5418e+05,-0.749,0.142
10,32,21,4.5422e+05,-0.247,-0.489
10,32,21,4.5426e+05,0.137,-0.201
10,32,21,4.543e+05,0.522,0.514
10,32,21,4.5434e+05,0.406,-0.208
10,32,21,4.5437e+05,0.663,-0.862
10,32,21,4.5441e+05,0.442,0.018
10,32,21,4.5445e+05,0.161,0.193
10,32,21,4.5449e+05,-0.192,-0.584
10,32,21,4.5453e+05,-0.064,-0.172
10,32,21,4.5457e+05,-0.002,0.423
10,32,21,4.5461e+05,-0.169,0.129
10,32,21,4.5465e+05,0.019,-0.106
10,32,21,4.5469e+05,0.5,-0.169
10,32,21,4.5473e+05,0.571,-0.402
10,32,21,4.5476e+05,0.323,-0.528
10,32,21,4.548e+05,-0.099,-0.102
10,32,21,4.5484e+05,-0.415,0.792
10,32,21,4.5488e+05,-0.011,-0.176
10,32,21,4.5492e+05,-0.43,-0.29
10,32,21,4.5496e+05,0.195,0.064
10,32,21,4.55e+05,-0.227,-0.238
10,32,21,4.5504e+05,0.02,0.415
10,32,21,4.5508e+05,0.203,-0.05
10,32,21,4.5512e+05,0.402,-0.857
10,32,21,4.5516e+05,0.102,-0.026
10,32,21,4.552e+05,-0.013,0.115
10,32,21,4.5523e+05,-0.651,-0.18
10,32,21,4.5527e+05,-0.461,0.252
10,32,21,4.5531e+05,0.197,0.228
10,32,21,4.5535e+05,0.196,-0.365
10,32,21,4.5539e+05,0.438,-0.478
10,32,21,4.5543e+05,0.43,0.274
10,32,21,4.5547e+05,0.52,-0.024
10,32,21,4.5551e+05,-0.004,-0.172
10,32,21,4.5555e+05,-0.018,0.535
10,32,21,4.5558e+05,-0.234,0.056
10,32,21,4.5562e+05,-0.361,0.17
10,32,21,4.5566e+05,-0.296,0.101
10,32,21,4.557e+05,0.237,-0.536
10,32,21,4.5574e+05,0.616,0.139
10,32,21,4.5578e+05,0.255,0.359
10,32,21,4.5582e+05,-0.151,-0.347
10,32,21,4.5586e+05,-0.258,-0.155
10,32,21,4.559e+05,-0.455,0.314
10,32,21,4.5594e+05,-0.36,0.116
10,32,21,4.5598e+05,-0.463,0.264
10,32,21,4.5602e+05,-0.472,0.478
10,32,21,4.5605e+05,-0.036,-0.411
10,32,21,4.5609e+05,0.07,-0.226
10,32,21,4.5613e+05,0.099,-0.007
10,32,21,4.5617e+05,-0.073,-0.27
10,32,21,4.5621e+05,-0.136,0.366
10,32,21,4.5625e+05,-0.322,0.197
10,32,21,4.5629e+05,-0.051,-0.332
10,32,21,4.5633e+05,0.281,0.127
10,32,21,4.5637e+05,0.557,0.005
10,32,21,4.5641e+05,0.469,-0.323
10,32,21,4.5644e+05,0.709,0.118
10,32,21,4.5648e+05,0.594,0.234
10,32,21,4.5652e+05,0.469,-0.008
10,32,21,4.5656e+05,0.07,0.288
10,32,21,4.566e+05,-0.082,0.247
10,32,21,4.5664e+05,0.362,-0.539
10,32,21,4.5668e+05,0.42,-0.019
10,32,21,4.5672e+05,0.462,0.319
10,32,21,4.5676e+05,0.278,-0.774
10,32,21,4.568e+05,0.428,-0.282
10,32,21,4.5684e+05,0.805,0.252
10,32,21,4.5687e+05,0.274,-0.109
10,32,21,4.5691e+05,0.218,0.113
10,32,21,4.5695e+05,-0.21,0.375
10,32,21,4.5699e+05,-0.42,0.253
10,32,21,4.5703e+05,-0.527,0.306
10,32,21,4.5707e+05,-0.329,0.224
10,32,21,4.5711e+05,-0.224,-0.046
10,32,21,4.5715e+05,0.167,-0.196
10,32,21,4.5719e+05,-0.08,-0.057
10,32,21,4.5723e+05,-0.2,0.134
10,32,21,4.5726e+05,-0.394,0.136
10,32,21,4.573e+05,-0.455,-0.018
10,32,21,4.5734e+05,-0.136,-0.509
10,32,21,4.5738e+05,-0.256,0.328
10,32,21,4.5742e+05,-0.176,0.757
10,32,21,4.5746e+05,-0.517,0.031
10,32,21,4.575e+05,0.571,-0.501
10,32,21,4.5754e+05,0.631,-0.043
10,32,21,4.5758e+05,0.712,-0.129
10,32,21,4.5762e+05,0.14,-0.178
10,32,21,4.5766e+05,-0.447,0.676
10,32,21,4.577e+05,-0.351,0.31
10,32,21,4.5773e+05,-0.068,-0.109
10,32,21,4.5777e+05,-0.21,0.227
10,32,21,4.5781e+05,-0.122,-0.008
10,32,21,4.5785e+05,-0.418,0.216
10,32,21,4.5789e+05,-0.403,0.378
10,32,21,4.5793e+05,-0.274,-0.68
10,32,21,4.5797e+05,-0.797,0.125
10,32,21,4.5801e+05,-0.394,0.642
10,32,21,4.5805e+05,-0.87,-0.086
10,32,21,4.5808e+05,-0.521,-0.053
10,32,21,4.5812e+05,-0.516,0.287
10,32,21,4.5816e+05,-0.158,0.11
10,32,21,4.582e+05,-0.046,0.034
10,32,21,4.5824e+05,-0.099,0.345
10,32,21,4.5828e+05,-0.123,0.061
10,32,21,4.5832e+05,-0.088,-0.148
10,32,21,4.5836e+05,-0.372,0.446
10,32,21,4.584e+05,-0.174,0.511
10,32,21,4.5844e+05,-0.157,0.424
10,32,21,4.5848e+05,0.007,0.161
10,32,21,4.5852e+05,0.586,-0.556
10,32,21,4.5855e+05,0.558,0.095
10,32,21,4.5859e+05,0.857,-0.323
10,32,21,4.5863e+05,0.3,-0.375
10,32,21,4.5867e+05,0.022,0.951
10,32,21,4.5871e+05,-0.044,-0.315
10,32,21,4.5875e+05,-0.252,-0.757
10,32,21,4.5879e+05,-0.404,0.654
10,32,21,4.5883e+05,-0.224,0.159
10,32,21,4.5887e+05,-0.39,-0.154
10,32,21,4.5891e+05,0.087,-0.104
10,32,21,4.5894e+05,0.334,-0.49
10,32,21,4.5898e+05,0.182,0.23
10,32,21,4.5902e+05,-0.189,-0.205
10,32,21,4.5906e+05,-0.874,-0.481
10,32,21,4.591e+05,-0.945,0.368
10,32,21,4.5914e+05,-1.01,0.426
10,32,21,4.5918e+05,-0.466,0.076
10,32,21,4.5922e+05,-0.201,-0.168
10,32,21,4.5926e+05,0.082,0.001
10,32,21,4.593e+05,0.101,-0.184
10,32,21,4.5934e+05,-0.023,0.107
10,32,21,4.5937e+05,0.342,-0.11
10,32,21,4.5941e+05,0.451,-0.505
10,32,21,4.5945e+05,0.781,-0.264
10,32,21,4.5949e+05,0.019,0.292
10,32,21,4.5953e+05,-0.01,0.083
10,32,21,4.5957e+05,-0.425,-0.175
10,32,21,4.5961e+05,0.377,0.125
10,32,21,4.5965e+05,0.285,0.425
10,32,21,4.5969e+05,0.207,-0.165
10,32,21,4.5973e+05,0.098,-0.7
10,32,21,4.5976e+05,-0.078,0.453
10,32,21,4.598e+05,0.045,-0.005
10,32,21,4.5984e+05,0.309,-0.69
10,32,21,4.5988e+05,0.403,0.097
10,32,21,4.5992e+05,0.101,-0.063
10,32,21,4.5996e+05,-0.275,-0.272
10,32,21,4.6e+05,-0.35,0.306
10,32,21,4.6004e+05,-0.11,-0.119
10,32,21,4.6008e+05,-0.049,-0.271
10,32,21,4.6012e+05,0.056,0.285
10,32,21,4.6016e+05,-0.352,0.479
10,32,21,4.602e+05,-0.274,-0.436
10,32,21,4.6023e+05,-0.294,-0.42
10,32,21,4.6027e+05,0.181,0.138
10,32,21,4.6031e+05,-0.073,-0.268
10,32,21,4.6035e+05,-0.007,0.096
10,32,21,4.6039e+05,-0.27,0.494
10,32,21,4.6043e+05,-0.035,0.069
10,32,21,4.6047e+05,0.391,-0.293
10,32,21,4.6051e+05,0.745,-0.315
10,32,21,4.6055e+05,0.633,-0.071
10,32,21,4.6058e+05,0.362,-0.269
10,32,21,4.6062e+05,-0.244,-0.185
10,32,21,4.6066e+05,-0.521,0.348
10,32,21,4.607e+05,-0.348,0.137
10,32,21,4.6074e+05,-0.188,-0.173
10,32,21,4.6078e+05,-0.062,0.138
10,32,21,4.6082e+05,-0.045,0.283
10,32,21,4.6086e+05,-0.062,0.424
10,32,21,4.609e+05,0.256,-0.246
10,32,21,4.6094e+05,0.118,-0.384
10,32,21,4.6098e+05,0.07,0.404
10,32,21,4.6102e+05,-0.334,-0.006
10,32,21,4.6105e+05,-0.504,-0.056
10,32,21,4.6109e+05,-0.533,0.495
10,32,21,4.6113e+05,-0.125,0.222
10,32,21,4.6117e+05,-0.23,-0.123
10,32,21,4.6121e+05,-0.109,0.226
10,32,21,4.6125e+05,-0.058,0.348
10,32,21,4.6129e+05,-0.009,-0.209
10,32,21,4.6133e+05,0.058,-0.417
10,32,21,4.6137e+05,-0.114,0.17
10,32,21,4.6141e+05,-0.003,0.137
10,32,21,4.6144e+05,-0.16,-0.08
10,32,21,4.6148e+05,-0.157,-0.034
10,32,21,4.6152e+05,0.04,0.01
10,32,21,4.6156e+05,0.409,0.322
10,32,21,4.616e+05,0.198,-0.018
10,32,21,4.6164e+05,0.367,-0.259
10,32,21,4.6168e+05,0.278,0.408
10,32,21,4.6172e+05,0.418,-0.065
10,32,21,4.6176e+05,-0.111,0.126
10,32,21,4.618e+05,0.171,0.739
10,32,21,4.6184e+05,-0.056,-0.381
10,32,21,4.6187e+05,-0.038,-0.491
10,32,21,4.6191e+05,-0.364,0.713
10,32,21,4.6195e+05,-0.335,0.463
10,32,21,4.6199e+05,0.019,-0.68
10,32,21,4.6203e+05,-0.117,0.258
10,32,21,4.6207e+05,0.055,0.392
10,32,21,4.6211e+05,-0.435,-0.751
10,32,21,4.6215e+05,-0.365,0.118
10,32,21,4.6219e+05,0.168,0.289
10,32,21,4.6223e+05,0.151,-0.075
10,32,21,4.6226e+05,0.338,0.231
10,32,21,4.623e+05,-0.253,-0.129
10,32,21,4.6234e+05,-0.277,-0.013
10,32,21,4.6238e+05,0.061,-0.033
10,32,21,4.6242e+05,-0.18,-0.022
10,32,21,4.6246e+05,-0.449,0.453
10,32,21,4.625e+05,-0.147,0.025
10,32,21,4.6254e+05,0.197,-0.025
10,32,21,4.6258e+05,0.643,-0.112
10,32,21,4.6262e+05,0.399,-0.184
10,32,21,4.6266e+05,0.032,0.124
10,32,21,4.627e+05,0.011,-0.227
10,32,21,4.6273e+05,-0.203,0.138
10,32,21,4.6277e+05,0.125,-0.13
10,32,21,4.6281e+05,-0.128,-0.552
10,32,21,4.6285e+05,-0.236,0.509
10,32,21,4.6289e+05,-0.313,0.36
10,32,21,4.6293e+05,0.331,-0.796
10,32,21,4.6297e+05,0.267,0.227
10,32,21,4.6301e+05,0.329,0.409
10,32,21,4.6305e+05,-0.036,-0.317
10,32,21,4.6308e+05,0.096,0.007
10,32,21,4.6312e+05,-0.232,0.056
10,32,21,4.6316e+05,-0.112,-0.226
10,32,21,4.632e+05,-0.965,0.823
10,32,21,4.6324e+05,-0.612,0.81
10,32,21,4.6328e+05,-0.679,-0.852
10,32,21,4.6332e+05,-0.174,-0.391
10,32,21,4.6336e+05,-0.013,0.351
10,32,21,4.634e+05,-0.559,0.303
10,32,21,4.6344e+05,-0.312,-0.229
10,32,21,4.6348e+05,-0.066,-0.147
10,32,21,4.6352e+05,0.334,0.253
10,32,21,4.6355e+05,0.2,-0.34
10,32,21,4.6359e+05,0.005,-0.149
10,32,21,4.6363e+05,-0.441,0.628
10,32,21,4.6367e+05,-0.069,-0.264
10,32,21,4.6371e+05,-0.066,-0.789
10,32,21,4.6375e+05,0.052,0.333
10,32,21,4.6379e+05,-0.202,0.688
10,32,21,4.6383e+05,-0.254,-0.182
10,32,21,4.6387e+05,-0.056,-0.511
10,32,21,4.6391e+05,-0.046,0.136
10,32,21,4.6394e+05,0.192,-0.254
10,32,21,4.6398e+05,-0.469,0.088
10,32,21,4.6402e+05,-0.443,0.858
10,32,21,4.6406e+05,-0.563,-0.159
10,32,21,4.641e+05,-0.054,-0.327
10,32,21,4.6414e+05,0.179,0.014
10,32,21,4.6418e+05,0.19,0.074
10,32,21,4.6422e+05,0.019,0.126
10,32,21,4.6426e+05,0.217,-0.333
10,32,21,4.643e+05,0.159,-0.36
10,32,21,4.6434e+05,0.155,0.656
10,32,21,4.6437e+05,0.036,-0.098
10,32,21,4.6441e+05,-0.67,0.119
10,32,21,4.6445e+05,0.23,0.001
10,32,21,4.6449e+05,-0.418,-0.032
10,32,21,4.6453e+05,0.669,0.012
10,32,21,4.6457e+05,0.118,0.138
10,32,21,4.6461e+05,0.732,0.221
10,32,21,4.6465e+05,0.166,-0.637
10,32,21,4.6469e+05,0.078,-0.079
10,32,21,4.6473e+05,-0.199,0.561
10,32,21,4.6476e+05,-0.095,0.091
10,32,21,4.648e+05,0.013,-0.612
10,32,21,4.6484e+05,-0.126,0.005
10,32,21,4.6488e+05,0.24,0.465
10,32,21,4.6492e+05,-0.143,0.298
10,32,21,4.6496e+05,0.164,-0.747
10,32,21,4.65e+05,-0.062,-0.499
10,32,21,4.6504e+05,0.243,0.664
10,32,21,4.6508e+05,-0.241,-0.373
10,32,21,4.6512e+05,-0.325,-0.535
10,32,21,4.6516e+05,-0.323,0.332
10,32,21,4.652e+05,0.22,0.068
10,32,21,4.6523e+05,0.401,-0.421
10,32,21,4.6527e+05,-0.208,0.622
10,32,21,4.6531e+05,0.094,0.181
10,32,21,4.6535e+05,0.218,-0.752
10,32,21,4.6539e+05,0.653,-0.241
10,32,21,4.6543e+05,-0.087,0.475
10,32,21,4.6547e+05,-0.279,0.133
10,32,21,4.6551e+05,-0.18,-0.389
10,32,21,4.6555e+05,0.302,-0.081
10,32,21,4.6558e+05,0.072,-0.226
10,32,21,4.6562e+05,-0.108,-0.369
10,32,21,4.6566e+05,-0.226,0.115
10,32,21,4.657e+05,-0.558,0.234
10,32,21,4.6574e+05,-0.336,-0.475
10,32,21,4.6578e+05,-0.446,0.031
10,32,21,4.6582e+05,0.18,0.101
10,32,21,4.6586e+05,0.03,-0.594
10,32,21,4.659e+05,0.498,-0.419
10,32,21,4.6594e+05,0.425,-0.14
10,32,21,4.6598e+05,0.378,0.14
10,32,21,4.6602e+05,-0.197,0.237
10,32,21,4.6605e+05,-0.278,0.011
10,32,21,4.6609e+05,-0.15,-0.224
10,32,21,4.6613e+05,-0.189,0.115
10,32,21,4.6617e+05,-0.322,0.29
10,32,21,4.6621e+05,-0.135,-0.01
10,32,21,4.6625e+05,0.361,-0.312
10,32,21,4.6629e+05,0.254,0.343
10,32,21,4.6633e+05,0.556,-0.138
10,32,21,4.6637e+05,-0.238,-0.664
10,32,21,4.6641e+05,-0.363,0.168
10,32,21,4.6644e+05,-0.768,0.26
10,32,21,4.6648e+05,-0.648,-0.102
10,32,21,4.6652e+05,-0.138,-0.249
10,32,21,4.6656e+05,0.231,0.072
10,32,21,4.666e+05,0.628,-0.193
10,32,21,4.6664e+05,0.595,-0.189
10,32,21,4.6668e+05,0.502,0.283
10,32,21,4.6672e+05,0.079,-0.214
10,32,21,4.6676e+05,0.092,-0.719
10,32,21,4.668e+05,-0.302,0.445
10,32,21,4.6684e+05,-0.172,0.548
10,32,21,4.6687e+05,-0.507,-0.362
10,32,21,4.6691e+05,0.106,0.037
10,32,21,4.6695e+05,0.395,-0.219
10,32,21,4.6699e+05,0.521,-0.323
10,32,21,4.6703e+05,0.202,0.295
10,32,21,4.6707e+05,0.124,-0.186
10,32,21,4.6711e+05,-0.081,-0.069
10,32,21,4.6715e+05,0.067,0.301
10,32,21,4.6719e+05,-0.046,-0.327
10,32,21,4.6723e+05,-0.26,0.049
10,32,21,4.6726e+05,-0.114,0.311
10,32,21,4.673e+05,-0.216,-0.262
10,32,21,4.6734e+05,0.547,-0.183
10,32,21,4.6738e+05,0.314,0.077
10,32,21,4.6742e+05,0.283,-0.305
10,32,21,4.6746e+05,-0.606,-0.073
10,32,21,4.675e+05,-0.331,-0.176
10,32,21,4.6754e+05,-0.901,-0.038
10,32,21,4.6758e+05,-0.13,0.473
10,32,21,4.6762e+05,-0.001,-0.225
10,32,21,4.6766e+05,0.362,-0.376
10,32,21,4.677e+05,0.557,-0.22
10,32,21,4.6773e+05,0.004,0.5
10,32,21,4.6777e+05,0.479,0.174
10,32,21,4.6781e+05,0.118,-0.341
10,32,21,4.6785e+05,0.679,-0.251
10,32,21,4.6789e+05,0.206,-0.222
10,32,21,4.6793e+05,0.478,-0.208
10,32,21,4.6797e+05,-0.101,0.222
10,32,21,4.6801e+05,0.31,0.335
10,32,21,4.6805e+05,0.437,-0.398
10,32,21,4.6808e+05,0.771,-0.105
10,32,21,4.6812e+05,0.688,0.066
10,32,21,4.6816e+05,0.147,-0.205
10,32,21,4.682e+05,-0.07,-0.343
10,32,21,4.6824e+05,-0.105,-0.184
10,32,21,4.6828e+05,-0.095,0.034
10,32,21,4.6832e+05,-0.154,0.003
10,32,21,4.6836e+05,0.015,-0.166
10,32,21,4.684e+05,-0.324,0.227
10,32,21,4.6844e+05,0.248,-0.13
10,32,21,4.6848e+05,-0.028,-0.355
10,32,21,4.6852e+05,0.296,0.533
10,32,21,4.6855e+05,0.189,0.001
10,32,21,4.6859e+05,0.085,-0.085
10,32,21,4.6863e+05,-0.221,0.328
10,32,21,4.6867e+05,-0.159,-0.188
10,32,21,4.6871e+05,0.11,-0.203
10,32,21,4.6875e+05,-0.033,0.514
10,32,21,4.6879e+05,0.373,-0.128
10,32,21,4.6883e+05,0.083,-0.418
10,32,21,4.6887e+05,0.335,0.382
10,32,21,4.6891e+05,-0.251,-0.194
10,32,21,4.6894e+05,-0.094,-0.516
10,32,21,4.6898e+05,-0.431,0.358
10,32,21,4.6902e+05,-0.137,-0.018
10,32,21,4.6906e+05,-0.338,-0.653
10,32,21,4.691e+05,-0.363,0.558
10,32,21,4.6914e+05,-0.224,0.365
10,32,21,4.6918e+05,0.006,-0.655
10,32,21,4.6922e+05,0.302,0.076
10,32,21,4.6926e+05,-0.039,0.777
10,32,21,4.693e+05,-0.271,-0.163
10,32,21,4.6934e+05,-0.622,-0.31
10,32,21,4.6937e+05,-0.221,0.378
10,32,21,4.6941e+05,-0.599,0.312
10,32,21,4.6945e+05,-0.05,-0.28
10,32,21,4.6949e+05,-0.486,-0.025
10,32,21,4.6953e+05,0.09,0.214
10,32,21,4.6957e+05,0.115,-0.269
10,32,21,4.6961e+05,0.074,-0.141
10,32,21,4.6965e+05,-0.078,0.115
10,32,21,4.6969e+05,-0.408,0.264
10,32,21,4.6973e+05,-0.37,0.19
10,32,21,4.6976e+05,-0.156,-0.236
10,32,21,4.698e+05,0.095,0.043
10,32,21,4.6984e+05,0.321,0.086
10,32,21,4.6988e+05,-0.004,0.053
10,32,21,4.6992e+05,-0.109,0.091
10,32,21,4.6996e+05,0.26,-0.332
10,32,21,4.7e+05,0.33,0.15
10,32,21,4.7004e+05,0.574,0.091
10,32,21,4.7008e+05,0.088,0.019
10,32,21,4.7012e+05,0.448,0.003
10,32,21,4.7016e+05,0.479,-0.267
10,32,21,4.702e+05,0.451,-0.092
10,32,21,4.7023e+05,0.237,0.204
10,32,21,4.7027e+05,0.304,0.238
10,32,21,4.7031e+05,0.226,0.046
10,32,21,4.7035e+05,0.345,-0.569
10,32,21,4.7039e+05,0.235,-0.127
10,32,21,4.7043e+05,0.147,0.308
10,32,21,4.7047e+05,-0.181,-0.273
10,32,21,4.7051e+05,0.038,-0.15
10,32,21,4.7055e+05,-0.304,0.651
10,32,21,4.7058e+05,0.018,0.111
10,32,21,4.7062e+05,-0.269,-0.25
10,32,21,4.7066e+05,-0.024,0.355
10,32,21,4.707e+05,0.166,-0.03
10,32,21,4.7074e+05,-0.046,-0.402
10,32,21,4.7078e+05,-0.091,0.017
10,32,21,4.7082e+05,-0.405,0.462
10,32,21,4.7086e+05,0.161,-0.023
10,32,21,4.709e+05,0.162,-0.115
10,32,21,4.7094e+05,0.385,0.22
10,32,21,4.7098e+05,0.157,-0.276
10,32,21,4.7102e+05,0.072,-0.407
10,32,21,4.7105e+05,-0.013,0.323
10,32,21,4.7109e+05,-0.012,0.239
10,32,21,4.7113e+05,0.281,-0.463
10,32,21,4.7117e+05,0.343,-0.549
10,32,21,4.7121e+05,0.366,-0.316
10,32,21,4.7125e+05,0.071,0.17
10,32,21,4.7129e+05,-0.186,0.181
10,32,21,4.7133e+05,0.075,-0.226
10,32,21,4.7137e+05,0.17,0.17
10,32,21,4.7141e+05,0.234,0.235
10,32,21,4.7144e+05,0.027,-0.577
10,32,21,4.7148e+05,-0.265,0.184
10,32,21,4.7152e+05,-0.143,0.658
10,32,21,4.7156e+05,0.15,-0.397
10,32,21,4.716e+05,0.374,-0.525
10,32,21,4.7164e+05,0.402,-0.049
10,32,21,4.7168e+05,-0.066,-0.12
10,32,21,4.7172e+05,-0.561,-0.21
10,32,21,4.7176e+05,-0.528,0.123
10,32,21,4.718e+05,-0.566,0.357
10,32,21,4.7184e+05,-0.161,-0.203
10,32,21,4.7187e+05,-0.044,-0.086
10,32,21,4.7191e+05,0.039,0.341
10,32,21,4.7195e+05,0.231,-0.31
10,32,21,4.7199e+05,0.579,-0.395
10,32,21,4.7203e+05,0.489,0.079
10,32,21,4.7207e+05,0.282,-0.004
10,32,21,4.7211e+05,-0.153,0.509
10,32,21,4.7215e+05,0.381,-0.244
10,32,21,4.7219e+05,0.516,-0.712
10,32,21,4.7223e+05,0.889,0.198
10,32,21,4.7226e+05,0.627,0.055
10,32,21,4.723e+05,0.544,-0.105
10,32,21,4.7234e+05,0.506,-0.19
10,32,21,4.7238e+05,0.638,0.079
10,32,21,4.7242e+05,0.696,0
10,32,21,4.7246e+05,0.134,-0.218
10,32,21,4.725e+05,-0.042,0.063
10,32,21,4.7254e+05,-0.453,0.204
10,32,21,4.7258e+05,0.143,-0.118
10,32,21,4.7262e+05,-0.077,0.373
10,32,21,4.7266e+05,0.026,0.26
10,32,21,4.727e+05,0.238,-0.503
10,32,21,4.7273e+05,0.015,-0.191
10,32,21,4.7277e+05,-0.045,-0.06
10,32,21,4.7281e+05,-0.024,-0.074
10,32,21,4.7285e+05,-0.447,0.365
10,32,21,4.7289e+05,-0.147,-0.534
10,32,21,4.7293e+05,-0.419,-0.063
10,32,21,4.7297e+05,-0.177,0.886
10,32,21,4.7301e+05,-0.123,-0.304
10,32,21,4.7305e+05,-0.129,0.247
10,32,21,4.7308e+05,0.094,0.303
10,32,21,4.7312e+05,0.018,-0.885
10,32,21,4.7316e+05,-0.215,0
10,32,21,4.732e+05,-0.438,0.706
10,32,21,4.7324e+05,0.183,-0.469
10,32,21,4.7328e+05,-0.305,-0.049
10,32,21,4.7332e+05,0.032,0.138
10,32,21,4.7336e+05,-0.095,-0.236
10,32,21,4.734e+05,0.318,0.134
10,32,21,4.7344e+05,0.121,0.371
10,32,21,4.7348e+05,0.179,0.08
10,32,21,4.7352e+05,-0.539,0.011
10,32,21,4.7355e+05,-0.146,-0.262
10,32,21,4.7359e+05,-0.628,-0.074
10,32,21,4.7363e+05,-0.253,0.358
10,32,21,4.7367e+05,-0.108,-0.507
10,32,21,4.7371e+05,0.036,-0.239
10,32,21,4.7375e+05,0.318,0.055
10,32,21,4.7379e+05,-0.485,0.331
10,32,21,4.7383e+05,0.06,-0.4
10,32,21,4.7387e+05,-0.602,-0.037
10,32,21,4.7391e+05,-0.012,0.788
10,32,21,4.7394e+05,-0.225,-0.062
10,32,21,4.7398e+05,0.38,-0.431
10,32,21,4.7402e+05,0.189,0.286
10,32,21,4.7406e+05,0.643,0.202
10,32,21,4.741e+05,0.08,-0.552
10,32,21,4.7414e+05,-0.062,-0.116
10,32,21,4.7418e+05,0.647,0.596
10,32,21,4.7422e+05,0.162,0.208
10,32,21,4.7426e+05,0.632,-1.166
10,32,21,4.743e+05,-0.548,0.477
10,32,21,4.7434e+05,0.345,0.64
10,32,21,4.7437e+05,-0.237,-0.701
10,32,21,4.7441e+05,0.336,-0.054
10,32,21,4.7445e+05,-0.26,0.105
10,32,21,4.7449e+05,-0.461,-0.03
10,32,21,4.7453e+05,-0.324,-0.277
10,32,21,4.7457e+05,-0.455,0.388
10,32,21,4.7461e+05,-0.09,0.606
10,32,21,4.7465e+05,0.007,-0.421
10,32,21,4.7469e+05,0.217,0.255
10,32,21,4.7473e+05,-0.346,0.697
10,32,21,4.7476e+05,-0.236,-0.223
10,32,21,4.748e+05,-0.247,0.257
10,32,21,4.7484e+05,0.384,0.064
10,32,21,4.7488e+05,-0.16,-0.121
10,32,21,4.7492e+05,0.102,0.151
10,32,21,4.7496e+05,-0.176,-0.152
10,32,21,4.75e+05,-0.485,0.239
10,32,21,4.7504e+05,-0.255,0.054
10,32,21,4.7508e+05,-0.135,-0.127
10,32,21,4.7512e+05,0.27,0.343
10,32,21,4.7516e+05,-0.208,-0.113
10,32,21,4.752e+05,-0.178,-0.318
10,32,21,4.7523e+05,-0.176,0.328
10,32,21,4.7527e+05,-0.3,0.277
10,32,21,4.7531e+05,-0.585,-0.194
10,32,21,4.7535e+05,-0.217,-0.097
10,32,21,4.7539e+05,-0.055,0.35
10,32,21,4.7543e+05,-0.418,0.56
10,32,21,4.7547e+05,-0.279,-0.177
10,32,21,4.7551e+05,-0.237,-0.21
10,32,21,4.7555e+05,0.706,0.086
10,32,21,4.7558e+05,0.29,-0.015
10,32,21,4.7562e+05,0.133,0.251
10,32,21,4.7566e+05,-0.211,0.298
10,32,21,4.757e+05,-0.301,0.144
10,32,21,4.7574e+05,-0.309,-0.239
10,32,21,4.7578e+05,-0.223,-0.276
10,32,21,4.7582e+05,-0.086,0.225
10,32,21,4.7586e+05,0.103,0.247
10,32,21,4.759e+05,-0.157,-0.17
10,32,21,4.7594e+05,0.331,-0.565
10,32,21,4.7598e+05,0.139,0.037
10,32,21,4.7602e+05,0.006,0.654
10,32,21,4.7605e+05,-0.438,0.113
10,32,21,4.7609e+05,-0.156,0.017
10,32,21,4.7613e+05,-0.25,0.839
10,32,21,4.7617e+05,-0.207,0.482
10,32,21,4.7621e+05,-0.06,-0.815
10,32,21,4.7625e+05,0.296,-0.128
10,32,21,4.7629e+05,0.283,0.444
10,32,21,4.7633e+05,-0.288,-0.71
10,32,21,4.7637e+05,0.019,-0.506
10,32,21,4.7641e+05,0.063,0.533
10,32,21,4.7644e+05,0.081,-0.037
10,32,21,4.7648e+05,-0.185,-0.432
10,32,21,4.7652e+05,0.269,0.095
10,32,21,4.7656e+05,0.084,-0.144
10,32,21,4.766e+05,0.1,-0.273
10,32,21,4.7664e+05,-0.358,0.268
10,32,21,4.7668e+05,-0.205,0.269
10,32,21,4.7672e+05,-0.42,-0.212
10,32,21,4.7676e+05,-0.232,-0.102
10,32,21,4.768e+05,-0.112,0.368
10,32,21,4.7684e+05,0.004,-0.236
10,32,21,4.7687e+05,0.187,-0.293
10,32,21,4.7691e+05,0.18,0.396
10,32,21,4.7695e+05,0.062,-0.23
10,32,21,4.7699e+05,-0.252,-0.342
10,32,21,4.7703e+05,-0.341,0.657
10,32,21,4.7707e+05,-0.197,0.083
10,32,21,4.7711e+05,0.124,-0.405
10,32,21,4.7715e+05,0.229,0.017
10,32,21,4.7719e+05,0.292,-0.138
10,32,21,4.7723e+05,0.309,-0.468
10,32,21,4.7726e+05,-0.082,0.06
10,32,21,4.773e+05,-0.272,0.082
10,32,21,4.7734e+05,-0.313,-0.244
10,32,21,4.7738e+05,0.203,0.28
10,32,21,4.7742e+05,0.114,0.264
10,32,21,4.7746e+05,0.265,-0.131
10,32,21,4.775e+05,0.232,-0.288
10,32,21,4.7754e+05,0.389,0.176
10,32,21,4.7758e+05,0.257,0.233
10,32,21,4.7762e+05,-0.39,-0.137
10,32,21,4.7766e+05,-0.374,-0.054
10,32,21,4.777e+05,-0.392,0.401
10,32,21,4.7773e+05,-0.116,-0.129
10,32,21,4.7777e+05,-0.155,-0.675
10,32,21,4.7781e+05,0.016,0.094
10,32,21,4.7785e+05,0.181,0.094
10,32,21,4.7789e+05,0.119,-0.095
10,32,21,4.7793e+05,0.384,-0.365
10,32,21,4.7797e+05,0.012,-0.46
10,32,21,4.7801e+05,-0.229,0.361
10,32,21,4.7805e+05,-0.823,0.542
10,32,21,4.7808e+05,-0.254,-0.296
10,32,21,4.7812e+05,-0.129,-0.077
