15,36,9,65664,0.454,0.093
15,36,9,65703,-0.731,0.297
15,36,9,65742,-0.517,0.425
15,36,9,65781,-0.692,-0.737
15,36,9,65820,-0.349,0.454
15,36,9,65859,-0.323,-0.379
15,36,9,65898,-0.256,0.373
15,36,9,65937,-0.504,0.503
15,36,9,65976,0.016,-0.477
15,36,9,66015,0.23,-0.721
15,36,9,66054,0.143,0.134
15,36,9,66093,-0.033,0.543
15,36,9,66132,-0.017,-0.307
15,36,9,66171,0.21,-0.321
15,36,9,66210,0.545,-0.647
15,36,9,66249,0.591,-0.398
15,36,9,66289,0.398,0.424
15,36,9,66328,0.881,-0.265
15,36,9,66367,0.473,0.122
15,36,9,66406,1.054,-0.302
15,36,9,66445,0.772,-0.878
15,36,9,66484,1.019,0.267
15,36,9,66523,0.752,-0.356
15,36,9,66562,0.954,-0.364
15,36,9,66601,0.823,-0.492
15,36,9,66640,1.727,-0.883
15,36,9,66679,1.656,-0.186
15,36,9,66718,2.016,-0.241
15,36,9,66757,1.642,-0.347
15,36,9,66796,1.488,0.195
15,36,9,66835,1.427,-0.222
15,36,9,66874,0.779,0.299
15,36,9,66914,0.189,0.071
15,36,9,66953,-0.05,-0.017
15,36,9,66992,-0.586,0.28
15,36,9,67031,-0.805,0.234
15,36,9,67070,-0.843,-0.05
15,36,9,67109,-0.924,-0.037
15,36,9,67148,-0.268,-0.225
15,36,9,67187,-0.52,0.249
15,36,9,67226,-0.243,-0.044
15,36,9,67265,-0.147,-0.568
15,36,9,67304,-0.234,0.436
15,36,9,67343,0.08,-0.3
15,36,9,67382,-0.33,0.287
15,36,9,67421,-0.305,0.122
15,36,9,67460,-0.101,-0.467
15,36,9,67499,-0.044,0.165
15,36,9,67539,-0.012,-0.05
15,36,9,67578,-0.074,0.487
15,36,9,67617,-0.268,0.564
15,36,9,67656,0.161,-0.317
15,36,9,67695,-0.096,0.178
15,36,9,67734,-0.08,0.32
15,36,9,67773,-0.023,-0.208
15,36,9,67812,-0.235,0.307
15,36,9,67851,0.177,-0.467
15,36,9,67890,0.027,-0.149
15,36,9,67929,0.255,-0.217
15,36,9,67968,0.042,0.144
15,36,9,68007,0.241,0.18
15,36,9,68046,0.479,-0.512
15,36,9,68085,0.429,0.41
15,36,9,68124,0.225,0.065
15,36,9,68164,0.14,0.08
15,36,9,68203,0.272,0.161
15,36,9,68242,0.462,-0.187
15,36,9,68281,0.075,0.179
15,36,9,68320,0.108,-0.101
15,36,9,68359,-0.144,0.044
15,36,9,68398,0.448,-0.002
15,36,9,68437,0.311,-0.498
15,36,9,68476,0.765,0.037
15,36,9,68515,0.381,0.106
15,36,9,68554,0.926,-0.211
15,36,9,68593,0.916,-0.324
15,36,9,68632,1.554,-0.549
15,36,9,68671,1.652,-0.949
15,36,9,68710,1.108,0.59
15,36,9,68749,0.959,0.204
15,36,9,68789,0.607,-0.541
15,36,9,68828,0.478,0.371
15,36,9,68867,0.108,0.205
15,36,9,68906,-0.413,0.602
15,36,9,68945,-1.015,0.355
15,36,9,68984,-0.514,-0.848
15,36,9,69023,-0.634,0.307
15,36,9,69062,-0.514,0.269
15,36,9,69101,-0.92,-0.673
15,36,9,69140,-0.925,-0.037
15,36,9,69179,-1.136,-0.357
15,36,9,69218,-0.786,-0.487
15,36,9,69257,-1.549,0.673
15,36,9,69296,-1.213,0.715
15,36,9,69335,-0.751,-0.532
15,36,9,69374,-0.314,0.257
15,36,9,69414,0.573,-0.472
15,36,9,69453,0.408,0.385
15,36,9,69492,1.279,0.084
15,36,9,69531,0.848,-0.436
15,36,9,69570,0.974,0.437
15,36,9,69609,0.575,-0.753
15,36,9,69648,0.527,0.675
15,36,9,69687,-0.173,0.542
15,36,9,69726,-0.141,-0.393
15,36,9,69765,-0.371,-0.341
15,36,9,69804,-0.834,0.707
15,36,9,69843,-0.601,-0.081
15,36,9,69882,-1.075,-0.31
15,36,9,69921,-0.728,0.03
15,36,9,69960,-1.091,-0.35
15,36,9,69999,-1.106,0.287
15,36,9,70039,-1.146,-0.054
15,36,9,70078,-0.675,0.103
15,36,9,70117,-0.533,0.087
15,36,9,70156,-0.346,0.027
15,36,9,70195,-0.054,0.077
15,36,9,70234,0.406,-0.063
15,36,9,70273,0.622,-0.01
15,36,9,70312,1.019,0.097
15,36,9,70351,0.893,-0.193
15,36,9,70390,0.83,0.251
15,36,9,70429,0.611,-0.155
15,36,9,70468,0.801,-0.521
15,36,9,70507,0.338,0.319
15,36,9,70546,-0.126,0.396
15,36,9,70585,-0.275,-0.161
15,36,9,70624,-0.23,-0.207
15,36,9,70664,0.158,-0.075
15,36,9,70703,-0.261,0.107
15,36,9,70742,0.179,-0.261
15,36,9,70781,0.221,-0.073
15,36,9,70820,0.554,0.196
15,36,9,70859,0.81,-0.937
15,36,9,70898,0.634,0.374
15,36,9,70937,0.73,-0.103
15,36,9,70976,0.444,-0.304
15,36,9,71015,0.693,0.116
15,36,9,71054,0.612,-0.29
15,36,9,71093,0.206,0.619
15,36,9,71132,0.519,-0.729
15,36,9,71171,0.865,-0.406
15,36,9,71210,0.854,0.506
15,36,9,71249,0.755,-0.645
15,36,9,71289,0.688,-0.023
15,36,9,71328,1.058,0.073
15,36,9,71367,1.06,-0.88
15,36,9,71406,0.771,-0.27
15,36,9,71445,0.203,0.131
15,36,9,71484,-0.087,0.086
15,36,9,71523,-0.392,-0.018
15,36,9,71562,-0.21,-0.259
15,36,9,71601,-0.704,0.278
15,36,9,71640,-0.581,0.227
15,36,9,71679,-0.798,-0.26
15,36,9,71718,-0.33,0.524
15,36,9,71757,0.04,-0.182
15,36,9,71796,-0.018,-0.069
15,36,9,71835,0.398,0.164
15,36,9,71874,-0.12,-0.022
15,36,9,71914,-0.025,0.094
15,36,9,71953,-0.078,-0.605
15,36,9,71992,0.091,0.05
15,36,9,72031,-0.154,-0.014
15,36,9,72070,0.299,-0.227
15,36,9,72109,-0.14,0.586
15,36,9,72148,0.549,-0.191
15,36,9,72187,0.555,0.128
15,36,9,72226,1.341,0.106
15,36,9,72265,1.093,0.061
15,36,9,72304,0.552,0.324
15,36,9,72343,0.71,-0.558
15,36,9,72382,0.459,0.359
15,36,9,72421,-0.067,-0.124
15,36,9,72460,-0.03,-0.596
15,36,9,72499,-0.963,0.897
15,36,9,72539,-0.448,-0.1
15,36,9,72578,-0.453,-0.605
15,36,9,72617,0.178,0.267
15,36,9,72656,0.659,-0.473
15,36,9,72695,0.555,0.77
15,36,9,72734,0.615,-0.283
15,36,9,72773,0.001,0.288
15,36,9,72812,-0.301,0.591
15,36,9,72851,-0.283,-0.427
15,36,9,72890,-1.396,1.383
15,36,9,72929,-1.532,-0.039
15,36,9,72968,-1.723,-0.4
15,36,9,73007,-1.463,0.571
15,36,9,73046,-1.07,-0.223
15,36,9,73085,-1.105,0.37
15,36,9,73124,-0.986,-0.333
15,36,9,73164,-0.798,-0.052
15,36,9,73203,-1.443,0.618
15,36,9,73242,-1.247,-0.518
15,36,9,73281,-1.254,0.164
15,36,9,73320,-1.469,0.848
15,36,9,73359,-1.044,-0.728
15,36,9,73398,-0.994,-0.1
15,36,9,73437,-0.457,0.114
15,36,9,73476,-0.074,-0.124
15,36,9,73515,-0.157,0.187
15,36,9,73554,-0.227,-0.468
15,36,9,73593,-0.455,-0.174
15,36,9,73632,-0.633,-0.027
15,36,9,73671,-1.166,0.374
15,36,9,73710,-1.337,0.06
15,36,9,73749,-1.356,-0.513
15,36,9,73789,-0.993,0.299
15,36,9,73828,-1.03,0.249
15,36,9,73867,-0.516,-0.375
15,36,9,73906,-0.226,0.24
15,36,9,73945,0.25,0.067
15,36,9,73984,0.223,-0.253
15,36,9,74023,0.029,0.153
15,36,9,74062,0.366,0.096
15,36,9,74101,0.165,0.443
15,36,9,74140,0.364,-0.183
15,36,9,74179,0.076,-0.036
15,36,9,74218,0.435,0.316
15,36,9,74257,0.385,-0.059
15,36,9,74296,0.491,0.112
15,36,9,74335,0.678,-0.521
15,36,9,74374,0.454,-0.149
15,36,9,74414,0.175,0.09
15,36,9,74453,-0.207,-0.402
15,36,9,74492,-0.296,0.315
15,36,9,74531,-0.442,0.121
15,36,9,74570,-0.37,-0.202
15,36,9,74609,-0.503,0.11
15,36,9,74648,-0.052,-0.201
15,36,9,74687,0.294,0.052
15,36,9,74726,0.458,0.061
15,36,9,74765,0.679,0.024
15,36,9,74804,0.6,-0.007
15,36,9,74843,0.847,-0.349
15,36,9,74882,0.485,0.219
15,36,9,74921,0.276,0.183
15,36,9,74960,0.318,-0.3
15,36,9,74999,0.266,0.139
15,36,9,75039,0.3,-0.039
15,36,9,75078,0.722,-0.517
15,36,9,75117,0.445,0.326
15,36,9,75156,1.163,-0.356
15,36,9,75195,0.82,-0.038
15,36,9,75234,1.38,-0.106
15,36,9,75273,1.278,-0.408
15,36,9,75312,1.493,0.523
15,36,9,75351,1.717,-0.992
15,36,9,75390,1.909,-0.026
15,36,9,75429,2.068,0.252
15,36,9,75468,2.606,-1.013
15,36,9,75507,1.991,-0.32
15,36,9,75546,2.26,0.393
15,36,9,75585,1.449,-0.447
15,36,9,75624,0.414,0.654
15,36,9,75664,0.49,-0.437
15,36,9,75703,-0.396,0.408
15,36,9,75742,-0.693,0.87
15,36,9,75781,-0.541,-1.033
15,36,9,75820,-0.623,1.109
15,36,9,75859,-0.325,0.175
15,36,9,75898,-0.035,-0.339
15,36,9,75937,-0.227,0.997
15,36,9,75976,0.001,-0.526
15,36,9,76015,-0.167,0.521
15,36,9,76054,-0.265,-0.213
15,36,9,76093,-0.122,-0.51
15,36,9,76132,-0.272,0.835
15,36,9,76171,-0.347,-0.381
15,36,9,76210,0.158,0.318
15,36,9,76249,0.199,0.046
15,36,9,76289,0.583,0.087
15,36,9,76328,0.659,0.454
15,36,9,76367,0.409,-0.014
15,36,9,76406,0.624,0.829
15,36,9,76445,0.421,0.057
15,36,9,76484,0.72,-0.34
15,36,9,76523,0.164,0.292
15,36,9,76562,0.007,0.138
15,36,9,76601,-0.312,-0.184
15,36,9,76640,-0.477,0.191
15,36,9,76679,-0.595,-0.417
15,36,9,76718,-0.867,0.299
15,36,9,76757,-1.075,0.16
15,36,9,76796,-0.89,-0.575
15,36,9,76835,-0.993,0.681
15,36,9,76874,-0.418,-0.81
15,36,9,76914,-0.655,-0.098
15,36,9,76953,-0.562,0.422
15,36,9,76992,-0.811,-0.646
15,36,9,77031,-0.418,0.194
15,36,9,77070,-0.406,-0.469
15,36,9,77109,-0.496,-0.052
15,36,9,77148,-0.435,0.33
15,36,9,77187,-0.04,-0.596
15,36,9,77226,-0.199,0.365
15,36,9,77265,-0.335,-0.161
15,36,9,77304,-0.251,-0.718
15,36,9,77343,-0.339,0.529
15,36,9,77382,-0.344,-0.145
15,36,9,77421,-0.678,-0.074
15,36,9,77460,-0.163,-0.478
15,36,9,77499,-0.303,-0.048
15,36,9,77539,0.144,0.098
15,36,9,77578,0.25,-0.662
15,36,9,77617,0.428,0.311
15,36,9,77656,0.607,0.123
15,36,9,77695,0.739,-0.259
15,36,9,77734,0.841,-0.212
15,36,9,77773,1.107,0.004
15,36,9,77812,0.828,0.019
15,36,9,77851,1.11,-0.215
15,36,9,77890,0.698,-0.062
15,36,9,77929,0.616,-0.056
15,36,9,77968,0.285,0.14
15,36,9,78007,0.397,-0.064
15,36,9,78046,-0.215,0.114
15,36,9,78085,-0.012,0.395
15,36,9,78124,-0.538,0.034
15,36,9,78164,-0.21,0.749
15,36,9,78203,-0.449,0.042
15,36,9,78242,-0.078,-0.378
15,36,9,78281,-0.542,0.194
15,36,9,78320,-0.665,0.345
15,36,9,78359,-0.566,-0.448
15,36,9,78398,-0.835,0.343
15,36,9,78437,-0.378,0.045
15,36,9,78476,-0.896,-0.275
15,36,9,78515,-0.358,0.159
15,36,9,78554,-0.322,-0.198
15,36,9,78593,0.098,0.446
15,36,9,78632,0.246,-0.267
15,36,9,78671,0.326,0.275
15,36,9,78710,0.396,0.356
15,36,9,78749,0.627,-0.603
15,36,9,78789,0.413,0.203
15,36,9,78828,0.416,-0.114
15,36,9,78867,0.143,0.106
15,36,9,78906,0.414,-0.55
15,36,9,78945,0.505,-0.552
15,36,9,78984,0.5,0.25
15,36,9,79023,0.593,-0.193
15,36,9,79062,0.27,0.281
15,36,9,79101,0.505,-0.917
15,36,9,79140,0.274,-0.223
15,36,9,79179,0.222,-0.013
15,36,9,79218,-0.21,-0.482
15,36,9,79257,-0.354,0.208
15,36,9,79296,-0.622,-0.099
15,36,9,79335,-0.484,0.196
15,36,9,79374,-0.781,-0.586
15,36,9,79414,-0.597,0.471
15,36,9,79453,-0.795,0.411
15,36,9,79492,-0.909,-0.76
15,36,9,79531,-0.501,0.319
15,36,9,79570,-0.24,-0.37
15,36,9,79609,0.264,0.07
15,36,9,79648,0.405,-0.123
15,36,9,79687,1.043,-0.84
15,36,9,79726,1.355,0.097
15,36,9,79765,1.503,0.135
15,36,9,79804,1.183,0.372
15,36,9,79843,0.836,0.327
15,36,9,79882,0.86,-0.071
15,36,9,79921,-0.271,0.833
15,36,9,79960,-0.416,0.058
15,36,9,79999,-1.283,0.041
15,36,9,80039,-1.621,0.8
15,36,9,80078,-2.038,-0.383
15,36,9,80117,-2.642,0.243
15,36,9,80156,-2.76,0.329
15,36,9,80195,-2.696,0.126
15,36,9,80234,-2.87,0.413
15,36,9,80273,-2.388,-0.508
15,36,9,80312,-2.047,-0.03
15,36,9,80351,-1.275,0.164
15,36,9,80390,-1.114,-0.507
15,36,9,80429,-0.648,-0.012
15,36,9,80468,-0.295,-0.351
15,36,9,80507,-0.178,0.271
15,36,9,80546,-0.131,0.474
15,36,9,80585,0.115,-0.043
15,36,9,80624,0.265,0.136
15,36,9,80664,0.156,0.501
15,36,9,80703,0.809,-0.061
15,36,9,80742,0.243,-0.074
15,36,9,80781,0.648,0.254
15,36,9,80820,0.78,-0.653
15,36,9,80859,0.045,0.332
15,36,9,80898,0.17,-0.444
15,36,9,80937,-0.425,0.021
15,36,9,80976,-0.664,0.725
15,36,9,81015,-1.237,-0.79
15,36,9,81054,-0.953,0.138
15,36,9,81093,-1.157,0.344
15,36,9,81132,-0.605,-0.012
15,36,9,81171,-0.617,-0.192
15,36,9,81210,-0.144,0.065
15,36,9,81249,0.138,-0.017
15,36,9,81289,0.14,-0.063
15,36,9,81328,0.229,-0.015
15,36,9,81367,0.184,-0.233
15,36,9,81406,0.018,0.411
15,36,9,81445,-0.277,-0.074
15,36,9,81484,-0.47,-0.225
15,36,9,81523,-0.168,0.291
15,36,9,81562,0.056,-0.327
15,36,9,81601,-0.216,0.601
15,36,9,81640,0.057,-0.34
15,36,9,81679,-0.126,0.235
15,36,9,81718,0.547,0.361
15,36,9,81757,-0.112,-0.359
15,36,9,81796,-0.008,0.636
15,36,9,81835,-0.127,-0.367
15,36,9,81874,-0.094,0.2
15,36,9,81914,0.014,-0.167
15,36,9,81953,-0.038,-0.209
15,36,9,81992,0.121,0.051
15,36,9,82031,0.016,-0.358
15,36,9,82070,-0.043,0.317
15,36,9,82109,-0.064,-0.271
15,36,9,82148,0.038,-0.083
15,36,9,82187,-0.61,0.621
15,36,9,82226,-0.284,-0.675
15,36,9,82265,-0.526,-0.001
15,36,9,82304,-0.5,0.334
15,36,9,82343,-0.518,-0.504
15,36,9,82382,-0.518,-0.166
15,36,9,82421,-0.396,-0.074
15,36,9,82460,-0.232,0.449
15,36,9,82499,-0.21,-0.352
15,36,9,82539,0.338,-0.499
15,36,9,82578,0.386,0.199
15,36,9,82617,0.694,0.004
15,36,9,82656,0.902,-0.53
15,36,9,82695,0.785,0.059
15,36,9,82734,1.029,-0.23
15,36,9,82773,0.694,-0.242
15,36,9,82812,0.347,0.073
15,36,9,82851,0.237,-0.497
15,36,9,82890,-0.147,0.023
15,36,9,82929,0.158,-0.561
15,36,9,82968,0.034,-0.202
15,36,9,83007,0.29,-0.358
15,36,9,83046,0.492,-0.627
15,36,9,83085,0.483,0.341
15,36,9,83124,0.307,-0.718
15,36,9,83164,0.171,-0.027
15,36,9,83203,-0.289,0.195
15,36,9,83242,-0.318,-0.004
15,36,9,83281,-0.627,0.691
15,36,9,83320,-0.542,-0.332
15,36,9,83359,-0.149,-0.062
15,36,9,83398,-0.129,0.63
15,36,9,83437,0.706,-0.6
15,36,9,83476,0.671,0.014
15,36,9,83515,0.796,-0.263
15,36,9,83554,0.964,-0.771
15,36,9,83593,0.183,0.827
15,36,9,83632,0.22,-0.268
15,36,9,83671,-0.137,-0.047
15,36,9,83710,-0.221,0.159
15,36,9,83749,-0.644,-0.445
15,36,9,83789,-0.381,0.15
15,36,9,83828,-0.111,-0.642
15,36,9,83867,0.568,0.039
15,36,9,83906,0.639,0.081
15,36,9,83945,0.58,-0.284
15,36,9,83984,0.588,-0.225
15,36,9,84023,0.518,0.491
15,36,9,84062,0.181,0.299
15,36,9,84101,-0.589,0.24
15,36,9,84140,-0.837,0.449
15,36,9,84179,-0.746,-0.104
15,36,9,84218,-0.962,0.209
15,36,9,84257,-0.891,0.184
15,36,9,84296,-0.512,-0.386
15,36,9,84335,-0.074,-0.198
15,36,9,84374,-0.065,-0.006
15,36,9,84414,-0.105,-0.395
15,36,9,84453,-0.147,-0.678
15,36,9,84492,-0.167,-0.011
15,36,9,84531,-0.292,0.045
15,36,9,84570,-0.68,-0.103
15,36,9,84609,-0.195,-0.397
15,36,9,84648,-0.573,0.056
15,36,9,84687,0.348,0.016
15,36,9,84726,-0.006,-0.213
15,36,9,84765,0.49,0.304
15,36,9,84804,0.495,-0.4
15,36,9,84843,0.56,-0.06
15,36,9,84882,0.286,-0.555
15,36,9,84921,0.21,-0.303
15,36,9,84960,-0.166,-0.09
15,36,9,84999,-0.177,-0.764
15,36,9,85039,-0.225,-0.461
15,36,9,85078,-0.135,-0.005
15,36,9,85117,0.28,-0.443
15,36,9,85156,0.116,0.138
15,36,9,85195,0.345,0.07
15,36,9,85234,0.229,-0.179
15,36,9,85273,-0.132,0.138
15,36,9,85312,-0.055,-0.39
15,36,9,85351,-0.806,0.706
15,36,9,85390,-0.732,-0.109
15,36,9,85429,-0.72,-0.597
15,36,9,85468,-0.834,0.592
15,36,9,85507,-0.631,-0.188
15,36,9,85546,-0.424,0.115
15,36,9,85585,-0.502,0.301
15,36,9,85624,-0.399,-0.13
15,36,9,85664,-0.537,0.294
15,36,9,85703,0.032,-0.185
15,36,9,85742,-0.039,0.302
15,36,9,85781,0.022,0.188
15,36,9,85820,0.347,-0.759
15,36,9,85859,0.834,0.024
15,36,9,85898,0.672,-0.039
15,36,9,85937,0.752,-0.107
15,36,9,85976,0.229,-0.182
15,36,9,86015,0.362,0.206
15,36,9,86054,0.059,0.323
15,36,9,86093,0.005,0.058
15,36,9,86132,-0.094,-0.089
15,36,9,86171,0.212,-0.164
15,36,9,86210,0.235,-0.082
15,36,9,86249,0.188,-0.415
15,36,9,86289,-0.002,-0.361
15,36,9,86328,-0.203,0.256
15,36,9,86367,-0.173,-0.254
15,36,9,86406,-0.462,-0.21
15,36,9,86445,-0.253,-0.041
15,36,9,86484,-0.43,0.198
15,36,9,86523,-0.117,-0.251
15,36,9,86562,-0.069,-0.115
15,36,9,86601,0.285,0.213
15,36,9,86640,0.393,-0.193
15,36,9,86679,0.33,0.494
15,36,9,86718,-0.055,0.212
15,36,9,86757,0.248,-0.252
15,36,9,86796,-0.077,-0.049
15,36,9,86835,0.249,0.017
15,36,9,86874,0.006,0.209
15,36,9,86914,0.371,-0.149
15,36,9,86953,0.73,-1.125
15,36,9,86992,0.687,0.31
15,36,9,87031,0.638,-0.238
15,36,9,87070,0.618,-0.505
15,36,9,87109,0.384,0.514
15,36,9,87148,0.487,-0.354
15,36,9,87187,0.326,-0.196
15,36,9,87226,0.042,-0.219
15,36,9,87265,0.035,0.017
15,36,9,87304,-0.045,0.345
15,36,9,87343,0.126,-0.55
15,36,9,87382,-0.034,0.116
15,36,9,87421,-0.322,0.641
15,36,9,87460,-0.409,0.089
15,36,9,87499,-0.185,-0.378
15,36,9,87539,-0.465,0.378
15,36,9,87578,-0.296,0.358
15,36,9,87617,-0.619,-0.169
15,36,9,87656,0.005,-0.272
15,36,9,87695,0.333,-0.486
15,36,9,87734,0.362,0.346
15,36,9,87773,0.268,-0.284
15,36,9,87812,0.297,-0.002
15,36,9,87851,0.233,0.35
15,36,9,87890,0.223,-0.16
15,36,9,87929,-0.464,0.209
15,36,9,87968,-0.707,0.228
15,36,9,88007,-1.176,0.102
15,36,9,88046,-1.01,-0.274
15,36,9,88085,-1.21,-0.42
15,36,9,88124,-1.158,0.652
15,36,9,88164,-1.202,0.382
15,36,9,88203,-0.963,0.011
15,36,9,88242,-0.575,-0.426
15,36,9,88281,-0.378,0.11
15,36,9,88320,-0.258,0.807
15,36,9,88359,-0.272,0.175
15,36,9,88398,-0.078,-0.1
15,36,9,88437,-0.081,-0.643
15,36,9,88476,0.113,-0.309
15,36,9,88515,0.061,0.18
15,36,9,88554,0.365,-0.058
15,36,9,88593,0.682,-0.223
15,36,9,88632,0.873,-0.272
15,36,9,88671,1.103,0.058
15,36,9,88710,1.147,0.81
15,36,9,88749,1.511,0.146
15,36,9,88789,1.385,-0.005
15,36,9,88828,1.363,0.233
15,36,9,88867,1.173,-0.313
15,36,9,88906,1.403,-0.169
15,36,9,88945,1.578,-0.479
15,36,9,88984,1.861,-0.108
15,36,9,89023,1.363,0.26
15,36,9,89062,1.726,0.05
15,36,9,89101,1.652,0.418
15,36,9,89140,1.898,0.178
15,36,9,89179,1.41,-0.232
15,36,9,89218,1.486,0.414
15,36,9,89257,1.352,-0.068
15,36,9,89296,1.796,-0.184
15,36,9,89335,1.678,-0.572
15,36,9,89374,2.181,-0.52
15,36,9,89414,2.558,-0.623
15,36,9,89453,2.873,-0.293
15,36,9,89492,3.078,-0.423
15,36,9,89531,3.457,-0.918
15,36,9,89570,3.535,-0.45
15,36,9,89609,2.858,-0.045
15,36,9,89648,1.89,-0.148
15,36,9,89687,0.479,0.001
15,36,9,89726,0.209,-0.393
15,36,9,89765,-0.892,-0.054
15,36,9,89804,-1.423,0.48
15,36,9,89843,-2.533,0.251
15,36,9,89882,-2.142,0.5
15,36,9,89921,-2.061,-0.152
15,36,9,89960,-1.124,-0.178
15,36,9,89999,-1.452,0.797
15,36,9,90039,-1.38,0.541
15,36,9,90078,-1.113,-0.45
15,36,9,90117,-1.064,-0.172
15,36,9,90156,-0.63,-0.183
15,36,9,90195,-1.034,0.725
15,36,9,90234,-0.926,0.506
15,36,9,90273,-0.174,-0.802
15,36,9,90312,0.025,0.525
15,36,9,90351,0.744,0.038
15,36,9,90390,0.376,-0.019
15,36,9,90429,0.815,0.206
15,36,9,90468,0.435,-0.317
15,36,9,90507,0.025,0.57
15,36,9,90546,-0.766,-0.187
15,36,9,90585,-0.809,-0.157
15,36,9,90624,-0.959,0.154
15,36,9,90664,-0.875,-0.226
15,36,9,90703,-0.89,-0.056
15,36,9,90742,-0.687,0.056
15,36,9,90781,0.038,-0.128
15,36,9,90820,0.422,0.19
15,36,9,90859,1.174,-0.369
15,36,9,90898,1.275,0.219
15,36,9,90937,1.399,0.295
15,36,9,90976,1.249,-0.221
15,36,9,91015,1.308,0.234
15,36,9,91054,0.884,-0.1
15,36,9,91093,0.697,0.336
15,36,9,91132,-0.195,-0.059
15,36,9,91171,-0.66,0.334
15,36,9,91210,-0.944,0.372
15,36,9,91249,-0.876,0.143
15,36,9,91289,-0.689,-0.236
15,36,9,91328,-0.404,0.238
15,36,9,91367,-0.124,0.331
15,36,9,91406,0.379,-0.572
15,36,9,91445,0.728,-0.247
15,36,9,91484,0.934,-0.421
15,36,9,91523,1.11,-0.518
15,36,9,91562,0.639,-0.043
15,36,9,91601,0.77,-0.123
15,36,9,91640,0.57,-0.179
15,36,9,91679,0.905,-0.638
15,36,9,91718,0.763,0.015
15,36,9,91757,1.317,0.038
15,36,9,91796,1.197,-0.704
15,36,9,91835,2.109,-0.745
15,36,9,91874,1.437,-0.623
15,36,9,91914,1.026,0.23
15,36,9,91953,-0.302,-0.156
15,36,9,91992,-1.202,0.443
15,36,9,92031,-1.283,-0.098
15,36,9,92070,-2.083,0.251
15,36,9,92109,-1.765,-0.48
15,36,9,92148,-1.898,-0.781
15,36,9,92187,-0.55,0.118
15,36,9,92226,0.664,-1.215
15,36,9,92265,2.117,-0.878
15,36,9,92304,2.899,-0.595
15,36,9,92343,3.367,-0.18
15,36,9,92382,3.392,-0.436
15,36,9,92421,3.12,-0.246
15,36,9,92460,2.925,-0.101
15,36,9,92499,1.673,0.566
15,36,9,92539,1.206,-0.111
15,36,9,92578,-0.103,0.016
15,36,9,92617,-0.296,0.942
15,36,9,92656,-0.578,-0.66
15,36,9,92695,-0.645,0.684
15,36,9,92734,-1,0.306
15,36,9,92773,-1.543,0.481
15,36,9,92812,-1.775,0.302
15,36,9,92851,-1.782,-0.561
15,36,9,92890,-1.852,0.657
15,36,9,92929,-2.634,0.464
15,36,9,92968,-2.71,-0.318
15,36,9,93007,-3.056,0.025
15,36,9,93046,-2.466,0.027
15,36,9,93085,-2.416,0.037
15,36,9,93124,-2.06,0.384
15,36,9,93164,-1.883,0.446
15,36,9,93203,-1.323,1.081
15,36,9,93242,-1.025,-0.099
15,36,9,93281,-0.591,0.063
15,36,9,93320,-0.96,0.88
15,36,9,93359,-1.194,0.229
15,36,9,93398,-1.698,0.586
15,36,9,93437,-2.315,0.44
15,36,9,93476,-2.214,0.171
15,36,9,93515,-2.5,0.432
15,36,9,93554,-2.37,0.372
15,36,9,93593,-2.047,0.378
15,36,9,93632,-1.533,0.209
15,36,9,93671,-0.843,-0.303
15,36,9,93710,-0.653,0.242
15,36,9,93749,-0.445,0.587
15,36,9,93789,-0.451,-0.211
15,36,9,93828,-0.856,0.678
15,36,9,93867,-0.943,0.119
15,36,9,93906,-1.068,0.164
15,36,9,93945,-1.142,0.513
15,36,9,93984,-1.347,-0.035
15,36,9,94023,-0.728,-0.265
15,36,9,94062,-0.547,-0.352
15,36,9,94101,-0.003,0.217
15,36,9,94140,0.034,-0.129
15,36,9,94179,0.161,-0.063
15,36,9,94218,0.462,-0.391
15,36,9,94257,0.248,0.168
15,36,9,94296,0.187,0.212
15,36,9,94335,-0.091,-0.009
15,36,9,94374,-0.378,0.421
15,36,9,94414,-0.136,-0.147
15,36,9,94453,0.077,-0.145
15,36,9,94492,0.019,0.163
15,36,9,94531,0.419,-0.356
15,36,9,94570,0.188,-0.258
15,36,9,94609,0.469,-0.252
15,36,9,94648,0.314,-0.618
15,36,9,94687,-0.029,0.341
15,36,9,94726,-0.399,-0.178
15,36,9,94765,-0.722,0.055
15,36,9,94804,-0.672,-0.03
15,36,9,94843,-0.629,-0.458
15,36,9,94882,-0.623,0.388
15,36,9,94921,-0.209,-0.327
15,36,9,94960,0.032,-0
15,36,9,94999,0.307,-0.01
15,36,9,95039,0.343,-0.351
15,36,9,95078,0.596,0.062
15,36,9,95117,0.424,0.201
15,36,9,95156,0.248,0.526
15,36,9,95195,-0.05,-0.562
15,36,9,95234,0.186,-0.427
15,36,9,95273,0.192,0.239
15,36,9,95312,0.088,0.178
15,36,9,95351,0.097,-0.502
15,36,9,95390,0.531,-0.906
15,36,9,95429,0.385,-0.063
15,36,9,95468,0.439,0.058
15,36,9,95507,0.063,-0.438
15,36,9,95546,0.096,-0.203
15,36,9,95585,0.323,-0.578
15,36,9,95624,-0.135,-0.015
15,36,9,95664,0.407,-0.329
15,36,9,95703,0.008,0.066
15,36,9,95742,1.104,-0.404
15,36,9,95781,0.98,-1.007
15,36,9,95820,1.694,-0.062
15,36,9,95859,2.01,-0.956
15,36,9,95898,2.992,-0.321
15,36,9,95937,3.568,-1.039
15,36,9,95976,3.536,-0.494
15,36,9,96015,2.965,0.35
15,36,9,96054,1.674,0.232
15,36,9,96093,1.246,-0.264
15,36,9,96132,-0.305,0.371
15,36,9,96171,-1.408,0.895
15,36,9,96210,-2.758,0.58
15,36,9,96249,-2.793,0.516
15,36,9,96289,-2.303,0.101
15,36,9,96328,-1.507,0.288
15,36,9,96367,-1.3,0.083
15,36,9,96406,-0.576,0.185
15,36,9,96445,-0.692,-0.131
15,36,9,96484,0.038,-0.538
15,36,9,96523,-0.812,0.022
15,36,9,96562,-0.673,0.5
15,36,9,96601,-1.107,0.204
15,36,9,96640,-0.335,0.17
15,36,9,96679,0.066,-0.463
15,36,9,96718,1.047,-0.022
15,36,9,96757,1.288,0.686
15,36,9,96796,1.512,0.71
15,36,9,96835,1.173,0.167
15,36,9,96874,0.945,-0.157
15,36,9,96914,0.379,0.176
15,36,9,96953,-0.457,1.006
15,36,9,96992,-0.828,-0.19
15,36,9,97031,-0.807,-0.125
15,36,9,97070,-0.496,-0.073
15,36,9,97109,-0.591,-0.197
15,36,9,97148,-0.302,0.176
15,36,9,97187,-0.717,0.349
15,36,9,97226,-0.098,-0.121
15,36,9,97265,-0.721,-0.315
15,36,9,97304,-0.906,0.179
15,36,9,97343,-1.834,0.286
15,36,9,97382,-1.691,0.533
15,36,9,97421,-1.746,-0.614
15,36,9,97460,-1.578,0.252
15,36,9,97499,-1.406,-0.012
15,36,9,97539,-1.23,0.263
15,36,9,97578,-0.747,0.232
15,36,9,97617,-0.703,-0.466
15,36,9,97656,-0.337,0.129
15,36,9,97695,-0.257,-0.369
15,36,9,97734,-0.03,0.283
15,36,9,97773,0.358,0.372
15,36,9,97812,0.552,-0.282
15,36,9,97851,0.887,-0.24
15,36,9,97890,0.768,-0.14
15,36,9,97929,0.87,-0.131
15,36,9,97968,0.551,0.056
15,36,9,98007,0.157,0.21
15,36,9,98046,-0.273,-0.135
15,36,9,98085,-0.706,-0.011
15,36,9,98124,-0.731,-0.262
15,36,9,98164,-0.866,-0.232
15,36,9,98203,-0.7,-0.066
15,36,9,98242,-1.141,-0.051
15,36,9,98281,-0.83,-0.62
15,36,9,98320,-0.952,-0.326
15,36,9,98359,-0.754,0.16
15,36,9,98398,-1.045,-0.393
15,36,9,98437,-0.948,0.273
15,36,9,98476,-0.986,0.126
15,36,9,98515,-0.715,0.151
15,36,9,98554,-0.246,-0.356
15,36,9,98593,0.198,0.04
15,36,9,98632,0.445,0.367
15,36,9,98671,0.488,-0.296
15,36,9,98710,1.085,-0.972
15,36,9,98749,0.848,0.181
15,36,9,98789,0.839,0.409
15,36,9,98828,0.687,-1.008
15,36,9,98867,0.373,0.453
15,36,9,98906,0.593,-0.58
15,36,9,98945,0.3,-0.331
15,36,9,98984,-0.417,0.734
15,36,9,99023,-0.417,-0.178
15,36,9,99062,-0.13,-0.579
15,36,9,99101,0.055,-0.723
15,36,9,99140,0.005,-0.277
15,36,9,99179,-0.466,0.184
15,36,9,99218,0.162,-0.975
15,36,9,99257,0.457,-0.659
15,36,9,99296,0.709,0.267
15,36,9,99335,0.841,-0.879
15,36,9,99374,1.035,0.197
15,36,9,99414,1.267,0.392
15,36,9,99453,1.767,-0.458
15,36,9,99492,1.392,-0.439
15,36,9,99531,1.653,-0.456
15,36,9,99570,1.005,0.624
15,36,9,99609,0.941,-0.067
15,36,9,99648,0.573,-0.789
15,36,9,99687,0.321,0.54
15,36,9,99726,0.013,-0.22
15,36,9,99765,-0.001,-0.307
15,36,9,99804,-0.274,-0.054
15,36,9,99843,-0.306,-0.14
15,36,9,99882,-0.35,-0.455
15,36,9,99921,-0.74,-0.167
15,36,9,99960,-0.667,0.361
15,36,9,99999,-0.487,-0.521
15,36,9,1.0004e+005,-0.213,-0.386
15,36,9,1.0008e+005,-0.329,0.583
15,36,9,1.0012e+005,-0.2,0.062
15,36,9,1.0016e+005,-0.291,0.145
15,36,9,1.002e+005,0.422,-0.076
15,36,9,1.0023e+005,0.098,0.415
15,36,9,1.0027e+005,0.598,0.186
15,36,9,1.0031e+005,-0.038,-0.342
15,36,9,1.0035e+005,0.383,0.503
15,36,9,1.0039e+005,0.141,-0.089
15,36,9,1.0043e+005,0.529,0.043
15,36,9,1.0047e+005,0.009,0.071
15,36,9,1.0051e+005,0.482,0.398
15,36,9,1.0055e+005,0.187,0.15
15,36,9,1.0058e+005,0.281,0.068
15,36,9,1.0062e+005,0.706,-0.275
15,36,9,1.0066e+005,0.237,0.512
15,36,9,1.007e+005,1.001,-0.033
15,36,9,1.0074e+005,0.412,-0.301
15,36,9,1.0078e+005,0.771,0.094
15,36,9,1.0082e+005,0.538,-0.486
15,36,9,1.0086e+005,0.293,0.335
15,36,9,1.009e+005,-0.111,0.237
15,36,9,1.0094e+005,-0.147,-0.19
15,36,9,1.0098e+005,-0.548,0.367
15,36,9,1.0102e+005,-0.196,-0.116
15,36,9,1.0105e+005,-0.508,0.196
15,36,9,1.0109e+005,-0.256,0.246
15,36,9,1.0113e+005,-0.277,-0.116
15,36,9,1.0117e+005,-0.189,0.55
15,36,9,1.0121e+005,-0.12,-0.338
15,36,9,1.0125e+005,0.467,0.096
15,36,9,1.0129e+005,0.333,0.132
15,36,9,1.0133e+005,0.583,0.065
15,36,9,1.0137e+005,0.366,-0.107
15,36,9,1.0141e+005,0.809,-0.099
15,36,9,1.0144e+005,1.064,0.452
15,36,9,1.0148e+005,1.392,-0.14
15,36,9,1.0152e+005,0.893,-0.002
15,36,9,1.0156e+005,1.257,-0.087
15,36,9,1.016e+005,0.853,-0.169
15,36,9,1.0164e+005,1.337,-0.007
15,36,9,1.0168e+005,0.641,0.01
15,36,9,1.0172e+005,0.665,0.184
15,36,9,1.0176e+005,0.674,-0.265
15,36,9,1.018e+005,0.662,0.494
15,36,9,1.0184e+005,0.643,-0.036
15,36,9,1.0187e+005,0.718,-0.179
15,36,9,1.0191e+005,0.874,0.408
15,36,9,1.0195e+005,0.693,0.387
15,36,9,1.0199e+005,1.102,0.053
15,36,9,1.0203e+005,1.045,-0.472
15,36,9,1.0207e+005,1.246,0.003
15,36,9,1.0211e+005,0.457,0.407
15,36,9,1.0215e+005,0.199,-0.267
15,36,9,1.0219e+005,-0.002,0.008
15,36,9,1.0223e+005,-0.476,-0.062
15,36,9,1.0226e+005,-0.379,-0.2
15,36,9,1.023e+005,-1.205,0.251
15,36,9,1.0234e+005,-0.948,-0.396
15,36,9,1.0238e+005,-0.958,-0.7
15,36,9,1.0242e+005,-0.423,-0.251
15,36,9,1.0246e+005,-0.689,-0.438
15,36,9,1.025e+005,-0.621,0.243
15,36,9,1.0254e+005,-0.631,0.019
15,36,9,1.0258e+005,-0.425,-0.235
15,36,9,1.0262e+005,-0.294,-0.236
15,36,9,1.0266e+005,-0.475,-0.08
15,36,9,1.027e+005,-0.11,0.439
15,36,9,1.0273e+005,-0.341,0.086
15,36,9,1.0277e+005,-0.004,-0.115
15,36,9,1.0281e+005,0.21,-0.069
15,36,9,1.0285e+005,0.602,-0.041
15,36,9,1.0289e+005,0.685,0.349
15,36,9,1.0293e+005,0.514,0.212
15,36,9,1.0297e+005,0.719,-0.482
15,36,9,1.0301e+005,0.531,-0.179
15,36,9,1.0305e+005,0.846,-0.232
15,36,9,1.0308e+005,0.272,-0.209
15,36,9,1.0312e+005,-0.02,0.518
15,36,9,1.0316e+005,0.063,-0.568
15,36,9,1.032e+005,0.061,-0.463
15,36,9,1.0324e+005,0.298,-0.184
15,36,9,1.0328e+005,0.188,-0.211
15,36,9,1.0332e+005,0.268,0.398
15,36,9,1.0336e+005,0.484,-0.5
15,36,9,1.034e+005,0.883,-0.474
15,36,9,1.0344e+005,0.924,0.397
15,36,9,1.0348e+005,0.72,0.224
15,36,9,1.0352e+005,0.806,0.531
15,36,9,1.0355e+005,0.838,-0.143
15,36,9,1.0359e+005,1.478,-0.686
15,36,9,1.0363e+005,1.006,0.327
15,36,9,1.0367e+005,1.461,0.022
15,36,9,1.0371e+005,1.129,-0.309
15,36,9,1.0375e+005,1.426,-0.69
15,36,9,1.0379e+005,1.394,-0.774
15,36,9,1.0383e+005,0.966,0.453
15,36,9,1.0387e+005,1.215,-0.691
15,36,9,1.0391e+005,0.766,-0.245
15,36,9,1.0394e+005,0.492,0.634
15,36,9,1.0398e+005,0.002,-0.812
15,36,9,1.0402e+005,-0.404,-0.234
15,36,9,1.0406e+005,-0.73,0.125
15,36,9,1.041e+005,-1.597,0.133
15,36,9,1.0414e+005,-2.149,0.281
15,36,9,1.0418e+005,-2.779,-0.037
15,36,9,1.0422e+005,-2.33,0.312
15,36,9,1.0426e+005,-2.421,0.181
15,36,9,1.043e+005,-1.464,-0.021
15,36,9,1.0434e+005,-1.062,-0.223
15,36,9,1.0437e+005,-0.373,-0.39
15,36,9,1.0441e+005,-0.142,-0.213
15,36,9,1.0445e+005,0.091,-0.127
15,36,9,1.0449e+005,0.077,0.105
15,36,9,1.0453e+005,0.084,0.043
15,36,9,1.0457e+005,-0.153,0.038
15,36,9,1.0461e+005,-0.236,0.258
15,36,9,1.0465e+005,-0.371,0.039
15,36,9,1.0469e+005,0.202,-0.163
15,36,9,1.0473e+005,0.259,0.465
15,36,9,1.0476e+005,0.47,0.404
15,36,9,1.048e+005,0.215,-0.028
15,36,9,1.0484e+005,0.508,0.058
15,36,9,1.0488e+005,0.205,0.193
15,36,9,1.0492e+005,0.179,0.006
15,36,9,1.0496e+005,-0.612,-0.215
15,36,9,1.05e+005,-0.858,0.241
15,36,9,1.0504e+005,-0.925,-0.009
15,36,9,1.0508e+005,-0.828,-0.281
15,36,9,1.0512e+005,-0.967,0.27
15,36,9,1.0516e+005,-0.827,0.348
15,36,9,1.052e+005,-0.466,-0.005
15,36,9,1.0523e+005,-0.181,-0.369
15,36,9,1.0527e+005,-0.475,0.328
15,36,9,1.0531e+005,-0.149,0.571
15,36,9,1.0535e+005,-0.641,0.188
15,36,9,1.0539e+005,-0.387,0.185
15,36,9,1.0543e+005,-0.687,0.434
15,36,9,1.0547e+005,-0.731,0.73
15,36,9,1.0551e+005,-0.992,-0.145
15,36,9,1.0555e+005,-0.638,0.009
15,36,9,1.0558e+005,-1.174,0.609
15,36,9,1.0562e+005,-0.597,-0.523
15,36,9,1.0566e+005,-0.892,0.211
15,36,9,1.057e+005,-0.293,0.452
15,36,9,1.0574e+005,-0.037,-0.522
15,36,9,1.0578e+005,0.073,0.173
15,36,9,1.0582e+005,0.247,-0.133
15,36,9,1.0586e+005,0.338,0.126
15,36,9,1.059e+005,-0.034,0.093
15,36,9,1.0594e+005,-0.022,-0.159
15,36,9,1.0598e+005,-0.009,0.16
15,36,9,1.0602e+005,-0.567,-0.367
15,36,9,1.0605e+005,-0.257,-0.451
15,36,9,1.0609e+005,-0.827,0.079
15,36,9,1.0613e+005,-0.809,-0.011
15,36,9,1.0617e+005,-1.245,-0.169
15,36,9,1.0621e+005,-1.149,0.04
15,36,9,1.0625e+005,-1.282,0.088
15,36,9,1.0629e+005,-1.815,0.762
15,36,9,1.0633e+005,-1.293,-0.454
15,36,9,1.0637e+005,-1.393,-0.008
15,36,9,1.0641e+005,-1.017,0.294
15,36,9,1.0644e+005,-0.739,-0.844
15,36,9,1.0648e+005,-0.506,0.337
15,36,9,1.0652e+005,-0.028,-0.37
15,36,9,1.0656e+005,0.396,-0.095
15,36,9,1.066e+005,0.544,0.129
15,36,9,1.0664e+005,0.197,-0.039
15,36,9,1.0668e+005,0.726,0.116
15,36,9,1.0672e+005,0.188,-0.142
15,36,9,1.0676e+005,0.803,0.124
15,36,9,1.068e+005,0.125,-0.211
15,36,9,1.0684e+005,0.826,-0.296
15,36,9,1.0687e+005,0.312,-0.382
15,36,9,1.0691e+005,0.613,0.187
15,36,9,1.0695e+005,0.458,-0.426
15,36,9,1.0699e+005,-0.067,0.469
15,36,9,1.0703e+005,0.42,-0.725
15,36,9,1.0707e+005,0.071,-0.11
15,36,9,1.0711e+005,0.504,0.315
15,36,9,1.0715e+005,-0.176,-0.108
15,36,9,1.0719e+005,0.429,0.076
15,36,9,1.0723e+005,0.08,-0.279
15,36,9,1.0726e+005,0.393,0.16
15,36,9,1.073e+005,0.111,-0.178
15,36,9,1.0734e+005,-0.075,0.49
15,36,9,1.0738e+005,0.375,0.125
15,36,9,1.0742e+005,-0.012,0.247
15,36,9,1.0746e+005,0.88,-0.033
15,36,9,1.075e+005,0.661,-0.497
15,36,9,1.0754e+005,1.334,0.405
15,36,9,1.0758e+005,0.974,-0.272
15,36,9,1.0762e+005,1.174,-0.064
15,36,9,1.0766e+005,0.641,-0.402
15,36,9,1.077e+005,0.844,-0.502
15,36,9,1.0773e+005,0.315,0.849
15,36,9,1.0777e+005,0.264,0.472
15,36,9,1.0781e+005,0.295,-0.105
15,36,9,1.0785e+005,0.985,-0.254
15,36,9,1.0789e+005,1.734,-0.311
15,36,9,1.0793e+005,2.199,-0.196
15,36,9,1.0797e+005,2.868,-0.361
15,36,9,1.0801e+005,2.96,0.262
15,36,9,1.0805e+005,2.684,0.085
15,36,9,1.0808e+005,2.075,-0.462
15,36,9,1.0812e+005,1.091,0.745
15,36,9,1.0816e+005,-0.05,0.756
15,36,9,1.082e+005,-0.701,-0.169
15,36,9,1.0824e+005,-1.687,0.548
15,36,9,1.0828e+005,-1.79,-0.01
15,36,9,1.0832e+005,-1.59,-0.015
15,36,9,1.0836e+005,-1.485,0.422
15,36,9,1.084e+005,-1.102,-0.023
15,36,9,1.0844e+005,-0.587,-0.259
15,36,9,1.0848e+005,-0.47,-0.48
15,36,9,1.0852e+005,-0.048,-0.047
15,36,9,1.0855e+005,-0.48,0.409
15,36,9,1.0859e+005,-0.076,-0.155
15,36,9,1.0863e+005,-0.075,-0.113
15,36,9,1.0867e+005,0.19,0.234
15,36,9,1.0871e+005,0.219,0.331
15,36,9,1.0875e+005,0.676,0.168
15,36,9,1.0879e+005,1.069,-0.024
15,36,9,1.0883e+005,1.266,0.673
15,36,9,1.0887e+005,1.239,-0.098
15,36,9,1.0891e+005,1.326,-0.337
15,36,9,1.0894e+005,1.417,0.172
15,36,9,1.0898e+005,0.869,0.115
15,36,9,1.0902e+005,0.342,0.029
15,36,9,1.0906e+005,0.148,-0.382
15,36,9,1.091e+005,0.094,-0.248
15,36,9,1.0914e+005,0.196,0.338
15,36,9,1.0918e+005,-0.086,-0.472
15,36,9,1.0922e+005,0.133,-0.469
15,36,9,1.0926e+005,0.276,-0.114
15,36,9,1.093e+005,0.517,0.244
15,36,9,1.0934e+005,0.484,-0.541
15,36,9,1.0937e+005,0.13,-0.159
15,36,9,1.0941e+005,-0.006,0.602
15,36,9,1.0945e+005,-0.337,-0.042
15,36,9,1.0949e+005,-0.867,0.024
15,36,9,1.0953e+005,-1.207,0.309
15,36,9,1.0957e+005,-1.528,0.083
15,36,9,1.0961e+005,-1.514,0.11
15,36,9,1.0965e+005,-1.928,-0.007
15,36,9,1.0969e+005,-1.685,0.208
15,36,9,1.0973e+005,-1.38,-0.505
15,36,9,1.0976e+005,-1.295,0.008
15,36,9,1.098e+005,-0.863,-0.251
15,36,9,1.0984e+005,-0.924,-0.231
15,36,9,1.0988e+005,-0.566,-0.012
15,36,9,1.0992e+005,-0.324,-0.279
15,36,9,1.0996e+005,-0.025,0.184
15,36,9,1.1e+005,-0.109,0.025
15,36,9,1.1004e+005,0.336,0.009
15,36,9,1.1008e+005,-0.005,0.144
15,36,9,1.1012e+005,0.299,-0.15
15,36,9,1.1016e+005,0.06,-0.131
15,36,9,1.102e+005,0.129,0.105
15,36,9,1.1023e+005,-0.119,-0.145
15,36,9,1.1027e+005,-0.014,-0.257
15,36,9,1.1031e+005,-0.134,-0.438
15,36,9,1.1035e+005,-0.007,0.192
15,36,9,1.1039e+005,-0.482,0.158
15,36,9,1.1043e+005,-0.473,-0.015
15,36,9,1.1047e+005,-0.691,-0.102
15,36,9,1.1051e+005,-0.634,0.097
15,36,9,1.1055e+005,-0.812,0.201
15,36,9,1.1058e+005,-0.706,-0.088
15,36,9,1.1062e+005,-0.544,0.056
15,36,9,1.1066e+005,-0.289,0.059
15,36,9,1.107e+005,-0.202,0.02
15,36,9,1.1074e+005,0.067,0.185
15,36,9,1.1078e+005,0.156,0.053
15,36,9,1.1082e+005,-0.017,0.37
15,36,9,1.1086e+005,-0.145,0.146
15,36,9,1.109e+005,-0.254,-0.232
15,36,9,1.1094e+005,-0.268,0.191
15,36,9,1.1098e+005,-0.311,0.222
15,36,9,1.1102e+005,-0.306,0.17
15,36,9,1.1105e+005,-0.089,-0.168
15,36,9,1.1109e+005,0.379,-0.308
15,36,9,1.1113e+005,0.477,0.267
15,36,9,1.1117e+005,0.396,-0.03
15,36,9,1.1121e+005,0.372,0.085
15,36,9,1.1125e+005,0.468,-0.334
15,36,9,1.1129e+005,-0.055,0.331
15,36,9,1.1133e+005,-0.219,0.181
15,36,9,1.1137e+005,-0.315,0.254
15,36,9,1.1141e+005,0.072,-0.484
15,36,9,1.1144e+005,-0.118,-0.267
15,36,9,1.1148e+005,0.074,0.515
15,36,9,1.1152e+005,-0.018,-0.102
15,36,9,1.1156e+005,0.275,0.186
15,36,9,1.116e+005,0.722,-0.556
15,36,9,1.1164e+005,0.371,-0.265
15,36,9,1.1168e+005,-0.104,0.107
15,36,9,1.1172e+005,-0.098,-0.499
15,36,9,1.1176e+005,-0.283,0.37
15,36,9,1.118e+005,-0.395,0.145
15,36,9,1.1184e+005,-0.318,-0.699
15,36,9,1.1187e+005,-0.572,0.311
15,36,9,1.1191e+005,-0.156,0.06
15,36,9,1.1195e+005,-0.037,0.352
15,36,9,1.1199e+005,0.472,-0.536
15,36,9,1.1203e+005,0.602,-0.149
15,36,9,1.1207e+005,0.68,0.135
15,36,9,1.1211e+005,1.069,-0.574
15,36,9,1.1215e+005,0.166,0.985
15,36,9,1.1219e+005,0.663,-0.519
15,36,9,1.1223e+005,-0.001,-0.631
15,36,9,1.1226e+005,0.227,0.416
15,36,9,1.123e+005,-0.766,-0.1
15,36,9,1.1234e+005,-0.283,0.095
15,36,9,1.1238e+005,-0.376,-0.352
15,36,9,1.1242e+005,0.556,-0.238
15,36,9,1.1246e+005,0.403,-0.115
15,36,9,1.125e+005,0.546,-0.074
15,36,9,1.1254e+005,0.754,0.158
15,36,9,1.1258e+005,0.813,0.01
15,36,9,1.1262e+005,1.012,-0.734
15,36,9,1.1266e+005,0.273,0.531
15,36,9,1.127e+005,0.482,0.087
15,36,9,1.1273e+005,-0.064,0.071
15,36,9,1.1277e+005,0.668,-0.179
15,36,9,1.1281e+005,0.148,-0.443
15,36,9,1.1285e+005,0.914,0.079
15,36,9,1.1289e+005,0.999,-0.383
15,36,9,1.1293e+005,1.423,-0.156
15,36,9,1.1297e+005,1.719,-0.289
15,36,9,1.1301e+005,1.579,-0.596
15,36,9,1.1305e+005,1.464,0.33
15,36,9,1.1308e+005,0.749,0.091
15,36,9,1.1312e+005,0.329,0.211
15,36,9,1.1316e+005,-0.432,-0.017
15,36,9,1.132e+005,-0.8,0.146
15,36,9,1.1324e+005,-1.486,0.787
15,36,9,1.1328e+005,-1.316,-0.159
15,36,9,1.1332e+005,-1.395,-0.299
15,36,9,1.1336e+005,-0.669,-0.099
15,36,9,1.134e+005,-0.723,-0.192
15,36,9,1.1344e+005,-0.569,0.083
15,36,9,1.1348e+005,-0.472,-0.164
15,36,9,1.1352e+005,-0.561,-0.082
15,36,9,1.1355e+005,-0.753,-0.271
15,36,9,1.1359e+005,-1.529,0.081
15,36,9,1.1363e+005,-1.682,-0.028
15,36,9,1.1367e+005,-2.441,-0.112
15,36,9,1.1371e+005,-2.112,0.197
15,36,9,1.1375e+005,-2.502,0.244
15,36,9,1.1379e+005,-1.769,0.316
15,36,9,1.1383e+005,-1.265,-0.27
15,36,9,1.1387e+005,-0.925,0.162
15,36,9,1.1391e+005,-0.368,-0.052
15,36,9,1.1394e+005,-0.234,-0.093
15,36,9,1.1398e+005,0.096,0.166
15,36,9,1.1402e+005,0.035,-0.449
15,36,9,1.1406e+005,-0.108,0.467
15,36,9,1.141e+005,-0.241,-0.001
15,36,9,1.1414e+005,-0.421,0.066
15,36,9,1.1418e+005,-0.101,-0.021
15,36,9,1.1422e+005,0.054,-0.105
15,36,9,1.1426e+005,-0.202,0.622
15,36,9,1.143e+005,0.085,-0.279
15,36,9,1.1434e+005,0.018,0.455
15,36,9,1.1437e+005,0.041,0.383
15,36,9,1.1441e+005,0.076,-0.479
15,36,9,1.1445e+005,-0.349,0.525
15,36,9,1.1449e+005,-0.254,-0.211
15,36,9,1.1453e+005,-0.462,0.179
15,36,9,1.1457e+005,-0.652,0.103
15,36,9,1.1461e+005,-0.598,-0.576
15,36,9,1.1465e+005,-0.527,0.479
15,36,9,1.1469e+005,-0.378,0.28
15,36,9,1.1473e+005,0.334,-0.042
15,36,9,1.1476e+005,0.118,0.212
15,36,9,1.148e+005,0.977,-0.22
15,36,9,1.1484e+005,0.623,0.677
15,36,9,1.1488e+005,1.037,0.264
15,36,9,1.1492e+005,0.837,-0.35
15,36,9,1.1496e+005,0.965,0.34
15,36,9,1.15e+005,0.374,-0.2
15,36,9,1.1504e+005,0.227,0.259
15,36,9,1.1508e+005,-0.013,-0.547
15,36,9,1.1512e+005,-0.167,-0.176
15,36,9,1.1516e+005,-0.293,0.157
15,36,9,1.152e+005,-0.518,-0.528
15,36,9,1.1523e+005,-0.583,0.651
15,36,9,1.1527e+005,-0.41,-0.551
15,36,9,1.1531e+005,-0.352,-0.472
15,36,9,1.1535e+005,0.05,0.042
15,36,9,1.1539e+005,-0.112,-0.486
15,36,9,1.1543e+005,-0.902,0.678
15,36,9,1.1547e+005,-0.206,-0.753
15,36,9,1.1551e+005,0.257,-1.076
15,36,9,1.1555e+005,0.534,0.558
15,36,9,1.1558e+005,0.435,-0.752
15,36,9,1.1562e+005,0.246,0.116
15,36,9,1.1566e+005,0.268,0.03
15,36,9,1.157e+005,0.558,-0.724
15,36,9,1.1574e+005,0.072,0.205
15,36,9,1.1578e+005,-0.493,0.768
15,36,9,1.1582e+005,-0.654,-0.034
15,36,9,1.1586e+005,-0.987,-0.325
15,36,9,1.159e+005,-1.143,0.4
15,36,9,1.1594e+005,-1.156,-0.521
15,36,9,1.1598e+005,-0.997,0.337
15,36,9,1.1602e+005,-1.299,0.123
15,36,9,1.1605e+005,-0.738,-0.231
15,36,9,1.1609e+005,-1.061,0.231
15,36,9,1.1613e+005,-0.146,-1.21
15,36,9,1.1617e+005,-0.54,0.298
15,36,9,1.1621e+005,-0.545,0.711
15,36,9,1.1625e+005,-0.27,-1.253
15,36,9,1.1629e+005,-0.488,0.384
15,36,9,1.1633e+005,-0.017,-0.377
15,36,9,1.1637e+005,-0.1,-0.099
15,36,9,1.1641e+005,-0.001,0.865
15,36,9,1.1644e+005,0.096,-0.931
15,36,9,1.1648e+005,0.415,0.358
15,36,9,1.1652e+005,-0.003,0.384
15,36,9,1.1656e+005,0.099,-0.37
15,36,9,1.166e+005,-0.267,0.475
15,36,9,1.1664e+005,-0.361,-0.533
15,36,9,1.1668e+005,-0.322,-0.232
15,36,9,1.1672e+005,-0.651,0.207
15,36,9,1.1676e+005,-0.271,-0.788
15,36,9,1.168e+005,0.038,-0.273
15,36,9,1.1684e+005,-0.38,-0.019
15,36,9,1.1687e+005,-0.02,-0.51
15,36,9,1.1691e+005,-0.543,0.434
15,36,9,1.1695e+005,-0.079,0.105
15,36,9,1.1699e+005,-0.498,-0.269
15,36,9,1.1703e+005,-0.663,0.568
15,36,9,1.1707e+005,-0.409,-0.106
15,36,9,1.1711e+005,-0.411,0.476
15,36,9,1.1715e+005,-0.503,-0.135
15,36,9,1.1719e+005,-0.255,-0.861
15,36,9,1.1723e+005,-0.291,0.367
15,36,9,1.1726e+005,-0.294,0.083
15,36,9,1.173e+005,-0.71,-0.132
15,36,9,1.1734e+005,-0.909,-0.203
15,36,9,1.1738e+005,-0.554,-0.724
15,36,9,1.1742e+005,-0.454,0.205
15,36,9,1.1746e+005,-0.344,-0.25
15,36,9,1.175e+005,-0.025,-0.504
15,36,9,1.1754e+005,0.411,-0.091
15,36,9,1.1758e+005,0.635,-0.621
15,36,9,1.1762e+005,0.996,-0.234
15,36,9,1.1766e+005,0.754,0.14
15,36,9,1.177e+005,1.217,-0.151
15,36,9,1.1773e+005,0.881,-0.138
15,36,9,1.1777e+005,1.093,-0.261
15,36,9,1.1781e+005,1.045,-0.225
15,36,9,1.1785e+005,1.186,0.08
15,36,9,1.1789e+005,1.023,0.012
15,36,9,1.1793e+005,0.927,-0.559
15,36,9,1.1797e+005,0.771,-0.449
15,36,9,1.1801e+005,0.708,0.216
15,36,9,1.1805e+005,0.401,0.091
15,36,9,1.1808e+005,0.289,-0.128
15,36,9,1.1812e+005,-0.208,0.001
15,36,9,1.1816e+005,0.427,0.083
15,36,9,1.182e+005,0.073,-0.157
15,36,9,1.1824e+005,0.234,0.254
15,36,9,1.1828e+005,0.428,-0.636
15,36,9,1.1832e+005,0.244,0.149
15,36,9,1.1836e+005,0.852,-0.281
15,36,9,1.184e+005,0.359,-0.263
15,36,9,1.1844e+005,0.91,0.444
15,36,9,1.1848e+005,0.778,-0.393
15,36,9,1.1852e+005,0.904,0.314
15,36,9,1.1855e+005,0.45,-0.176
15,36,9,1.1859e+005,0.596,0.497
15,36,9,1.1863e+005,0.22,-0.155
15,36,9,1.1867e+005,-0.127,-0.176
15,36,9,1.1871e+005,-0.35,0.282
15,36,9,1.1875e+005,-0.381,-0.4
15,36,9,1.1879e+005,-0.424,0.419
15,36,9,1.1883e+005,-0.56,0.217
15,36,9,1.1887e+005,-0.456,-0.335
15,36,9,1.1891e+005,0.164,-0.112
15,36,9,1.1894e+005,-0.03,0.107
15,36,9,1.1898e+005,0.058,0.033
15,36,9,1.1902e+005,-0.247,-0.335
15,36,9,1.1906e+005,0.011,-0.197
15,36,9,1.191e+005,-0.525,0.155
15,36,9,1.1914e+005,-0.522,-0.35
15,36,9,1.1918e+005,-1.029,-0.094
15,36,9,1.1922e+005,-1.172,0.717
15,36,9,1.1926e+005,-1.26,0.479
15,36,9,1.193e+005,-0.942,0.083
15,36,9,1.1934e+005,-1.064,0.062
15,36,9,1.1937e+005,-0.368,0.114
15,36,9,1.1941e+005,-0.533,0.079
15,36,9,1.1945e+005,-0.102,-0.103
15,36,9,1.1949e+005,-0.028,-0.589
15,36,9,1.1953e+005,0.196,-0.057
15,36,9,1.1957e+005,0.02,-0.167
15,36,9,1.1961e+005,-0.032,0.084
15,36,9,1.1965e+005,-0.111,0.152
15,36,9,1.1969e+005,0.256,-0.286
15,36,9,1.1973e+005,0.406,0.003
15,36,9,1.1976e+005,0.608,-0.393
15,36,9,1.198e+005,0.687,0.063
15,36,9,1.1984e+005,0.742,0.352
15,36,9,1.1988e+005,1.044,-0.471
15,36,9,1.1992e+005,1.145,-0.075
15,36,9,1.1996e+005,1.092,0.284
15,36,9,1.2e+005,0.779,0.507
15,36,9,1.2004e+005,0.66,-0.072
15,36,9,1.2008e+005,0.637,-0.171
15,36,9,1.2012e+005,0.775,0.088
15,36,9,1.2016e+005,0.353,-0.049
15,36,9,1.202e+005,0.294,0.147
15,36,9,1.2023e+005,0.809,-0.303
15,36,9,1.2027e+005,0.877,0.101
15,36,9,1.2031e+005,0.887,-0.17
15,36,9,1.2035e+005,0.74,-0.292
15,36,9,1.2039e+005,0.671,0.368
15,36,9,1.2043e+005,0.702,0.031
15,36,9,1.2047e+005,0.422,0.359
15,36,9,1.2051e+005,0.487,0.23
15,36,9,1.2055e+005,0.411,-0.38
15,36,9,1.2058e+005,0.669,0.029
15,36,9,1.2062e+005,0.883,-0.611
15,36,9,1.2066e+005,0.702,-0.25
15,36,9,1.207e+005,0.512,0.273
15,36,9,1.2074e+005,0.092,-0.22
15,36,9,1.2078e+005,-0.225,-0.039
15,36,9,1.2082e+005,-0.157,-0.447
15,36,9,1.2086e+005,-0.394,0.364
15,36,9,1.209e+005,-0.51,0.359
15,36,9,1.2094e+005,-0.662,0.042
15,36,9,1.2098e+005,-0.092,-0.004
15,36,9,1.2102e+005,-0.003,-0.555
15,36,9,1.2105e+005,0.659,-0.144
15,36,9,1.2109e+005,-0.098,0.368
15,36,9,1.2113e+005,0.056,0.289
15,36,9,1.2117e+005,0.002,-0.731
15,36,9,1.2121e+005,0.275,0.264
15,36,9,1.2125e+005,0.365,0.064
15,36,9,1.2129e+005,-0.235,0.196
15,36,9,1.2133e+005,-0.046,0.124
15,36,9,1.2137e+005,0.017,-0.406
15,36,9,1.2141e+005,0.527,-0.086
15,36,9,1.2144e+005,0.263,-0.269
15,36,9,1.2148e+005,0.544,0.181
15,36,9,1.2152e+005,0.195,0.499
15,36,9,1.2156e+005,0.772,-0.551
15,36,9,1.216e+005,0.566,-0.467
15,36,9,1.2164e+005,0.883,0.043
15,36,9,1.2168e+005,0.603,-0.328
15,36,9,1.2172e+005,0.614,0.502
15,36,9,1.2176e+005,0.574,-0.479
15,36,9,1.218e+005,0.714,-0.483
15,36,9,1.2184e+005,1.067,-0.896
15,36,9,1.2187e+005,1.166,-0.566
15,36,9,1.2191e+005,1.668,-0.166
15,36,9,1.2195e+005,1.433,-0.987
15,36,9,1.2199e+005,2.144,-0.705
15,36,9,1.2203e+005,1.53,-0.028
15,36,9,1.2207e+005,2.562,-0.75
15,36,9,1.2211e+005,1.564,-0.286
15,36,9,1.2215e+005,1.643,0.594
15,36,9,1.2219e+005,1.013,-0.601
15,36,9,1.2223e+005,0.384,0.663
15,36,9,1.2226e+005,-0.077,-0.358
15,36,9,1.223e+005,-0.558,0.188
15,36,9,1.2234e+005,-1.325,0.474
15,36,9,1.2238e+005,-1.647,-0.569
15,36,9,1.2242e+005,-1.7,0.222
15,36,9,1.2246e+005,-1.467,0.024
15,36,9,1.225e+005,-1.344,0.468
15,36,9,1.2254e+005,-1.267,-0.06
15,36,9,1.2258e+005,-0.945,-0.536
15,36,9,1.2262e+005,-0.611,0.156
15,36,9,1.2266e+005,-0.579,0.167
15,36,9,1.227e+005,-0.625,0.146
15,36,9,1.2273e+005,-0.568,0.403
15,36,9,1.2277e+005,-0.38,0.144
15,36,9,1.2281e+005,-0.203,-0.287
15,36,9,1.2285e+005,-0.46,0.384
15,36,9,1.2289e+005,-0.132,0.186
15,36,9,1.2293e+005,-0.161,0.308
15,36,9,1.2297e+005,0.178,-0.085
15,36,9,1.2301e+005,0.107,-0.064
15,36,9,1.2305e+005,-0.127,0.639
15,36,9,1.2308e+005,-0.154,-0.161
15,36,9,1.2312e+005,-0.078,0.168
15,36,9,1.2316e+005,-0.335,0.481
15,36,9,1.232e+005,-0.57,0.01
15,36,9,1.2324e+005,-0.75,0.141
15,36,9,1.2328e+005,-0.325,0.024
15,36,9,1.2332e+005,0.021,0.103
15,36,9,1.2336e+005,0.346,-0.175
15,36,9,1.234e+005,0.346,-0.244
15,36,9,1.2344e+005,0.762,0.329
15,36,9,1.2348e+005,1.052,-0.4
15,36,9,1.2352e+005,1.074,-0.712
15,36,9,1.2355e+005,0.828,-0.191
15,36,9,1.2359e+005,0.616,-0.01
15,36,9,1.2363e+005,0.61,-0.024
15,36,9,1.2367e+005,0.085,0.046
15,36,9,1.2371e+005,0.317,-0.206
15,36,9,1.2375e+005,0.088,0.207
15,36,9,1.2379e+005,0.512,0.171
15,36,9,1.2383e+005,0.169,-0.013
15,36,9,1.2387e+005,0.053,0.593
15,36,9,1.2391e+005,0.044,-0.383
15,36,9,1.2394e+005,0.6,-0.503
15,36,9,1.2398e+005,0.368,0.218
15,36,9,1.2402e+005,0.764,-0.256
15,36,9,1.2406e+005,0.787,-0.836
15,36,9,1.241e+005,1.322,-0.09
15,36,9,1.2414e+005,1.6,-0.512
15,36,9,1.2418e+005,1.87,-0.237
15,36,9,1.2422e+005,2.046,-0.342
15,36,9,1.2426e+005,1.976,0.258
15,36,9,1.243e+005,2.026,0.19
15,36,9,1.2434e+005,1.556,-0.475
15,36,9,1.2437e+005,1.287,0.074
15,36,9,1.2441e+005,0.736,-0.035
15,36,9,1.2445e+005,0.812,0.103
15,36,9,1.2449e+005,0.724,0.072
15,36,9,1.2453e+005,0.425,0.589
15,36,9,1.2457e+005,0.449,0.217
15,36,9,1.2461e+005,0.346,0.119
15,36,9,1.2465e+005,0.522,0.639
15,36,9,1.2469e+005,0.234,0.242
15,36,9,1.2473e+005,-0.244,0.126
15,36,9,1.2476e+005,-0.971,0.201
15,36,9,1.248e+005,-1.046,0.587
15,36,9,1.2484e+005,-1.565,0.367
15,36,9,1.2488e+005,-1.392,-0.135
15,36,9,1.2492e+005,-1.373,-0.095
15,36,9,1.2496e+005,-0.359,-0.189
15,36,9,1.25e+005,-0.465,-0.433
15,36,9,1.2504e+005,0.368,0.159
15,36,9,1.2508e+005,0.14,0.026
15,36,9,1.2512e+005,0.568,0.34
15,36,9,1.2516e+005,0.003,-0.034
15,36,9,1.252e+005,0.095,0.142
15,36,9,1.2523e+005,-0.674,0.362
15,36,9,1.2527e+005,-0.564,-0.098
15,36,9,1.2531e+005,-0.346,-0.184
15,36,9,1.2535e+005,-0.301,0.5
15,36,9,1.2539e+005,-0.074,0.137
15,36,9,1.2543e+005,0.486,-0.413
15,36,9,1.2547e+005,0.655,0.094
15,36,9,1.2551e+005,0.572,0.322
15,36,9,1.2555e+005,0.613,-0.4
15,36,9,1.2558e+005,0.05,-0.219
15,36,9,1.2562e+005,0.16,-0.022
15,36,9,1.2566e+005,-0.569,0.097
15,36,9,1.257e+005,-0.832,0.287
15,36,9,1.2574e+005,-1.054,-0.458
15,36,9,1.2578e+005,-1.606,0.51
15,36,9,1.2582e+005,-1.426,-0.374
15,36,9,1.2586e+005,-2.18,-0.079
15,36,9,1.259e+005,-2.505,0.997
15,36,9,1.2594e+005,-2.646,-0.259
15,36,9,1.2598e+005,-2.625,-0.059
15,36,9,1.2602e+005,-2.63,-0.054
15,36,9,1.2605e+005,-2.272,-0.222
15,36,9,1.2609e+005,-2.063,-0.273
15,36,9,1.2613e+005,-1.887,-0.224
15,36,9,1.2617e+005,-1.561,-0.09
15,36,9,1.2621e+005,-1.323,-0.152
15,36,9,1.2625e+005,-0.803,0.022
15,36,9,1.2629e+005,-0.648,0.624
15,36,9,1.2633e+005,-0.352,0.635
15,36,9,1.2637e+005,0.235,-0.288
15,36,9,1.2641e+005,0.731,-0.388
15,36,9,1.2644e+005,0.789,0.369
15,36,9,1.2648e+005,0.653,0.404
15,36,9,1.2652e+005,0.362,-0.178
15,36,9,1.2656e+005,0.266,0.012
15,36,9,1.266e+005,-0.093,-0.014
15,36,9,1.2664e+005,-0.686,0.298
15,36,9,1.2668e+005,-0.809,-0.29
15,36,9,1.2672e+005,-1.141,0.026
15,36,9,1.2676e+005,-0.953,0.248
15,36,9,1.268e+005,-1.071,-0.621
15,36,9,1.2684e+005,-1.166,0.323
15,36,9,1.2687e+005,-1.094,0.387
15,36,9,1.2691e+005,-1.219,0.398
15,36,9,1.2695e+005,-0.618,-0.298
15,36,9,1.2699e+005,-1.292,0.085
15,36,9,1.2703e+005,-0.09,0.34
15,36,9,1.2707e+005,-1.063,-0.059
15,36,9,1.2711e+005,0.231,0.167
15,36,9,1.2715e+005,-0.158,-0.538
15,36,9,1.2719e+005,0.227,0.741
15,36,9,1.2723e+005,0.184,-0.981
15,36,9,1.2726e+005,-0.046,0.508
15,36,9,1.273e+005,0.284,0.134
15,36,9,1.2734e+005,-0.022,-0.298
15,36,9,1.2738e+005,0.075,0.152
15,36,9,1.2742e+005,-0.029,-0.09
15,36,9,1.2746e+005,0.34,0.305
15,36,9,1.275e+005,-0.066,-0.216
15,36,9,1.2754e+005,0.181,0.312
15,36,9,1.2758e+005,-0.297,0.06
15,36,9,1.2762e+005,0.393,-0.629
15,36,9,1.2766e+005,-0.175,0.163
15,36,9,1.277e+005,0.436,0.107
15,36,9,1.2773e+005,-0.112,-0.633
15,36,9,1.2777e+005,0.042,0.486
15,36,9,1.2781e+005,0.064,-0.915
15,36,9,1.2785e+005,0.011,0.191
15,36,9,1.2789e+005,-0.363,0.246
15,36,9,1.2793e+005,0.115,-0.752
15,36,9,1.2797e+005,-0.591,1.004
15,36,9,1.2801e+005,0.166,-1.25
15,36,9,1.2805e+005,-0.027,-0.113
15,36,9,1.2808e+005,0.52,0.382
15,36,9,1.2812e+005,0.388,-0.722
15,36,9,1.2816e+005,0.734,0.829
15,36,9,1.282e+005,0.572,-0.716
15,36,9,1.2824e+005,1.183,-0.24
15,36,9,1.2828e+005,0.964,-0.159
15,36,9,1.2832e+005,1.173,-0.39
15,36,9,1.2836e+005,1.519,-0.417
15,36,9,1.284e+005,1.095,0.277
15,36,9,1.2844e+005,1.57,-0.54
15,36,9,1.2848e+005,0.962,-0.583
15,36,9,1.2852e+005,0.753,0.163
15,36,9,1.2855e+005,-0.368,0.329
15,36,9,1.2859e+005,-0.914,0.657
15,36,9,1.2863e+005,-1.739,-0.352
15,36,9,1.2867e+005,-1.609,0.345
15,36,9,1.2871e+005,-2.312,0.512
15,36,9,1.2875e+005,-2.25,0.207
15,36,9,1.2879e+005,-2.267,-0.119
15,36,9,1.2883e+005,-1.005,-0.414
15,36,9,1.2887e+005,-0.971,0.21
15,36,9,1.2891e+005,-0.473,0.324
15,36,9,1.2894e+005,-0.701,-0.308
15,36,9,1.2898e+005,0.231,-0.254
15,36,9,1.2902e+005,0.59,-0.258
15,36,9,1.2906e+005,0.164,0.481
15,36,9,1.291e+005,0.551,-0.322
15,36,9,1.2914e+005,0.377,-0.079
15,36,9,1.2918e+005,0.803,0.652
15,36,9,1.2922e+005,0.693,-0.605
15,36,9,1.2926e+005,0.659,-0.02
15,36,9,1.293e+005,0.51,0.256
15,36,9,1.2934e+005,0.488,-0.004
15,36,9,1.2937e+005,0.332,-0.234
15,36,9,1.2941e+005,0.498,-0.402
15,36,9,1.2945e+005,0.693,-0.006
15,36,9,1.2949e+005,0.715,-0.112
15,36,9,1.2953e+005,0.465,-0.336
15,36,9,1.2957e+005,0.179,-0.428
15,36,9,1.2961e+005,0.172,-0.224
15,36,9,1.2965e+005,-0.203,0.358
15,36,9,1.2969e+005,-0.529,-0.077
15,36,9,1.2973e+005,-0.824,-0.034
15,36,9,1.2976e+005,-0.992,0.343
15,36,9,1.298e+005,-0.943,0.309
15,36,9,1.2984e+005,-0.618,0.335
15,36,9,1.2988e+005,-0.539,-0.012
15,36,9,1.2992e+005,-0.138,-0.159
15,36,9,1.2996e+005,-0.435,-0.02
15,36,9,1.3e+005,-0.296,0.059
15,36,9,1.3004e+005,-0.455,0.114
15,36,9,1.3008e+005,-0.299,-0.134
15,36,9,1.3012e+005,-0.38,-0.071
15,36,9,1.3016e+005,-0.482,0.1
15,36,9,1.302e+005,-0.538,-0.309
15,36,9,1.3023e+005,0.166,-0.208
15,36,9,1.3027e+005,0.168,-0.072
15,36,9,1.3031e+005,0.445,-0.026
15,36,9,1.3035e+005,0.245,-0.398
15,36,9,1.3039e+005,0.387,-0.463
15,36,9,1.3043e+005,0.03,0.515
15,36,9,1.3047e+005,-0.077,0.159
15,36,9,1.3051e+005,-0.826,-0.33
15,36,9,1.3055e+005,-0.635,0.287
15,36,9,1.3058e+005,-0.974,-0.386
15,36,9,1.3062e+005,-0.812,-0.191
15,36,9,1.3066e+005,-1.017,-0.026
15,36,9,1.307e+005,-0.597,0.096
15,36,9,1.3074e+005,-0.26,-0.432
15,36,9,1.3078e+005,-0.239,-0.207
15,36,9,1.3082e+005,0.256,-0.35
15,36,9,1.3086e+005,-0.084,0.135
15,36,9,1.309e+005,0.204,0.36
15,36,9,1.3094e+005,-0.323,-0.139
15,36,9,1.3098e+005,-0.531,0.576
15,36,9,1.3102e+005,-0.469,-0.323
15,36,9,1.3105e+005,-0.22,0.192
15,36,9,1.3109e+005,-0.034,0.485
15,36,9,1.3113e+005,0.25,-0.482
15,36,9,1.3117e+005,0.217,0.172
15,36,9,1.3121e+005,0.824,-0.38
15,36,9,1.3125e+005,0.702,-0.123
15,36,9,1.3129e+005,0.757,0.174
15,36,9,1.3133e+005,0.522,-0.678
15,36,9,1.3137e+005,0.559,0.462
15,36,9,1.3141e+005,0.446,0.244
15,36,9,1.3144e+005,0.5,-0.173
15,36,9,1.3148e+005,0.391,0.208
15,36,9,1.3152e+005,0.671,-0.391
15,36,9,1.3156e+005,0.611,-0.027
15,36,9,1.316e+005,0.304,0.46
15,36,9,1.3164e+005,0.866,-0.7
15,36,9,1.3168e+005,0.476,-0.061
15,36,9,1.3172e+005,0.948,0.002
15,36,9,1.3176e+005,0.61,-0.377
15,36,9,1.318e+005,1.125,-0.154
15,36,9,1.3184e+005,1.404,-0.74
15,36,9,1.3187e+005,1.383,0.173
15,36,9,1.3191e+005,1.452,-0.514
15,36,9,1.3195e+005,1.054,-0.185
15,36,9,1.3199e+005,0.858,0.266
15,36,9,1.3203e+005,0.513,-0.44
15,36,9,1.3207e+005,-0.417,0.28
15,36,9,1.3211e+005,-0.401,0.122
15,36,9,1.3215e+005,-0.869,0.097
15,36,9,1.3219e+005,-0.64,0.509
15,36,9,1.3223e+005,-0.721,-0.496
15,36,9,1.3226e+005,-0.64,0.032
15,36,9,1.323e+005,-0.446,-0.01
15,36,9,1.3234e+005,-0.307,-0.304
15,36,9,1.3238e+005,-0.629,0.304
15,36,9,1.3242e+005,-0.575,-0.243
15,36,9,1.3246e+005,-0.551,0.079
15,36,9,1.325e+005,-0.406,0.001
15,36,9,1.3254e+005,-0.158,-0.23
15,36,9,1.3258e+005,-0.007,0.429
15,36,9,1.3262e+005,0.143,0.141
15,36,9,1.3266e+005,0.697,-0.28
15,36,9,1.327e+005,0.479,0.16
15,36,9,1.3273e+005,0.612,0.229
15,36,9,1.3277e+005,0.451,-0.249
15,36,9,1.3281e+005,0.108,0.424
15,36,9,1.3285e+005,-0.122,0.248
15,36,9,1.3289e+005,-0.296,-0.214
15,36,9,1.3293e+005,-0.306,-0.141
15,36,9,1.3297e+005,-0.424,0.177
15,36,9,1.3301e+005,-0.372,0.291
15,36,9,1.3305e+005,-0.039,-0.266
15,36,9,1.3308e+005,0.175,-0.528
15,36,9,1.3312e+005,0.307,0.079
15,36,9,1.3316e+005,0.55,-0.104
15,36,9,1.332e+005,0.603,-0.289
15,36,9,1.3324e+005,0.736,-0.159
15,36,9,1.3328e+005,0.563,0.19
15,36,9,1.3332e+005,0.464,0.323
15,36,9,1.3336e+005,0.384,0.071
15,36,9,1.334e+005,-0.041,0.656
15,36,9,1.3344e+005,0.123,-0.378
15,36,9,1.3348e+005,0.172,-0.398
15,36,9,1.3352e+005,0.036,0.532
15,36,9,1.3355e+005,0.004,0.283
15,36,9,1.3359e+005,0.022,0.037
15,36,9,1.3363e+005,0.233,-0.401
15,36,9,1.3367e+005,0.216,0.051
15,36,9,1.3371e+005,0.027,0.406
15,36,9,1.3375e+005,-0.016,-0.099
15,36,9,1.3379e+005,0.119,-0.482
15,36,9,1.3383e+005,0.145,0.105
15,36,9,1.3387e+005,-0.15,0.065
15,36,9,1.3391e+005,0.141,-0.74
15,36,9,1.3394e+005,-0.05,-0.054
15,36,9,1.3398e+005,0.342,-0.098
15,36,9,1.3402e+005,-0.106,-0.453
15,36,9,1.3406e+005,-0.404,0.48
15,36,9,1.341e+005,-0.215,-0.304
15,36,9,1.3414e+005,-0.437,0.08
15,36,9,1.3418e+005,-0.224,-0.203
15,36,9,1.3422e+005,-0.665,-0.085
15,36,9,1.3426e+005,-0.544,0.084
15,36,9,1.343e+005,-0.164,-0.532
15,36,9,1.3434e+005,-0.38,0.754
15,36,9,1.3437e+005,0.185,-0.569
15,36,9,1.3441e+005,0.171,-0.182
15,36,9,1.3445e+005,0.479,0.282
15,36,9,1.3449e+005,0.839,-0.914
15,36,9,1.3453e+005,0.874,0.009
15,36,9,1.3457e+005,1.098,-0.362
15,36,9,1.3461e+005,1.139,-0.023
15,36,9,1.3465e+005,0.922,0.148
15,36,9,1.3469e+005,1.127,-0.84
15,36,9,1.3473e+005,0.79,0.077
15,36,9,1.3476e+005,0.792,-0.044
15,36,9,1.348e+005,0.739,-0.494
15,36,9,1.3484e+005,0.604,0.484
15,36,9,1.3488e+005,0.599,-0.51
15,36,9,1.3492e+005,0.626,-0.263
15,36,9,1.3496e+005,0.743,-0.069
15,36,9,1.35e+005,0.687,0.026
15,36,9,1.3504e+005,0.884,0.02
15,36,9,1.3508e+005,0.71,-0.868
15,36,9,1.3512e+005,0.778,-0.237
15,36,9,1.3516e+005,0.268,0.024
15,36,9,1.352e+005,0.173,0.008
15,36,9,1.3523e+005,0.235,0.182
15,36,9,1.3527e+005,-0.01,0.132
15,36,9,1.3531e+005,-0.457,0.536
15,36,9,1.3535e+005,-0.33,-0.179
15,36,9,1.3539e+005,-0.607,0.238
15,36,9,1.3543e+005,-0.272,0.338
15,36,9,1.3547e+005,-0.686,-0.172
15,36,9,1.3551e+005,-0.527,-0.28
15,36,9,1.3555e+005,-0.732,-0.134
15,36,9,1.3558e+005,-0.334,-0.269
15,36,9,1.3562e+005,-0.605,-0.327
15,36,9,1.3566e+005,-0.469,0.275
15,36,9,1.357e+005,-0.395,-0.427
15,36,9,1.3574e+005,-0.404,0.263
15,36,9,1.3578e+005,-0.108,0.146
15,36,9,1.3582e+005,-0.241,0.209
15,36,9,1.3586e+005,0.585,0.446
15,36,9,1.359e+005,0.556,0.114
15,36,9,1.3594e+005,0.625,0.989
15,36,9,1.3598e+005,1.006,-0.191
15,36,9,1.3602e+005,1.159,-0.054
15,36,9,1.3605e+005,1.29,0.496
15,36,9,1.3609e+005,1.215,-0.226
15,36,9,1.3613e+005,1.216,0.074
15,36,9,1.3617e+005,1.27,-0.449
15,36,9,1.3621e+005,1.413,-0.368
15,36,9,1.3625e+005,1.408,-0.176
15,36,9,1.3629e+005,1.7,-0.793
15,36,9,1.3633e+005,1.746,-0.156
15,36,9,1.3637e+005,1.726,-0.17
15,36,9,1.3641e+005,1.496,-0.359
15,36,9,1.3644e+005,1.556,-0.651
15,36,9,1.3648e+005,1.614,-0.38
15,36,9,1.3652e+005,1.195,0.597
15,36,9,1.3656e+005,0.475,0.137
15,36,9,1.366e+005,-0.035,-0.129
15,36,9,1.3664e+005,-0.201,0.077
15,36,9,1.3668e+005,-0.456,0.296
15,36,9,1.3672e+005,-1.105,0.375
15,36,9,1.3676e+005,-2.204,0.679
15,36,9,1.368e+005,-2.086,0.048
15,36,9,1.3684e+005,-2.576,0.021
15,36,9,1.3687e+005,-2.241,0.207
15,36,9,1.3691e+005,-2.518,0.135
15,36,9,1.3695e+005,-2.492,0.799
15,36,9,1.3699e+005,-2.363,-0.327
15,36,9,1.3703e+005,-1.583,-0.356
15,36,9,1.3707e+005,-1.398,-0.092
15,36,9,1.3711e+005,-0.678,-0.297
15,36,9,1.3715e+005,-0.91,0.597
15,36,9,1.3719e+005,-0.523,0.246
15,36,9,1.3723e+005,-0.629,-0.164
15,36,9,1.3726e+005,-0.037,0.102
15,36,9,1.373e+005,-0.053,0.034
15,36,9,1.3734e+005,0.515,0.51
15,36,9,1.3738e+005,-0.054,0.597
15,36,9,1.3742e+005,0.12,0.228
15,36,9,1.3746e+005,0.064,-0.395
15,36,9,1.375e+005,0.38,0.381
15,36,9,1.3754e+005,0.495,0.136
15,36,9,1.3758e+005,-0.035,0.414
15,36,9,1.3762e+005,-0.009,-0.037
15,36,9,1.3766e+005,-0.18,-0.403
15,36,9,1.377e+005,0.173,-0.1
15,36,9,1.3773e+005,-0.134,-0.01
15,36,9,1.3777e+005,0.158,-0.012
15,36,9,1.3781e+005,-0.391,0.249
15,36,9,1.3785e+005,-0.423,-0.402
15,36,9,1.3789e+005,-0.248,-0.535
15,36,9,1.3793e+005,-0.572,0.729
15,36,9,1.3797e+005,-0.504,0.034
15,36,9,1.3801e+005,-0.981,-0.004
15,36,9,1.3805e+005,-0.805,0.08
15,36,9,1.3808e+005,-0.653,-0.302
15,36,9,1.3812e+005,-0.992,0.079
15,36,9,1.3816e+005,-0.442,-0.43
15,36,9,1.382e+005,-0.669,0.365
15,36,9,1.3824e+005,-0.117,0.182
15,36,9,1.3828e+005,-0.163,-0.786
15,36,9,1.3832e+005,-0.239,0.629
15,36,9,1.3836e+005,-0.022,-0.227
15,36,9,1.384e+005,0.02,0.009
15,36,9,1.3844e+005,-0.106,0.069
15,36,9,1.3848e+005,-0.097,-0.14
15,36,9,1.3852e+005,-0.314,0.624
15,36,9,1.3855e+005,-0.221,-0.092
15,36,9,1.3859e+005,0.168,0.374
15,36,9,1.3863e+005,-0.075,0.094
15,36,9,1.3867e+005,0.452,-0.593
15,36,9,1.3871e+005,-0.213,0.423
15,36,9,1.3875e+005,0.244,-0.016
15,36,9,1.3879e+005,-0.444,-0.386
15,36,9,1.3883e+005,-0.606,-0.321
15,36,9,1.3887e+005,-1.059,-0.119
15,36,9,1.3891e+005,-1.417,0.82
15,36,9,1.3894e+005,-1.146,-0.527
15,36,9,1.3898e+005,-1.252,0.341
15,36,9,1.3902e+005,-0.957,0.279
15,36,9,1.3906e+005,-0.534,-0.8
15,36,9,1.391e+005,-0.716,0.685
15,36,9,1.3914e+005,-0.392,0.122
15,36,9,1.3918e+005,-0.376,-0.194
15,36,9,1.3922e+005,-0.294,0.226
15,36,9,1.3926e+005,-0.174,-0.215
15,36,9,1.393e+005,-0.266,0.306
15,36,9,1.3934e+005,0.06,-0.377
15,36,9,1.3937e+005,0.182,-0.125
15,36,9,1.3941e+005,0.28,0.108
15,36,9,1.3945e+005,0.131,-0.246
15,36,9,1.3949e+005,0.092,-0.139
15,36,9,1.3953e+005,0.141,-0.104
15,36,9,1.3957e+005,0.166,0.002
15,36,9,1.3961e+005,-0.025,-0.134
15,36,9,1.3965e+005,-0.198,-0.244
15,36,9,1.3969e+005,-0.125,-0.384
15,36,9,1.3973e+005,-0.19,-0.234
15,36,9,1.3976e+005,0.039,-0.125
15,36,9,1.398e+005,-0.44,0.081
15,36,9,1.3984e+005,-0.271,0.092
15,36,9,1.3988e+005,-0.135,0.082
15,36,9,1.3992e+005,-0.124,-0.042
15,36,9,1.3996e+005,0.199,-0.027
15,36,9,1.4e+005,0.183,0.038
15,36,9,1.4004e+005,0.35,0.192
15,36,9,1.4008e+005,0.451,-0.095
15,36,9,1.4012e+005,0.88,-0.425
15,36,9,1.4016e+005,0.484,0.248
15,36,9,1.402e+005,0.568,0.091
15,36,9,1.4023e+005,0.36,-0.251
15,36,9,1.4027e+005,0.408,0.102
15,36,9,1.4031e+005,0.262,-0.433
15,36,9,1.4035e+005,0.335,-0.27
15,36,9,1.4039e+005,0.429,0.514
15,36,9,1.4043e+005,0.307,0.158
15,36,9,1.4047e+005,1.004,-0.494
15,36,9,1.4051e+005,1.184,-0.588
15,36,9,1.4055e+005,0.694,0.566
15,36,9,1.4058e+005,0.909,-0.753
15,36,9,1.4062e+005,0.842,-0.564
15,36,9,1.4066e+005,0.683,0.396
15,36,9,1.407e+005,0.82,-0.536
15,36,9,1.4074e+005,1.292,-0.739
15,36,9,1.4078e+005,1.955,-0.596
15,36,9,1.4082e+005,2.646,-0.001
15,36,9,1.4086e+005,2.398,-0.229
15,36,9,1.409e+005,2.777,-0.408
15,36,9,1.4094e+005,2.182,0.382
15,36,9,1.4098e+005,1.998,0.295
15,36,9,1.4102e+005,0.778,-0.079
15,36,9,1.4105e+005,-0.377,0.855
15,36,9,1.4109e+005,-0.746,-0.006
15,36,9,1.4113e+005,-1.129,-0.231
15,36,9,1.4117e+005,-1.454,0.318
15,36,9,1.4121e+005,-1.267,-0.399
15,36,9,1.4125e+005,-0.959,0.034
15,36,9,1.4129e+005,-0.409,-0.055
15,36,9,1.4133e+005,0.116,-0.549
15,36,9,1.4137e+005,-0.105,0.232
15,36,9,1.4141e+005,0.21,-0.074
15,36,9,1.4144e+005,0.236,-0.012
15,36,9,1.4148e+005,0.148,0.08
15,36,9,1.4152e+005,0.092,0.441
15,36,9,1.4156e+005,0.367,0.267
15,36,9,1.416e+005,0.417,0.121
15,36,9,1.4164e+005,0.969,0.485
15,36,9,1.4168e+005,1.123,0.12
15,36,9,1.4172e+005,1.774,-0.035
15,36,9,1.4176e+005,1.707,0.419
15,36,9,1.418e+005,1.806,0.283
15,36,9,1.4184e+005,1.437,-0.054
15,36,9,1.4187e+005,1.216,-0.07
15,36,9,1.4191e+005,0.892,0.088
15,36,9,1.4195e+005,0.345,0.672
15,36,9,1.4199e+005,0.246,-0.209
15,36,9,1.4203e+005,-0.273,0.482
15,36,9,1.4207e+005,0.153,0.113
15,36,9,1.4211e+005,-0.014,-0.004
15,36,9,1.4215e+005,-0.212,0.625
15,36,9,1.4219e+005,-0.221,-0.428
15,36,9,1.4223e+005,-0.171,0.32
15,36,9,1.4226e+005,-0.526,-0.05
15,36,9,1.423e+005,-1.147,-0.382
15,36,9,1.4234e+005,-1.647,0.058
15,36,9,1.4238e+005,-2.089,0.131
15,36,9,1.4242e+005,-2.204,0.416
15,36,9,1.4246e+005,-2.466,-0.167
15,36,9,1.425e+005,-2.212,0.124
15,36,9,1.4254e+005,-1.463,-0.047
15,36,9,1.4258e+005,-0.555,-0.285
15,36,9,1.4262e+005,-0.066,0.237
15,36,9,1.4266e+005,0.69,-0.443
15,36,9,1.427e+005,1.197,-0.387
15,36,9,1.4273e+005,1.724,-0.169
15,36,9,1.4277e+005,1.739,-0.398
15,36,9,1.4281e+005,0.986,0.518
15,36,9,1.4285e+005,0.681,0.12
15,36,9,1.4289e+005,0.219,0.327
15,36,9,1.4293e+005,0.219,-0.103
15,36,9,1.4297e+005,0.068,-0.117
15,36,9,1.4301e+005,0.124,0.414
15,36,9,1.4305e+005,-0.019,-0.125
15,36,9,1.4308e+005,0.414,0.257
15,36,9,1.4312e+005,0.277,0.015
15,36,9,1.4316e+005,0.458,-0.293
15,36,9,1.432e+005,-0.157,-0.038
15,36,9,1.4324e+005,-0.337,-0.225
15,36,9,1.4328e+005,-1.173,0.241
15,36,9,1.4332e+005,-1.393,-0.05
15,36,9,1.4336e+005,-1.345,-0.441
15,36,9,1.434e+005,-1.429,0.329
15,36,9,1.4344e+005,-1.347,-0.28
15,36,9,1.4348e+005,-1.559,0.235
15,36,9,1.4352e+005,-1.095,0.289
15,36,9,1.4355e+005,-0.71,0.169
15,36,9,1.4359e+005,-0.194,0.192
15,36,9,1.4363e+005,-0.069,0.093
15,36,9,1.4367e+005,0.267,0.057
15,36,9,1.4371e+005,-0.008,0.175
15,36,9,1.4375e+005,0.249,-0.005
15,36,9,1.4379e+005,0.162,-0.005
15,36,9,1.4383e+005,-0.052,0.25
15,36,9,1.4387e+005,-0.075,-0.42
15,36,9,1.4391e+005,-0.322,-0.071
15,36,9,1.4394e+005,0.171,-0.246
15,36,9,1.4398e+005,0.184,-0.687
15,36,9,1.4402e+005,0.48,0.127
15,36,9,1.4406e+005,0.727,-0.543
15,36,9,1.441e+005,0.658,-0.124
15,36,9,1.4414e+005,0.874,0.096
15,36,9,1.4418e+005,0.418,-0.211
15,36,9,1.4422e+005,0.745,0.345
15,36,9,1.4426e+005,0.011,0.004
15,36,9,1.443e+005,0.176,0.184
15,36,9,1.4434e+005,-0.551,-0.163
15,36,9,1.4437e+005,-0.421,-0.47
15,36,9,1.4441e+005,-0.901,0.001
15,36,9,1.4445e+005,-1.189,0.06
15,36,9,1.4449e+005,-1.374,-0.038
15,36,9,1.4453e+005,-1.231,-0.089
15,36,9,1.4457e+005,-0.847,0.031
15,36,9,1.4461e+005,-0.295,-0.043
15,36,9,1.4465e+005,-0.109,-0.297
15,36,9,1.4469e+005,-0.116,-0.349
15,36,9,1.4473e+005,-0.022,-0.14
15,36,9,1.4476e+005,-0.516,-0.103
15,36,9,1.448e+005,-0.789,0.028
15,36,9,1.4484e+005,-1.08,0.539
15,36,9,1.4488e+005,-0.737,-0.486
15,36,9,1.4492e+005,-0.746,0.128
15,36,9,1.4496e+005,-0.202,0.57
15,36,9,1.45e+005,0.668,-0.107
15,36,9,1.4504e+005,1.096,-0.044
15,36,9,1.4508e+005,1.917,-0.456
15,36,9,1.4512e+005,1.562,-0.124
15,36,9,1.4516e+005,1.526,-0.368
15,36,9,1.452e+005,1.198,-0.43
15,36,9,1.4523e+005,0.883,0.424
15,36,9,1.4527e+005,0.259,-0.125
15,36,9,1.4531e+005,0.5,-0.91
15,36,9,1.4535e+005,0.249,-0.051
15,36,9,1.4539e+005,0.737,0.37
15,36,9,1.4543e+005,0.635,-0.464
15,36,9,1.4547e+005,0.438,0.185
15,36,9,1.4551e+005,0.506,0.19
15,36,9,1.4555e+005,0.016,-0.192
15,36,9,1.4558e+005,-0.434,0.178
15,36,9,1.4562e+005,-0.714,-0.177
15,36,9,1.4566e+005,-1.086,0.347
15,36,9,1.457e+005,-1.583,-0.105
15,36,9,1.4574e+005,-1.246,-0.775
15,36,9,1.4578e+005,-1.687,0.3
15,36,9,1.4582e+005,-1.035,-0.644
15,36,9,1.4586e+005,-1.383,-0.447
15,36,9,1.459e+005,-1.333,0.34
15,36,9,1.4594e+005,-1.066,-0.692
15,36,9,1.4598e+005,-1.288,0.619
15,36,9,1.4602e+005,-0.95,-0.084
15,36,9,1.4605e+005,-0.859,-0.354
15,36,9,1.4609e+005,-1.218,1.396
15,36,9,1.4613e+005,-1.007,-0.132
15,36,9,1.4617e+005,-1.36,0.579
15,36,9,1.4621e+005,-1.14,0.572
15,36,9,1.4625e+005,-0.846,-0.266
15,36,9,1.4629e+005,-0.92,1.171
15,36,9,1.4633e+005,-0.782,-0.15
15,36,9,1.4637e+005,-0.672,0.107
15,36,9,1.4641e+005,-0.224,-0.27
15,36,9,1.4644e+005,0.064,-0.38
15,36,9,1.4648e+005,-0.281,0.681
15,36,9,1.4652e+005,-0.397,-0.357
15,36,9,1.4656e+005,-0.813,-0.294
15,36,9,1.466e+005,-0.375,-0.107
15,36,9,1.4664e+005,-0.726,-0.123
15,36,9,1.4668e+005,-0.878,0.452
15,36,9,1.4672e+005,-1.021,-0.233
15,36,9,1.4676e+005,-0.418,0.129
15,36,9,1.468e+005,-0.021,-0.041
15,36,9,1.4684e+005,0.161,0.221
15,36,9,1.4687e+005,0.161,0.418
15,36,9,1.4691e+005,0.456,-0.131
15,36,9,1.4695e+005,0.841,0.067
15,36,9,1.4699e+005,0.239,0.273
15,36,9,1.4703e+005,0.331,0.425
15,36,9,1.4707e+005,0.137,-0.424
15,36,9,1.4711e+005,0.209,0.055
15,36,9,1.4715e+005,-0.182,0.337
15,36,9,1.4719e+005,0.11,-0.875
15,36,9,1.4723e+005,-0.5,0.664
15,36,9,1.4726e+005,0.388,-0.115
15,36,9,1.473e+005,-0.043,-0.745
15,36,9,1.4734e+005,0.577,-0.109
15,36,9,1.4738e+005,0.179,0.243
15,36,9,1.4742e+005,0.65,0.682
15,36,9,1.4746e+005,0.294,-0.488
15,36,9,1.475e+005,0.511,0.005
15,36,9,1.4754e+005,0.209,-0.028
15,36,9,1.4758e+005,-0.027,0.439
15,36,9,1.4762e+005,-0.046,0.064
15,36,9,1.4766e+005,-0.116,-0.219
15,36,9,1.477e+005,0.076,-0.13
15,36,9,1.4773e+005,0.116,-0.306
15,36,9,1.4777e+005,0.293,0.332
15,36,9,1.4781e+005,0.488,0.204
15,36,9,1.4785e+005,0.504,-0.081
15,36,9,1.4789e+005,0.684,-0.505
15,36,9,1.4793e+005,0.162,0.401
15,36,9,1.4797e+005,0.375,0.403
15,36,9,1.4801e+005,-0.1,-0.128
15,36,9,1.4805e+005,0.622,-0.541
15,36,9,1.4808e+005,-0.191,-0.021
15,36,9,1.4812e+005,0.496,-0.178
15,36,9,1.4816e+005,0.108,-0.553
15,36,9,1.482e+005,0.622,0.034
15,36,9,1.4824e+005,0.73,-0.869
15,36,9,1.4828e+005,0.794,-0.472
15,36,9,1.4832e+005,1.034,-0.27
15,36,9,1.4836e+005,0.458,0.189
15,36,9,1.484e+005,0.605,0.081
15,36,9,1.4844e+005,0.034,-1.01
15,36,9,1.4848e+005,-0.194,0.514
15,36,9,1.4852e+005,-0.739,0.198
15,36,9,1.4855e+005,-1.139,-0.09
15,36,9,1.4859e+005,-1.157,0.079
15,36,9,1.4863e+005,-0.854,-0.47
15,36,9,1.4867e+005,-0.409,0.139
15,36,9,1.4871e+005,-0.648,-0.11
15,36,9,1.4875e+005,-0.043,-0.126
15,36,9,1.4879e+005,0.114,-0.329
15,36,9,1.4883e+005,0.288,-0.558
15,36,9,1.4887e+005,-0.061,0.068
15,36,9,1.4891e+005,-0.746,0.684
15,36,9,1.4894e+005,-0.399,-0.171
15,36,9,1.4898e+005,-0.651,-0.251
15,36,9,1.4902e+005,-0.509,0.327
15,36,9,1.4906e+005,-0.582,-0.332
15,36,9,1.491e+005,-0.335,-0.069
15,36,9,1.4914e+005,0.008,0.123
15,36,9,1.4918e+005,0.269,0.055
15,36,9,1.4922e+005,0.326,-0.29
15,36,9,1.4926e+005,0.22,-0.315
15,36,9,1.493e+005,0.168,0.533
15,36,9,1.4934e+005,-0.19,0.132
15,36,9,1.4937e+005,-0.267,-0.532
15,36,9,1.4941e+005,-0.463,0.021
15,36,9,1.4945e+005,-0.219,0.066
15,36,9,1.4949e+005,-0.656,0.142
15,36,9,1.4953e+005,-0.322,-0.241
15,36,9,1.4957e+005,-0.512,-0.037
15,36,9,1.4961e+005,0.07,0.119
15,36,9,1.4965e+005,-0.103,-0.312
15,36,9,1.4969e+005,0.026,0.118
15,36,9,1.4973e+005,-0.185,-0.096
15,36,9,1.4976e+005,-0.078,0.304
15,36,9,1.498e+005,-0.115,-0.262
15,36,9,1.4984e+005,0.066,0.049
15,36,9,1.4988e+005,-0.05,0.377
15,36,9,1.4992e+005,0.035,-0.167
15,36,9,1.4996e+005,0.242,-0.028
15,36,9,1.5e+005,0.15,0.34
15,36,9,1.5004e+005,0.556,-0.016
15,36,9,1.5008e+005,-0.004,0.251
15,36,9,1.5012e+005,0.378,0.076
15,36,9,1.5016e+005,-0.052,-0.004
15,36,9,1.502e+005,0.227,0.294
15,36,9,1.5023e+005,0.32,-0.886
15,36,9,1.5027e+005,0.29,-0.09
15,36,9,1.5031e+005,0.212,-0.103
15,36,9,1.5035e+005,0.127,-0.493
15,36,9,1.5039e+005,0.371,-0.367
15,36,9,1.5043e+005,0.397,-0.379
15,36,9,1.5047e+005,0.654,-0.061
15,36,9,1.5051e+005,0.546,-0.275
15,36,9,1.5055e+005,0.384,-0.104
15,36,9,1.5058e+005,0.628,-0.542
15,36,9,1.5062e+005,0.519,-0.055
15,36,9,1.5066e+005,0.642,-0.078
15,36,9,1.507e+005,-0.071,0.286
15,36,9,1.5074e+005,-0.047,0.083
15,36,9,1.5078e+005,-0.23,-0.415
15,36,9,1.5082e+005,-0.336,0.368
15,36,9,1.5086e+005,-0.374,-0.506
15,36,9,1.509e+005,-0.143,-0.151
15,36,9,1.5094e+005,-0.186,0.149
15,36,9,1.5098e+005,0.303,-0.85
15,36,9,1.5102e+005,0.314,-0.449
15,36,9,1.5105e+005,0.556,-0.029
15,36,9,1.5109e+005,0.57,-0.056
15,36,9,1.5113e+005,0.103,0.341
15,36,9,1.5117e+005,-0.082,-0.385
15,36,9,1.5121e+005,0.099,-0.329
15,36,9,1.5125e+005,-0.04,0.391
15,36,9,1.5129e+005,-0.399,0.66
15,36,9,1.5133e+005,-0.2,-0.289
15,36,9,1.5137e+005,0.078,-0.73
15,36,9,1.5141e+005,0.922,-0.215
15,36,9,1.5144e+005,0.153,-0.109
15,36,9,1.5148e+005,0.367,-0.276
15,36,9,1.5152e+005,0.048,-0.728
15,36,9,1.5156e+005,0.027,0.489
15,36,9,1.516e+005,-0.597,-0.045
15,36,9,1.5164e+005,-1.094,0.075
15,36,9,1.5168e+005,-1.633,0.507
15,36,9,1.5172e+005,-1.342,0.016
15,36,9,1.5176e+005,-1.413,0.087
15,36,9,1.518e+005,-1.407,0.151
15,36,9,1.5184e+005,-1.201,0.299
15,36,9,1.5187e+005,-0.518,-0.405
15,36,9,1.5191e+005,-0.287,-0.469
15,36,9,1.5195e+005,0.646,-0.543
15,36,9,1.5199e+005,0.17,-0.246
15,36,9,1.5203e+005,0.824,-0.1
15,36,9,1.5207e+005,0.542,-0.361
15,36,9,1.5211e+005,0.548,0.946
15,36,9,1.5215e+005,0.402,-0.548
15,36,9,1.5219e+005,0.216,0.28
15,36,9,1.5223e+005,0.367,0.641
15,36,9,1.5226e+005,0.203,-0.141
15,36,9,1.523e+005,0.433,0.041
15,36,9,1.5234e+005,0.109,0.023
15,36,9,1.5238e+005,0.728,-0.155
15,36,9,1.5242e+005,0.057,-0.101
15,36,9,1.5246e+005,0.498,-0.418
15,36,9,1.525e+005,0.025,-0.543
15,36,9,1.5254e+005,-0.137,0.199
15,36,9,1.5258e+005,-0.147,-0.547
15,36,9,1.5262e+005,-0.414,0.367
15,36,9,1.5266e+005,-0.245,-0.207
15,36,9,1.527e+005,0.258,-0.7
15,36,9,1.5273e+005,0.398,0.423
15,36,9,1.5277e+005,0.87,0.103
15,36,9,1.5281e+005,1.109,0.155
15,36,9,1.5285e+005,1.109,0.142
15,36,9,1.5289e+005,1.361,-0.982
15,36,9,1.5293e+005,0.583,0.162
15,36,9,1.5297e+005,0.386,-0.029
15,36,9,1.5301e+005,0.047,-0.695
15,36,9,1.5305e+005,-0.249,0.363
15,36,9,1.5308e+005,-0.142,-0.537
15,36,9,1.5312e+005,0.161,-0.57
15,36,9,1.5316e+005,0.468,-0.234
15,36,9,1.532e+005,1.149,-0.306
15,36,9,1.5324e+005,1.029,-0.122
15,36,9,1.5328e+005,1.206,-0.885
15,36,9,1.5332e+005,0.828,0.066
15,36,9,1.5336e+005,0.113,0.633
15,36,9,1.534e+005,-0.139,-0.556
15,36,9,1.5344e+005,-0.778,0.031
15,36,9,1.5348e+005,-0.942,0.6
15,36,9,1.5352e+005,-1.209,-0.043
15,36,9,1.5355e+005,-0.917,-0.424
15,36,9,1.5359e+005,-0.634,0.064
15,36,9,1.5363e+005,-0.318,0.558
15,36,9,1.5367e+005,-0.284,0.016
15,36,9,1.5371e+005,-0.187,0.163
15,36,9,1.5375e+005,-0.214,0.295
15,36,9,1.5379e+005,-0.211,0.148
15,36,9,1.5383e+005,-0.378,0.031
15,36,9,1.5387e+005,-0.411,0.189
15,36,9,1.5391e+005,-0.174,0.155
15,36,9,1.5394e+005,0.025,-0.332
15,36,9,1.5398e+005,0.099,-0.444
15,36,9,1.5402e+005,-0.008,0.32
15,36,9,1.5406e+005,0.164,0.129
15,36,9,1.541e+005,-0.15,0.115
15,36,9,1.5414e+005,0.051,0.128
15,36,9,1.5418e+005,-0.588,0.343
15,36,9,1.5422e+005,-0.222,0.189
15,36,9,1.5426e+005,-0.567,-0.151
15,36,9,1.543e+005,-0.358,0.561
15,36,9,1.5434e+005,-0.354,-0.05
15,36,9,1.5437e+005,-0.033,0.064
15,36,9,1.5441e+005,0.002,-0.002
15,36,9,1.5445e+005,0.67,-0.332
15,36,9,1.5449e+005,0.5,0.005
15,36,9,1.5453e+005,1.176,-0.203
15,36,9,1.5457e+005,0.73,0.374
15,36,9,1.5461e+005,1.387,-0.253
15,36,9,1.5465e+005,1.513,-0.955
15,36,9,1.5469e+005,2.222,0.208
15,36,9,1.5473e+005,2.301,-0.351
15,36,9,1.5476e+005,3.065,-0.473
15,36,9,1.548e+005,2.748,-0.097
15,36,9,1.5484e+005,2.825,-0.137
15,36,9,1.5488e+005,2.525,-0.72
15,36,9,1.5492e+005,1.818,-0.567
15,36,9,1.5496e+005,1.091,0.229
15,36,9,1.55e+005,0.119,0.458
15,36,9,1.5504e+005,-0.919,0.37
15,36,9,1.5508e+005,-0.554,-0.48
15,36,9,1.5512e+005,-0.785,0.081
15,36,9,1.5516e+005,-0.414,1.12
15,36,9,1.552e+005,-0.509,0.003
15,36,9,1.5523e+005,0.212,0.305
15,36,9,1.5527e+005,1.073,0.139
15,36,9,1.5531e+005,1.243,0.045
15,36,9,1.5535e+005,1.146,0.1
15,36,9,1.5539e+005,0.981,0.156
15,36,9,1.5543e+005,1.01,0.625
15,36,9,1.5547e+005,0.938,-0.299
15,36,9,1.5551e+005,0.721,-0.012
15,36,9,1.5555e+005,0.51,0.613
15,36,9,1.5558e+005,0.766,0.279
15,36,9,1.5562e+005,0.576,0.418
15,36,9,1.5566e+005,0.496,-0.124
15,36,9,1.557e+005,0.402,0.382
15,36,9,1.5574e+005,0.166,0.337
15,36,9,1.5578e+005,0.101,0.269
15,36,9,1.5582e+005,-0.264,0.79
15,36,9,1.5586e+005,-0.825,-0.421
15,36,9,1.559e+005,-0.566,0.075
15,36,9,1.5594e+005,-0.907,0.3
15,36,9,1.5598e+005,-0.658,-0.464
15,36,9,1.5602e+005,-0.439,-0.077
15,36,9,1.5605e+005,-0.31,0.101
15,36,9,1.5609e+005,-0.047,0.202
15,36,9,1.5613e+005,0.183,-0.191
15,36,9,1.5617e+005,0.569,-0.515
15,36,9,1.5621e+005,0.578,0.312
15,36,9,1.5625e+005,-0.005,0.351
15,36,9,1.5629e+005,-0.172,-0.276
15,36,9,1.5633e+005,-0.41,0.107
15,36,9,1.5637e+005,-0.72,0.422
15,36,9,1.5641e+005,-1.134,-0.029
15,36,9,1.5644e+005,-1.56,-0.144
15,36,9,1.5648e+005,-1.62,0.088
15,36,9,1.5652e+005,-1.349,0.019
15,36,9,1.5656e+005,-1.292,-0.21
15,36,9,1.566e+005,-1.366,-0.378
15,36,9,1.5664e+005,-0.963,-0.187
15,36,9,1.5668e+005,-0.951,0.189
15,36,9,1.5672e+005,-0.258,-0.499
15,36,9,1.5676e+005,-0.126,-0.348
15,36,9,1.568e+005,0.348,0.13
15,36,9,1.5684e+005,0.099,0.154
15,36,9,1.5687e+005,0.642,0.119
15,36,9,1.5691e+005,0.658,-0.453
15,36,9,1.5695e+005,1.354,-0.046
15,36,9,1.5699e+005,1.008,-0.2
15,36,9,1.5703e+005,1.012,0.04
15,36,9,1.5707e+005,0.711,-0.272
15,36,9,1.5711e+005,0.845,-0.253
15,36,9,1.5715e+005,1.065,-0.521
15,36,9,1.5719e+005,0.932,-0.181
15,36,9,1.5723e+005,0.295,0.294
15,36,9,1.5726e+005,0.527,-0.554
15,36,9,1.573e+005,0.133,-0.126
15,36,9,1.5734e+005,0.518,-0.262
15,36,9,1.5738e+005,-0.072,-0.429
15,36,9,1.5742e+005,-0.369,0.501
15,36,9,1.5746e+005,-0.309,-0.707
15,36,9,1.575e+005,-0.345,-0.14
15,36,9,1.5754e+005,-0.27,-0.1
15,36,9,1.5758e+005,-0.012,-0.329
15,36,9,1.5762e+005,0.331,0.299
15,36,9,1.5766e+005,0.326,-0.079
15,36,9,1.577e+005,1.06,-0.291
15,36,9,1.5773e+005,0.778,-0.372
15,36,9,1.5777e+005,1.395,-0.177
15,36,9,1.5781e+005,1.591,-0.495
15,36,9,1.5785e+005,1.616,-0.101
15,36,9,1.5789e+005,2.358,-0.865
15,36,9,1.5793e+005,2.801,-1.03
15,36,9,1.5797e+005,2.548,0.717
15,36,9,1.5801e+005,2.585,-0.294
15,36,9,1.5805e+005,1.501,-0.291
15,36,9,1.5808e+005,1.63,-0.118
15,36,9,1.5812e+005,0.346,-0.089
15,36,9,1.5816e+005,-0.228,0.777
15,36,9,1.582e+005,-1.38,0.348
15,36,9,1.5824e+005,-1.525,0.507
15,36,9,1.5828e+005,-1.691,-0.042
15,36,9,1.5832e+005,-1.511,-0.281
15,36,9,1.5836e+005,-1.455,0.193
15,36,9,1.584e+005,-1.459,0.254
15,36,9,1.5844e+005,-0.529,-0.928
15,36,9,1.5848e+005,-0.816,-0.199
15,36,9,1.5852e+005,-0.486,0.215
15,36,9,1.5855e+005,-0.678,-0.48
15,36,9,1.5859e+005,-1.188,0.371
15,36,9,1.5863e+005,-1.021,0.278
15,36,9,1.5867e+005,-1.476,-0.244
15,36,9,1.5871e+005,-1.738,0.589
15,36,9,1.5875e+005,-1.762,0.367
15,36,9,1.5879e+005,-1.775,0.401
15,36,9,1.5883e+005,-1.118,0.017
15,36,9,1.5887e+005,-1.109,-0.566
15,36,9,1.5891e+005,-0.71,0.572
15,36,9,1.5894e+005,-1.169,0.438
15,36,9,1.5898e+005,-0.793,-0.091
15,36,9,1.5902e+005,-1.016,-0.108
15,36,9,1.5906e+005,-0.69,0.177
15,36,9,1.591e+005,-1.273,0.675
15,36,9,1.5914e+005,-0.797,-0.255
15,36,9,1.5918e+005,-0.632,-0.101
15,36,9,1.5922e+005,-0.069,-0.191
15,36,9,1.5926e+005,0.074,-0.3
15,36,9,1.593e+005,0.21,-0.004
15,36,9,1.5934e+005,-0.181,0.301
15,36,9,1.5937e+005,-0.208,0.64
15,36,9,1.5941e+005,-0.693,-0.723
15,36,9,1.5945e+005,-0.662,0.479
15,36,9,1.5949e+005,-1.448,1.161
15,36,9,1.5953e+005,-1.723,0.006
15,36,9,1.5957e+005,-1.494,-0.18
15,36,9,1.5961e+005,-1.606,0.395
15,36,9,1.5965e+005,-1.269,0.279
15,36,9,1.5969e+005,-1.437,0.036
15,36,9,1.5973e+005,-1.152,0.47
15,36,9,1.5976e+005,-0.733,0.239
15,36,9,1.598e+005,-0.819,0.301
15,36,9,1.5984e+005,-0.94,-0.204
15,36,9,1.5988e+005,-0.858,0.453
15,36,9,1.5992e+005,-1.142,0.778
15,36,9,1.5996e+005,-0.88,-0.068
15,36,9,1.6e+005,-0.909,-0.058
15,36,9,1.6004e+005,-1.009,0.475
15,36,9,1.6008e+005,-0.539,-0.251
15,36,9,1.6012e+005,-0.391,-0.314
15,36,9,1.6016e+005,-0.128,-0.24
15,36,9,1.602e+005,-0.251,-0.002
15,36,9,1.6023e+005,-0.595,0.781
15,36,9,1.6027e+005,-0.925,0.191
15,36,9,1.6031e+005,-0.336,-0.253
15,36,9,1.6035e+005,-0.687,0.064
15,36,9,1.6039e+005,-0.077,0.192
15,36,9,1.6043e+005,-0.881,0.215
15,36,9,1.6047e+005,-0.318,0.006
15,36,9,1.6051e+005,-0.014,-0.558
15,36,9,1.6055e+005,0.362,0.012
15,36,9,1.6058e+005,0.25,-0.241
15,36,9,1.6062e+005,0.197,0.503
15,36,9,1.6066e+005,0.156,0.004
15,36,9,1.607e+005,0.185,-0.306
15,36,9,1.6074e+005,0.216,-0.022
15,36,9,1.6078e+005,-0.06,-0.194
15,36,9,1.6082e+005,0.331,-0.154
15,36,9,1.6086e+005,0.54,-0.966
15,36,9,1.609e+005,0.731,-0.452
15,36,9,1.6094e+005,0.835,-0.458
15,36,9,1.6098e+005,0.397,-0.227
15,36,9,1.6102e+005,0.878,-0.17
15,36,9,1.6105e+005,0.67,-0.478
15,36,9,1.6109e+005,1.057,-0.349
15,36,9,1.6113e+005,0.817,-0.473
15,36,9,1.6117e+005,1.072,0.094
15,36,9,1.6121e+005,1.15,-0.251
15,36,9,1.6125e+005,1.086,-0.17
15,36,9,1.6129e+005,1.128,-0.547
15,36,9,1.6133e+005,0.699,-0.464
15,36,9,1.6137e+005,0.415,0.245
15,36,9,1.6141e+005,0.226,-0.406
15,36,9,1.6144e+005,0.095,-0.165
15,36,9,1.6148e+005,0.173,0.232
15,36,9,1.6152e+005,0.27,-0.347
15,36,9,1.6156e+005,0.269,-0.147
15,36,9,1.616e+005,0.28,-0.123
15,36,9,1.6164e+005,0.158,-0.008
15,36,9,1.6168e+005,0.054,-0.161
15,36,9,1.6172e+005,-0.392,-0.284
15,36,9,1.6176e+005,-0.554,0.347
15,36,9,1.618e+005,-0.802,-0.249
15,36,9,1.6184e+005,-0.499,-0.036
15,36,9,1.6187e+005,-0.684,0.701
15,36,9,1.6191e+005,-0.069,-0.157
15,36,9,1.6195e+005,0.072,0.204
15,36,9,1.6199e+005,0.751,0.266
15,36,9,1.6203e+005,1.001,-0.185
15,36,9,1.6207e+005,1.232,0.098
15,36,9,1.6211e+005,1.338,-0.386
15,36,9,1.6215e+005,1.438,0.274
15,36,9,1.6219e+005,1.01,0.467
15,36,9,1.6223e+005,0.763,-0.269
15,36,9,1.6226e+005,0.588,-0.277
15,36,9,1.623e+005,0.445,0.198
15,36,9,1.6234e+005,-0.081,0.492
15,36,9,1.6238e+005,-0.497,0.217
15,36,9,1.6242e+005,-1.241,0.735
15,36,9,1.6246e+005,-1.083,0.221
15,36,9,1.625e+005,-0.944,-0.483
15,36,9,1.6254e+005,-1.248,0.44
15,36,9,1.6258e+005,-1.462,0.272
15,36,9,1.6262e+005,-1.586,0.032
15,36,9,1.6266e+005,-1.116,-0.461
15,36,9,1.627e+005,-0.593,-0.419
15,36,9,1.6273e+005,-0.728,0.085
15,36,9,1.6277e+005,-0.889,-0.272
15,36,9,1.6281e+005,-0.989,0.192
15,36,9,1.6285e+005,-0.405,0.142
15,36,9,1.6289e+005,-0.269,-0.309
15,36,9,1.6293e+005,-0.071,0.532
15,36,9,1.6297e+005,-0.348,0.371
15,36,9,1.6301e+005,0.1,0.206
15,36,9,1.6305e+005,0.193,0.023
15,36,9,1.6308e+005,0.82,-0.281
15,36,9,1.6312e+005,-0.05,0.604
15,36,9,1.6316e+005,0.058,0.295
15,36,9,1.632e+005,-0.427,-0.104
15,36,9,1.6324e+005,-0.218,0.062
15,36,9,1.6328e+005,-0.343,-0.779
15,36,9,1.6332e+005,-0.582,0.415
15,36,9,1.6336e+005,-0.688,0.13
15,36,9,1.634e+005,-0.473,-0.365
15,36,9,1.6344e+005,-0.271,-0.514
15,36,9,1.6348e+005,-0.15,-0.613
15,36,9,1.6352e+005,-0.373,0.659
15,36,9,1.6355e+005,-0.582,0.221
15,36,9,1.6359e+005,-0.159,-0.545
15,36,9,1.6363e+005,-0.297,0.424
15,36,9,1.6367e+005,-0.283,0.438
15,36,9,1.6371e+005,-0.389,0.112
15,36,9,1.6375e+005,-0.32,0.285
15,36,9,1.6379e+005,-0.067,-0.042
15,36,9,1.6383e+005,0.073,-0.307
15,36,9,1.6387e+005,-0.143,-0.437
15,36,9,1.6391e+005,0.149,-0.124
15,36,9,1.6394e+005,-0.317,0.27
15,36,9,1.6398e+005,0.317,-0.699
15,36,9,1.6402e+005,0.149,-0.696
15,36,9,1.6406e+005,0.54,0.19
15,36,9,1.641e+005,0.255,-0.214
15,36,9,1.6414e+005,0.146,0.407
15,36,9,1.6418e+005,-0.088,-0.383
15,36,9,1.6422e+005,0.16,-0.209
15,36,9,1.6426e+005,0.191,-0.009
15,36,9,1.643e+005,-0.01,0.001
15,36,9,1.6434e+005,-0.094,-0.17
15,36,9,1.6437e+005,-0.041,-0.858
15,36,9,1.6441e+005,0.428,-0.774
15,36,9,1.6445e+005,0.293,-0.078
15,36,9,1.6449e+005,0.326,-0.353
15,36,9,1.6453e+005,0.262,-0.48
15,36,9,1.6457e+005,0.597,-0.027
15,36,9,1.6461e+005,0.895,-0.514
15,36,9,1.6465e+005,0.874,-0.166
15,36,9,1.6469e+005,0.693,0.003
15,36,9,1.6473e+005,1.29,-0.353
15,36,9,1.6476e+005,1.632,-0.537
15,36,9,1.648e+005,1.403,0.304
15,36,9,1.6484e+005,1.429,-0.009
15,36,9,1.6488e+005,0.488,-0.123
15,36,9,1.6492e+005,0.881,-0.587
15,36,9,1.6496e+005,0.088,-0.477
15,36,9,1.65e+005,-0.211,1.027
15,36,9,1.6504e+005,-0.668,-0.441
15,36,9,1.6508e+005,-0.669,0.199
15,36,9,1.6512e+005,-0.245,-0.508
15,36,9,1.6516e+005,-0.148,-0.43
15,36,9,1.652e+005,0.31,-0.239
15,36,9,1.6523e+005,0.118,-0.094
15,36,9,1.6527e+005,0.674,0.271
15,36,9,1.6531e+005,0.044,-0.555
15,36,9,1.6535e+005,0.549,-0.202
15,36,9,1.6539e+005,0.007,0.151
15,36,9,1.6543e+005,-0.04,0.383
15,36,9,1.6547e+005,-0.212,-0.271
15,36,9,1.6551e+005,-0.323,0.065
15,36,9,1.6555e+005,-0.068,-0.054
15,36,9,1.6558e+005,0.094,0.298
15,36,9,1.6562e+005,0.133,0.244
