16,16,59,65664,-1.015,0.323
16,16,59,65703,-0.94,-0.54
16,16,59,65742,-0.149,0.179
16,16,59,65781,0.319,-0.084
16,16,59,65820,1.056,0.313
16,16,59,65859,1.485,-0.002
16,16,59,65898,1.948,-0.461
16,16,59,65937,2.001,0.016
16,16,59,65976,2.299,-0.066
16,16,59,66015,1.938,0.212
16,16,59,66054,1.909,0.284
16,16,59,66093,1.881,-0.315
16,16,59,66132,1.801,0.264
16,16,59,66171,1.626,0.121
16,16,59,66210,0.916,0.459
16,16,59,66249,0.674,0.787
16,16,59,66289,-1.016,0.602
16,16,59,66328,-1.404,0.751
16,16,59,66367,-2.533,-0.342
16,16,59,66406,-3.063,1.023
16,16,59,66445,-3.675,0.348
16,16,59,66484,-4.128,0.292
16,16,59,66523,-3.917,0.441
16,16,59,66562,-3.366,-0.483
16,16,59,66601,-2.692,0.207
16,16,59,66640,-2.301,0.008
16,16,59,66679,-1.866,0.172
16,16,59,66718,-1.788,0.729
16,16,59,66757,-0.725,-0.914
16,16,59,66796,-0.98,0.23
16,16,59,66835,-1.181,0.754
16,16,59,66874,-1.338,-0.285
16,16,59,66914,-1.567,0.527
16,16,59,66953,-1.538,-0.235
16,16,59,66992,-1.706,0.278
16,16,59,67031,-1.857,0.759
16,16,59,67070,-1.23,-0.48
16,16,59,67109,-1.003,0.326
16,16,59,67148,-1.082,0.57
16,16,59,67187,-0.807,-0.165
16,16,59,67226,-0.566,0.221
16,16,59,67265,0.031,0.131
16,16,59,67304,0.159,-0.391
16,16,59,67343,-0.329,-0.088
16,16,59,67382,-0.307,-0.166
16,16,59,67421,-0.319,-0.144
16,16,59,67460,-0.368,-0.241
16,16,59,67499,-0.408,-0.361
16,16,59,67539,-0.839,0.048
16,16,59,67578,-0.717,0.377
16,16,59,67617,-0.576,-0.02
16,16,59,67656,-0.72,0.331
16,16,59,67695,-0.404,0.107
16,16,59,67734,-0.607,0.186
16,16,59,67773,-0.512,0.545
16,16,59,67812,-0.649,-0
16,16,59,67851,-0.482,0.066
16,16,59,67890,-0.507,-0.096
16,16,59,67929,-0.247,-0.256
16,16,59,67968,-0.499,0.188
16,16,59,68007,0.322,-0.805
16,16,59,68046,0.642,-0.557
16,16,59,68085,0.717,0.565
16,16,59,68124,0.792,-0.359
16,16,59,68164,0.708,-0.009
16,16,59,68203,0.843,0.259
16,16,59,68242,0.85,-0.128
16,16,59,68281,0.574,0.019
16,16,59,68320,0.533,0.027
16,16,59,68359,0.54,0.084
16,16,59,68398,0.778,-0.913
16,16,59,68437,0.419,-0.099
16,16,59,68476,0.723,-0.107
16,16,59,68515,0.292,-0.814
16,16,59,68554,0.426,-0.061
16,16,59,68593,-0.526,0.013
16,16,59,68632,-0.479,-0.121
16,16,59,68671,-0.414,-0.666
16,16,59,68710,-0.445,0.214
16,16,59,68749,0.336,0.03
16,16,59,68789,0.412,-0.6
16,16,59,68828,1.213,-0.187
16,16,59,68867,1.426,-0.253
16,16,59,68906,2.028,-0.527
16,16,59,68945,1.92,-0.365
16,16,59,68984,1.597,-0.358
16,16,59,69023,0.928,-0.17
16,16,59,69062,0.729,-0.352
16,16,59,69101,0.181,-0.419
16,16,59,69140,0.431,0.04
16,16,59,69179,-0.28,-0.044
16,16,59,69218,0.073,-0.312
16,16,59,69257,0.115,-0.603
16,16,59,69296,0.725,0.057
16,16,59,69335,0.304,-0.079
16,16,59,69374,0.748,-0.273
16,16,59,69414,0.06,0.369
16,16,59,69453,0.261,0.085
16,16,59,69492,0.07,-0.263
16,16,59,69531,-0.336,0.576
16,16,59,69570,0.009,0.512
16,16,59,69609,-0.49,0.291
16,16,59,69648,0.275,0.081
16,16,59,69687,0.316,0.057
16,16,59,69726,0.656,0.414
16,16,59,69765,0.83,-0.533
16,16,59,69804,0.828,0.282
16,16,59,69843,0.881,0.238
16,16,59,69882,0.286,-0.368
16,16,59,69921,-0.051,0.152
16,16,59,69960,-0.962,0.012
16,16,59,69999,-1.065,0.815
16,16,59,70039,-1.967,0.036
16,16,59,70078,-1.778,-0.266
16,16,59,70117,-1.94,0.508
16,16,59,70156,-1.32,-0.165
16,16,59,70195,-0.734,0.264
16,16,59,70234,-0.482,0.084
16,16,59,70273,0.186,-0.213
16,16,59,70312,0.425,-0.177
16,16,59,70351,0.127,0.102
16,16,59,70390,0.222,0.761
16,16,59,70429,-0.907,-0.018
16,16,59,70468,-0.182,-0.135
16,16,59,70507,-1.242,0.712
16,16,59,70546,-0.756,0.002
16,16,59,70585,-1.691,0.232
16,16,59,70624,-1.108,1.154
16,16,59,70664,-1.221,-0.279
16,16,59,70703,-1.191,0.408
16,16,59,70742,-1.095,-0.036
16,16,59,70781,-1.511,0.162
16,16,59,70820,-1.131,0.312
16,16,59,70859,-1.448,-0.527
16,16,59,70898,-1.08,0.207
16,16,59,70937,-1.411,0.549
16,16,59,70976,-0.755,-0.375
16,16,59,71015,-0.43,-0.741
16,16,59,71054,-0.034,0.098
16,16,59,71093,-0.284,0.263
16,16,59,71132,-0.015,-0.422
16,16,59,71171,-0.114,-0.082
16,16,59,71210,0.357,0.241
16,16,59,71249,-0.224,-0.173
16,16,59,71289,-0.085,-0.373
16,16,59,71328,-0.845,0.164
16,16,59,71367,-0.548,0.564
16,16,59,71406,-0.663,-0.958
16,16,59,71445,-0.481,-0.022
16,16,59,71484,-0.443,-0.357
16,16,59,71523,-0.326,-0.383
16,16,59,71562,-0.033,-0.301
16,16,59,71601,-0.116,-0.496
16,16,59,71640,0.017,0.165
16,16,59,71679,0.039,-0.237
16,16,59,71718,-0.051,0.102
16,16,59,71757,-0.02,0.347
16,16,59,71796,-0.263,0.003
16,16,59,71835,0.114,-0.014
16,16,59,71874,0.075,-0.028
16,16,59,71914,-0.002,-0.134
16,16,59,71953,0.279,-0.575
16,16,59,71992,0.005,0.073
16,16,59,72031,0.377,-0.237
16,16,59,72070,0.19,-0.341
16,16,59,72109,0.402,-0.06
16,16,59,72148,0.197,-0.507
16,16,59,72187,0.531,-0.153
16,16,59,72226,-0.153,0.147
16,16,59,72265,0.226,-0.034
16,16,59,72304,0.128,-0.409
16,16,59,72343,0.558,-0.308
16,16,59,72382,0.404,0.349
16,16,59,72421,0.468,-0.147
16,16,59,72460,0.536,-0.373
16,16,59,72499,0.954,0.021
16,16,59,72539,0.934,-0.569
16,16,59,72578,1.098,-0.208
16,16,59,72617,0.672,0.061
16,16,59,72656,0.362,0.044
16,16,59,72695,0.508,-0.548
16,16,59,72734,0.137,-0.287
16,16,59,72773,0.266,0.032
16,16,59,72812,0.14,0.085
16,16,59,72851,0.206,-0.166
16,16,59,72890,0.367,-0.516
16,16,59,72929,0.374,0.186
16,16,59,72968,0.334,-0.196
16,16,59,73007,0.479,-0.176
16,16,59,73046,0.268,0.247
16,16,59,73085,0.358,-0.468
16,16,59,73124,0.463,-0.589
16,16,59,73164,0.84,-0.285
16,16,59,73203,1.096,-0.194
16,16,59,73242,1.068,0.158
16,16,59,73281,1.337,-0.856
16,16,59,73320,1.275,-0.31
16,16,59,73359,1.023,0.541
16,16,59,73398,0.496,-0.15
16,16,59,73437,-0.327,0.24
16,16,59,73476,-0.324,-0.395
16,16,59,73515,-0.869,-0.147
16,16,59,73554,-0.981,0.011
16,16,59,73593,-1.231,-0.293
16,16,59,73632,-0.907,-0.114
16,16,59,73671,-0.468,-0.63
16,16,59,73710,-0.737,0.379
16,16,59,73749,-0.429,0.134
16,16,59,73789,-0.41,-0.341
16,16,59,73828,0.177,0.557
16,16,59,73867,-0.295,0.001
16,16,59,73906,0.116,0.069
16,16,59,73945,0.107,0.037
16,16,59,73984,0.205,-0.011
16,16,59,74023,0.05,0.182
16,16,59,74062,-0.206,0.223
16,16,59,74101,-0.127,0.283
16,16,59,74140,-0.375,0.105
16,16,59,74179,-0.248,0.373
16,16,59,74218,-0.249,0.119
16,16,59,74257,-0.393,0.472
16,16,59,74296,-0.33,-0.113
16,16,59,74335,-0.404,-0.235
16,16,59,74374,-0.324,0.333
16,16,59,74414,-0.481,0.241
16,16,59,74453,-0.239,-0.012
16,16,59,74492,-0.088,-0.353
16,16,59,74531,0.159,-0.024
16,16,59,74570,0.372,-0.189
16,16,59,74609,0.597,-0.075
16,16,59,74648,0.703,0.781
16,16,59,74687,0.703,0.276
16,16,59,74726,0.377,0.228
16,16,59,74765,0.398,0.397
16,16,59,74804,0.409,0.218
16,16,59,74843,0.319,0.835
16,16,59,74882,0.442,0.048
16,16,59,74921,0.748,-0.343
16,16,59,74960,0.971,-0.028
16,16,59,74999,1.166,0.059
16,16,59,75039,1.389,-0.155
16,16,59,75078,1.271,0.127
16,16,59,75117,1.335,-0.069
16,16,59,75156,0.749,0.234
16,16,59,75195,0.946,0.178
16,16,59,75234,0.984,-0.119
16,16,59,75273,0.791,0.638
16,16,59,75312,0.803,0.238
16,16,59,75351,1.204,-0.436
16,16,59,75390,0.856,0.386
16,16,59,75429,1.397,0.025
16,16,59,75468,1.138,0.451
16,16,59,75507,1.355,0.394
16,16,59,75546,1.223,-0.677
16,16,59,75585,1.2,0.17
16,16,59,75624,0.312,0.851
16,16,59,75664,0.895,0.013
16,16,59,75703,0.235,0.001
16,16,59,75742,0.381,0.415
16,16,59,75781,0.61,-0.328
16,16,59,75820,0.12,0.392
16,16,59,75859,0.864,0.347
16,16,59,75898,0.71,0.42
16,16,59,75937,1.363,0.389
16,16,59,75976,1.113,-0.301
16,16,59,76015,1.384,0.909
16,16,59,76054,1.506,0.189
16,16,59,76093,1.379,0.225
16,16,59,76132,1.307,0.296
16,16,59,76171,1.129,-0.52
16,16,59,76210,1.344,0.834
16,16,59,76249,1.35,-0.374
16,16,59,76289,1.122,0.179
16,16,59,76328,1.883,0.04
16,16,59,76367,1.627,-0.597
16,16,59,76406,2.053,0.45
16,16,59,76445,1.994,-1.021
16,16,59,76484,2.376,0.538
16,16,59,76523,2.13,-0.255
16,16,59,76562,2.068,-0.661
16,16,59,76601,2.078,0.127
16,16,59,76640,1.337,-0.214
16,16,59,76679,1.393,-0.01
16,16,59,76718,0.138,-0.265
16,16,59,76757,0.403,-0.28
16,16,59,76796,-1.263,-0.135
16,16,59,76835,-2.191,0.029
16,16,59,76874,-2.454,-0.887
16,16,59,76914,-3.769,0.053
16,16,59,76953,-4.215,0.895
16,16,59,76992,-4.057,-0.741
16,16,59,77031,-4.044,0.343
16,16,59,77070,-3.053,0.385
16,16,59,77109,-2.443,-0.409
16,16,59,77148,-1.779,0.401
16,16,59,77187,-0.718,-0.529
16,16,59,77226,-0.235,-0.102
16,16,59,77265,0.384,0.256
16,16,59,77304,0.621,-0.329
16,16,59,77343,1.256,0.16
16,16,59,77382,1.199,-0.045
16,16,59,77421,1.619,-0.068
16,16,59,77460,2.017,-0.511
16,16,59,77499,1.732,0.221
16,16,59,77539,2.331,-0.316
16,16,59,77578,1.934,-0.482
16,16,59,77617,2.193,0.492
16,16,59,77656,2.125,-1.286
16,16,59,77695,2.538,-0.471
16,16,59,77734,2.412,-0.22
16,16,59,77773,2.73,-0.599
16,16,59,77812,2.325,-0.006
16,16,59,77851,2.586,-0.99
16,16,59,77890,2.377,0.117
16,16,59,77929,2.039,-0.188
16,16,59,77968,1.271,-0.313
16,16,59,78007,1.426,0.149
16,16,59,78046,1.105,-0.438
16,16,59,78085,1.862,-0.195
16,16,59,78124,2.456,-1.266
16,16,59,78164,2.62,-0.071
16,16,59,78203,3.473,-0.43
16,16,59,78242,3.195,-0.881
16,16,59,78281,3.329,-0.315
16,16,59,78320,3.044,-0.993
16,16,59,78359,2.574,-0.196
16,16,59,78398,1.464,-0.454
16,16,59,78437,1.391,-1.056
16,16,59,78476,3.525,-2.984
16,16,59,78515,3.16,-0.841
16,16,59,78554,3.475,2.19
16,16,59,78593,1.841,-1.985
16,16,59,78632,2.284,0.133
16,16,59,78671,1.768,-0.987
16,16,59,78710,-1.073,-0.079
16,16,59,78749,-3.106,1.67
16,16,59,78789,-7.383,0.603
16,16,59,78828,-6.574,0.732
16,16,59,78867,-8.74,-0.818
16,16,59,78906,-8.801,2.518
16,16,59,78945,-9.013,1.788
16,16,59,78984,-8.109,0.706
16,16,59,79023,-5.09,0.505
16,16,59,79062,-4.067,-1.011
16,16,59,79101,-2.476,1.048
16,16,59,79140,-1.773,-0.377
16,16,59,79179,-0.961,0.663
16,16,59,79218,-0.295,0.461
16,16,59,79257,-0.283,-1.141
16,16,59,79296,-0.065,0.95
16,16,59,79335,-0.815,1.175
16,16,59,79374,-0.573,1.618
16,16,59,79414,-0.995,-0.224
16,16,59,79453,-1.307,-0.209
16,16,59,79492,-1.562,1.051
16,16,59,79531,-2.067,0.549
16,16,59,79570,-1.985,0.749
16,16,59,79609,-2.923,0.544
16,16,59,79648,-3.661,1.233
16,16,59,79687,-3.812,0.64
16,16,59,79726,-4.115,-0.001
16,16,59,79765,-3.297,-0.195
16,16,59,79804,-3.277,-0.276
16,16,59,79843,-2.355,-0.25
16,16,59,79882,-2.278,-0.29
16,16,59,79921,-0.96,-0.126
16,16,59,79960,-0.018,-0.472
16,16,59,79999,0.027,0.804
16,16,59,80039,0.07,1.246
16,16,59,80078,-0.676,0.865
16,16,59,80117,-0.579,0.792
16,16,59,80156,-1.199,0.446
16,16,59,80195,-0.897,0.463
16,16,59,80234,-1.247,0.485
16,16,59,80273,-1.084,0.634
16,16,59,80312,-0.932,0.185
16,16,59,80351,-0.414,-0.624
16,16,59,80390,-0.159,0.056
16,16,59,80429,-0.123,0.221
16,16,59,80468,-0.343,0.398
16,16,59,80507,-0.329,0.097
16,16,59,80546,-0.246,-0.512
16,16,59,80585,-0.252,0.096
16,16,59,80624,-0.513,0.11
16,16,59,80664,-0.825,0.251
16,16,59,80703,-0.761,0.077
16,16,59,80742,-1.067,0.421
16,16,59,80781,-0.995,0.464
16,16,59,80820,-1.443,0.418
16,16,59,80859,-1.411,0.423
16,16,59,80898,-1.022,0.05
16,16,59,80937,-1.226,0.392
16,16,59,80976,-0.979,0.277
16,16,59,81015,-0.772,-0.417
16,16,59,81054,-0.204,0.012
16,16,59,81093,0.002,0.072
16,16,59,81132,-0.13,0.071
16,16,59,81171,0.191,0.156
16,16,59,81210,0.173,0.222
16,16,59,81249,0.802,-0.02
16,16,59,81289,0.53,-0.138
16,16,59,81328,0.738,0.27
16,16,59,81367,0.798,-0.372
16,16,59,81406,0.97,0.129
16,16,59,81445,1.076,-0.513
16,16,59,81484,0.731,-0.55
16,16,59,81523,0.279,0.392
16,16,59,81562,0.157,-0.259
16,16,59,81601,-0.121,0.039
16,16,59,81640,-0.62,0.028
16,16,59,81679,-0.653,-0.306
16,16,59,81718,-1.333,0.465
16,16,59,81757,-0.883,-0.34
16,16,59,81796,-1.381,-0.085
16,16,59,81835,-0.803,0.174
16,16,59,81874,-1.038,-0.254
16,16,59,81914,-0.625,0.182
16,16,59,81953,-0.389,-0.11
16,16,59,81992,0.068,0.251
16,16,59,82031,0.356,0.238
16,16,59,82070,0.738,-0.156
16,16,59,82109,0.751,0.44
16,16,59,82148,0.975,-0.125
16,16,59,82187,1.335,-0.728
16,16,59,82226,1.155,-0.109
16,16,59,82265,0.727,-0.328
16,16,59,82304,0.952,-0.925
16,16,59,82343,-0.11,-0.302
16,16,59,82382,0.289,-0.104
16,16,59,82421,-1.117,-0.243
16,16,59,82460,-1.099,-0.106
16,16,59,82499,-1.47,-0.788
16,16,59,82539,-1.35,0.857
16,16,59,82578,-1.142,-0.266
16,16,59,82617,-1.229,-0.284
16,16,59,82656,-0.118,0.115
16,16,59,82695,-0.089,-0.3
16,16,59,82734,0.659,0.002
16,16,59,82773,0.404,-0.446
16,16,59,82812,1.097,-0.08
16,16,59,82851,0.73,0.173
16,16,59,82890,0.762,0.199
16,16,59,82929,0.437,-0.53
16,16,59,82968,0.478,0.197
16,16,59,83007,0.552,0.4
16,16,59,83046,0.265,-0.576
16,16,59,83085,0.609,-0.633
16,16,59,83124,0.539,-0.296
16,16,59,83164,0.677,0.008
16,16,59,83203,0.672,-0.783
16,16,59,83242,0.213,-0.283
16,16,59,83281,0.907,-0.601
16,16,59,83320,0.177,-0.171
16,16,59,83359,0.703,-0.275
16,16,59,83398,0.139,-0.488
16,16,59,83437,0.475,0.682
16,16,59,83476,0.37,-0.389
16,16,59,83515,0.238,0.147
16,16,59,83554,0.684,-0.314
16,16,59,83593,0.486,-0.469
16,16,59,83632,0.574,0.811
16,16,59,83671,0.166,-0.455
16,16,59,83710,0.07,-0.099
16,16,59,83749,0.496,-0.147
16,16,59,83789,0.23,-0.066
16,16,59,83828,0.262,0.908
16,16,59,83867,-0.025,-0.492
16,16,59,83906,0.554,-0.291
16,16,59,83945,0.287,0.492
16,16,59,83984,0.497,-0.223
16,16,59,84023,0.346,-0.37
16,16,59,84062,0.523,-0.094
16,16,59,84101,0.764,-0.312
16,16,59,84140,0.252,0.026
16,16,59,84179,0.307,-0.274
16,16,59,84218,0.346,-0.167
16,16,59,84257,0.553,0.141
16,16,59,84296,0.656,-0.433
16,16,59,84335,0.618,-0.314
16,16,59,84374,0.774,0.111
16,16,59,84414,0.942,-0.513
16,16,59,84453,1.555,-0.539
16,16,59,84492,2.115,-0.599
16,16,59,84531,2.254,-0.241
16,16,59,84570,2.168,0.464
16,16,59,84609,1.395,-0.011
16,16,59,84648,1.24,-0.04
16,16,59,84687,0.891,0.258
16,16,59,84726,0.355,0.369
16,16,59,84765,-0.004,0.122
16,16,59,84804,-0.971,0.498
16,16,59,84843,-1.117,0.323
16,16,59,84882,-1.189,-0.272
16,16,59,84921,-0.711,0.244
16,16,59,84960,-1.086,0.241
16,16,59,84999,-0.87,0.53
16,16,59,85039,-1.021,0.211
16,16,59,85078,-0.504,-0.021
16,16,59,85117,-0.163,-0.327
16,16,59,85156,0.073,-0.1
16,16,59,85195,0.082,0.437
16,16,59,85234,-0.209,0.345
16,16,59,85273,0.081,-0.426
16,16,59,85312,-0.315,0.217
16,16,59,85351,-0.125,0.556
16,16,59,85390,-0.609,-0.232
16,16,59,85429,-0.465,0.113
16,16,59,85468,-0.601,0.043
16,16,59,85507,-0.749,0.554
16,16,59,85546,-0.871,-0.043
16,16,59,85585,-0.775,-0.086
16,16,59,85624,-0.433,0.281
16,16,59,85664,-0.998,-0.039
16,16,59,85703,-0.711,-0.344
16,16,59,85742,-0.973,0.093
16,16,59,85781,-0.585,0.29
16,16,59,85820,-0.195,-0.806
16,16,59,85859,-0.366,0.072
16,16,59,85898,0.232,-0.041
16,16,59,85937,0.834,-0.491
16,16,59,85976,0.802,0.285
16,16,59,86015,0.902,-0.08
16,16,59,86054,0.183,0.491
16,16,59,86093,-0.028,-0.064
16,16,59,86132,-0.255,-0.521
16,16,59,86171,-0.741,0.628
16,16,59,86210,-1.22,-0.101
16,16,59,86249,-1.562,-0.403
16,16,59,86289,-1.231,0.067
16,16,59,86328,-1.16,0.007
16,16,59,86367,-0.465,-0.586
16,16,59,86406,-0.357,-0.638
16,16,59,86445,-0.098,0.813
16,16,59,86484,0.187,-0.168
16,16,59,86523,0.413,-0.532
16,16,59,86562,0.635,0.305
16,16,59,86601,0.382,-0.102
16,16,59,86640,0.442,-0.366
16,16,59,86679,0.025,-0.073
16,16,59,86718,0.339,-0.023
16,16,59,86757,0.075,-0.075
16,16,59,86796,0.341,-0.603
16,16,59,86835,0.43,-0.362
16,16,59,86874,0.112,0.208
16,16,59,86914,0.612,-1.155
16,16,59,86953,0.473,-0.338
16,16,59,86992,0.643,0.417
16,16,59,87031,0.482,-0.116
16,16,59,87070,0.227,0.052
16,16,59,87109,0.479,-0.435
16,16,59,87148,0.625,-0.276
16,16,59,87187,0.382,0.272
16,16,59,87226,0.664,-0.216
16,16,59,87265,0.382,-0.123
16,16,59,87304,0.745,-0.101
16,16,59,87343,0.688,-0.423
16,16,59,87382,0.583,0.371
16,16,59,87421,0.36,-0.461
16,16,59,87460,0.388,-0.336
16,16,59,87499,-0.179,0.464
16,16,59,87539,-0.597,-0.247
16,16,59,87578,-0.168,-0.741
16,16,59,87617,-0.487,-0.062
16,16,59,87656,0.267,0.129
16,16,59,87695,-0.312,-0.116
16,16,59,87734,0.421,-0.222
16,16,59,87773,0.775,-0.672
16,16,59,87812,1.357,-0.168
16,16,59,87851,0.993,-0.108
16,16,59,87890,0.836,-0.094
16,16,59,87929,0.602,0.015
16,16,59,87968,0.946,-0.419
16,16,59,88007,0.645,-0.15
16,16,59,88046,0.599,0.147
16,16,59,88085,0.114,0.22
16,16,59,88124,0.292,-0.348
16,16,59,88164,0.336,-0.584
16,16,59,88203,0.25,0.694
16,16,59,88242,0.385,-0.291
16,16,59,88281,0.169,-0.002
16,16,59,88320,0.013,0.576
16,16,59,88359,0.325,-0.553
16,16,59,88398,0.123,0.113
16,16,59,88437,0.59,0.566
16,16,59,88476,0.233,0.062
16,16,59,88515,0.668,-0.396
16,16,59,88554,0.787,-0.001
16,16,59,88593,1.008,0.701
16,16,59,88632,1.071,-0.308
16,16,59,88671,1.418,-0.039
16,16,59,88710,2.291,-0.192
16,16,59,88749,2.403,-0.017
16,16,59,88789,2.752,0.234
16,16,59,88828,2.274,-0.351
16,16,59,88867,2.376,0.12
16,16,59,88906,1.493,0.055
16,16,59,88945,1.118,-0.01
16,16,59,88984,-0.301,0.248
16,16,59,89023,-1.21,0.732
16,16,59,89062,-1.812,0.26
16,16,59,89101,-2.682,0.508
16,16,59,89140,-2.532,-0.054
16,16,59,89179,-2.994,0.24
16,16,59,89218,-2.765,0.663
16,16,59,89257,-2.815,0.219
16,16,59,89296,-2.509,0.087
16,16,59,89335,-2.176,-0.651
16,16,59,89374,-1.562,-0.092
16,16,59,89414,-1.572,0.332
16,16,59,89453,-1.173,0.379
16,16,59,89492,-0.906,-0.309
16,16,59,89531,-0.104,-0.67
16,16,59,89570,-0.017,0.15
16,16,59,89609,0.115,0.597
16,16,59,89648,-0.187,0.274
16,16,59,89687,0.396,0.055
16,16,59,89726,-0.009,0.352
16,16,59,89765,0.187,0.032
16,16,59,89804,-0.321,-0.213
16,16,59,89843,-0.34,0.909
16,16,59,89882,-0.613,0.368
16,16,59,89921,-0.567,-0.4
16,16,59,89960,-0.978,-0.142
16,16,59,89999,-0.436,-0.414
16,16,59,90039,-0.585,-0.209
16,16,59,90078,-0.141,-0.1
16,16,59,90117,0.117,-0.721
16,16,59,90156,0.591,-0.196
16,16,59,90195,1.166,-0.379
16,16,59,90234,1.21,0.025
16,16,59,90273,1.337,0.268
16,16,59,90312,1.406,-0.154
16,16,59,90351,1.563,-0.213
16,16,59,90390,1.047,0.247
16,16,59,90429,0.591,0.497
16,16,59,90468,0.229,-0.147
16,16,59,90507,-0.086,0.419
16,16,59,90546,-0.072,-0.097
16,16,59,90585,-0.614,-0.247
16,16,59,90624,-0.934,0.625
16,16,59,90664,-1.386,0.041
16,16,59,90703,-1.456,-0.293
16,16,59,90742,-1.234,-0.505
16,16,59,90781,-1.331,-0.146
16,16,59,90820,-1.206,0.211
16,16,59,90859,-1.137,-0.115
16,16,59,90898,-0.71,-0.453
16,16,59,90937,-0.609,-0.177
16,16,59,90976,-0.379,-0.181
16,16,59,91015,-0.683,0.224
16,16,59,91054,-0.38,0.547
16,16,59,91093,-0.504,-0.195
16,16,59,91132,0.171,-0.249
16,16,59,91171,0.374,-0.142
16,16,59,91210,0.737,0.159
16,16,59,91249,0.972,-0.27
16,16,59,91289,1.174,-0.442
16,16,59,91328,1.066,-0.07
16,16,59,91367,1.138,-0.19
16,16,59,91406,0.199,0.635
16,16,59,91445,0.511,-0.062
16,16,59,91484,-0.017,-0.048
16,16,59,91523,0.307,0.267
16,16,59,91562,0.151,-0.422
16,16,59,91601,0.332,0.189
16,16,59,91640,0.489,-0.19
16,16,59,91679,0.817,-0.484
16,16,59,91718,0.87,-0.205
16,16,59,91757,0.463,-0.14
16,16,59,91796,0.385,-0.195
16,16,59,91835,-0.086,-0.003
16,16,59,91874,0.289,-0.211
16,16,59,91914,-0.517,0.168
16,16,59,91953,-0.49,0.18
16,16,59,91992,-0.45,-0.308
16,16,59,92031,-0.266,0.307
16,16,59,92070,0.033,-0.145
16,16,59,92109,-0.014,-0.041
16,16,59,92148,0.239,-0.053
16,16,59,92187,0.345,0.429
16,16,59,92226,0.354,0.549
16,16,59,92265,0.33,-0.066
16,16,59,92304,0.232,0.254
16,16,59,92343,0.095,0.489
16,16,59,92382,0.307,-0.246
16,16,59,92421,-0.188,-0.047
16,16,59,92460,-0.026,0.249
16,16,59,92499,-0.631,0.102
16,16,59,92539,0.231,-0.549
16,16,59,92578,-0.438,-0.067
16,16,59,92617,0.086,0.765
16,16,59,92656,-0.5,-0.277
16,16,59,92695,0.042,-0.507
16,16,59,92734,-0.35,0.13
16,16,59,92773,-0.157,0.105
16,16,59,92812,-0.676,0.09
16,16,59,92851,-0.545,0.221
16,16,59,92890,-0.575,-0.242
16,16,59,92929,-0.197,0.018
16,16,59,92968,-0.1,-0.45
16,16,59,93007,0.362,0.589
16,16,59,93046,0.655,0.285
16,16,59,93085,1.35,-0.587
16,16,59,93124,1.529,0.174
16,16,59,93164,1.521,0.555
16,16,59,93203,1.546,-0.023
16,16,59,93242,1.388,-0.281
16,16,59,93281,1.514,-0.031
16,16,59,93320,1.084,0.203
16,16,59,93359,0.592,0.223
16,16,59,93398,0.548,-0.333
16,16,59,93437,0.518,0.289
16,16,59,93476,0.705,0.292
16,16,59,93515,0.548,-0.178
16,16,59,93554,0.669,0.742
16,16,59,93593,0.588,-0.263
16,16,59,93632,0.95,-0.154
16,16,59,93671,0.52,0.623
16,16,59,93710,0.583,0.152
16,16,59,93749,0.69,0.16
16,16,59,93789,0.838,0.13
16,16,59,93828,0.824,0.373
16,16,59,93867,0.766,0.318
16,16,59,93906,0.705,-0.233
16,16,59,93945,1.398,0.304
16,16,59,93984,0.74,0.71
16,16,59,94023,0.788,0.282
16,16,59,94062,0.353,-0.974
16,16,59,94101,0.21,0.025
16,16,59,94140,-0.248,0.617
16,16,59,94179,-1.069,0.06
16,16,59,94218,-1.273,-0.612
16,16,59,94257,-0.848,-0.373
16,16,59,94296,-0.692,-0.008
16,16,59,94335,-0.517,-1.073
16,16,59,94374,-1.143,-0.426
16,16,59,94414,-0.493,-0.083
16,16,59,94453,-0.657,-0.506
16,16,59,94492,-0.396,-0.157
16,16,59,94531,-1.243,-0.298
16,16,59,94570,-0.777,0.188
16,16,59,94609,-1.269,-0.08
16,16,59,94648,-0.992,0.372
16,16,59,94687,-1.512,0.116
16,16,59,94726,-0.625,-0.488
16,16,59,94765,-1.064,0.624
16,16,59,94804,-0.409,0.442
16,16,59,94843,-0.656,-0.441
16,16,59,94882,0.499,-0.029
16,16,59,94921,0.49,-0.141
16,16,59,94960,1.383,0.333
16,16,59,94999,1.338,-0.521
16,16,59,95039,1.308,0.422
16,16,59,95078,1.381,0.198
16,16,59,95117,1.044,-0.445
16,16,59,95156,0.532,0.537
16,16,59,95195,0.354,-0.204
16,16,59,95234,-0.435,0.127
16,16,59,95273,-0.742,0.052
16,16,59,95312,-1.121,-0.64
16,16,59,95351,-1.233,0.194
16,16,59,95390,-1.223,-0.323
16,16,59,95429,-1.526,0.164
16,16,59,95468,-1.343,0.542
16,16,59,95507,-1.672,-0.287
16,16,59,95546,-0.975,-0.43
16,16,59,95585,-0.954,-0.25
16,16,59,95624,-0.756,0.655
16,16,59,95664,-0.823,0.005
16,16,59,95703,-0.469,-0.303
16,16,59,95742,0.046,-0.234
16,16,59,95781,-0.209,-0.225
16,16,59,95820,0.212,0.281
16,16,59,95859,-0.171,0.332
16,16,59,95898,0.301,0.419
16,16,59,95937,0.402,-0.597
16,16,59,95976,-0.214,0.314
16,16,59,96015,0.537,-0.081
16,16,59,96054,-0.189,0.051
16,16,59,96093,0.692,0.292
16,16,59,96132,0.182,-0.63
16,16,59,96171,0.934,0.125
16,16,59,96210,0.885,-0.2
16,16,59,96249,1.275,0.054
16,16,59,96289,1.236,0.158
16,16,59,96328,1.198,0.143
16,16,59,96367,1.43,-0.079
16,16,59,96406,0.619,0.241
16,16,59,96445,0.21,0.21
16,16,59,96484,-0.613,-0.454
16,16,59,96523,-1.56,0.411
16,16,59,96562,-2.175,0.309
16,16,59,96601,-3.05,-0.407
16,16,59,96640,-3.128,0.534
16,16,59,96679,-2.774,-0.068
16,16,59,96718,-2.072,-0.666
16,16,59,96757,-1.466,-0.041
16,16,59,96796,-0.883,-0.974
16,16,59,96835,-0.175,-0.284
16,16,59,96874,-0.074,0.235
16,16,59,96914,0.292,-0.557
16,16,59,96953,0.17,0.11
16,16,59,96992,0.698,0.158
16,16,59,97031,1.057,-0.067
16,16,59,97070,1.588,0.071
16,16,59,97109,2.032,0.15
16,16,59,97148,2.869,-0.471
16,16,59,97187,3.161,-0.308
16,16,59,97226,2.906,0.019
16,16,59,97265,2.597,-0.555
16,16,59,97304,1.94,-0.319
16,16,59,97343,1.228,0.152
16,16,59,97382,0.68,-0.068
16,16,59,97421,0.192,-0.197
16,16,59,97460,0.192,0.127
16,16,59,97499,0.32,0.014
16,16,59,97539,0.684,0.15
16,16,59,97578,0.954,-0.331
16,16,59,97617,1.795,-0.305
16,16,59,97656,1.664,0.192
16,16,59,97695,2.243,-0.572
16,16,59,97734,2.416,-0.679
16,16,59,97773,2.479,0.379
16,16,59,97812,1.862,0.799
16,16,59,97851,1.314,-0.377
16,16,59,97890,0.888,-0.266
16,16,59,97929,0.695,0.898
16,16,59,97968,-0.364,0.715
16,16,59,98007,-0.675,0.451
16,16,59,98046,-1.366,0.063
16,16,59,98085,-0.687,0.247
16,16,59,98124,-0.954,-0.166
16,16,59,98164,-0.704,-0.066
16,16,59,98203,-1.141,0.42
16,16,59,98242,-0.843,0.71
16,16,59,98281,-1.084,-0.42
16,16,59,98320,-0.564,-0.881
16,16,59,98359,-1.317,0.375
16,16,59,98398,-1.396,0.209
16,16,59,98437,-2.23,-0.207
16,16,59,98476,-2.04,0.066
16,16,59,98515,-2.355,-0.087
16,16,59,98554,-1.968,0.219
16,16,59,98593,-2.417,0.351
16,16,59,98632,-1.912,0.652
16,16,59,98671,-1.604,0.107
16,16,59,98710,-0.809,-0.466
16,16,59,98749,-0.906,0.482
16,16,59,98789,-0.914,1.081
16,16,59,98828,-1.001,-0.35
16,16,59,98867,-0.603,-0.221
16,16,59,98906,-0.662,0.025
16,16,59,98945,-0.666,0.088
16,16,59,98984,-0.599,-0.03
16,16,59,99023,-0.183,-0.139
16,16,59,99062,0.487,0.183
16,16,59,99101,0.811,-0.226
16,16,59,99140,0.497,0.277
16,16,59,99179,0.624,0.285
16,16,59,99218,0.114,0.252
16,16,59,99257,-0.077,-0.115
16,16,59,99296,-1.052,0.172
16,16,59,99335,-1.202,0.179
16,16,59,99374,-1.787,-0.275
16,16,59,99414,-1.535,-0.063
16,16,59,99453,-1.931,-0.072
16,16,59,99492,-1.173,-0.258
16,16,59,99531,-1.192,-0.367
16,16,59,99570,-0.498,0.328
16,16,59,99609,-0.574,0.097
16,16,59,99648,-0.297,-0.172
16,16,59,99687,0.087,-0.241
16,16,59,99726,-0.031,0.595
16,16,59,99765,-0.011,0.303
16,16,59,99804,0.102,-0.03
16,16,59,99843,0.319,0.209
16,16,59,99882,0.682,-0.2
16,16,59,99921,1.102,-0.13
16,16,59,99960,0.787,0.002
16,16,59,99999,0.774,0.145
16,16,59,1.0004e+005,0.558,-0.18
16,16,59,1.0008e+005,0.252,-0.067
16,16,59,1.0012e+005,-0.078,-0.241
16,16,59,1.0016e+005,-0.966,0.298
16,16,59,1.002e+005,-0.97,0.262
16,16,59,1.0023e+005,-1.612,-0.28
16,16,59,1.0027e+005,-1.361,0.349
16,16,59,1.0031e+005,-1.537,-0.156
16,16,59,1.0035e+005,-1.318,0.08
16,16,59,1.0039e+005,-1.161,-0.156
16,16,59,1.0043e+005,-0.912,0.174
16,16,59,1.0047e+005,-0.59,-0.167
16,16,59,1.0051e+005,-0.5,-0.575
16,16,59,1.0055e+005,0.029,-0.202
16,16,59,1.0058e+005,-0.161,0.411
16,16,59,1.0062e+005,0.429,0.134
16,16,59,1.0066e+005,0.464,-0.293
16,16,59,1.007e+005,0.997,-0.193
16,16,59,1.0074e+005,0.844,-0.2
16,16,59,1.0078e+005,1.106,-0.151
16,16,59,1.0082e+005,0.511,0.227
16,16,59,1.0086e+005,1.016,-0.352
16,16,59,1.009e+005,0.265,-0.438
16,16,59,1.0094e+005,0.482,0.256
16,16,59,1.0098e+005,-0.346,-0.05
16,16,59,1.0102e+005,0.255,-0.493
16,16,59,1.0105e+005,0.165,-0.665
16,16,59,1.0109e+005,0.561,-0.036
16,16,59,1.0113e+005,0.053,-0.288
16,16,59,1.0117e+005,0.282,-0.321
16,16,59,1.0121e+005,0.271,-0.123
16,16,59,1.0125e+005,1.071,-0.134
16,16,59,1.0129e+005,1.023,0.08
16,16,59,1.0133e+005,0.791,0.433
16,16,59,1.0137e+005,1.088,-0.239
16,16,59,1.0141e+005,1.352,-0.01
16,16,59,1.0144e+005,1.684,0.084
16,16,59,1.0148e+005,1.424,-0.388
16,16,59,1.0152e+005,0.845,0.423
16,16,59,1.0156e+005,0.443,0.235
16,16,59,1.016e+005,0.057,-0.054
16,16,59,1.0164e+005,-0.324,0.26
16,16,59,1.0168e+005,-0.553,-0.238
16,16,59,1.0172e+005,-0.822,0.318
16,16,59,1.0176e+005,-1.031,0.524
16,16,59,1.018e+005,-0.924,-0.555
16,16,59,1.0184e+005,-0.742,-0.117
16,16,59,1.0187e+005,-0.507,0.222
16,16,59,1.0191e+005,-0.202,-0.071
16,16,59,1.0195e+005,-0.308,0.163
16,16,59,1.0199e+005,-0.427,0.297
16,16,59,1.0203e+005,-0.134,-0.139
16,16,59,1.0207e+005,-0.298,0.002
16,16,59,1.0211e+005,0.251,-0.064
16,16,59,1.0215e+005,-0.088,0.068
16,16,59,1.0219e+005,0.173,0.356
16,16,59,1.0223e+005,0.169,-0.317
16,16,59,1.0226e+005,0.625,0.008
16,16,59,1.023e+005,0.563,0.273
16,16,59,1.0234e+005,0.305,0.163
16,16,59,1.0238e+005,0.095,0.09
16,16,59,1.0242e+005,-0.341,0.263
16,16,59,1.0246e+005,-0.619,0.293
16,16,59,1.025e+005,-0.957,-0.096
16,16,59,1.0254e+005,-1.185,0.031
16,16,59,1.0258e+005,-0.877,-0.514
16,16,59,1.0262e+005,-0.816,-0.23
16,16,59,1.0266e+005,-0.484,-0.184
16,16,59,1.027e+005,-0.169,-0.93
16,16,59,1.0273e+005,0.034,-0.089
16,16,59,1.0277e+005,0.101,0.345
16,16,59,1.0281e+005,0.126,-0.035
16,16,59,1.0285e+005,0.47,-0.508
16,16,59,1.0289e+005,0.175,-0.116
16,16,59,1.0293e+005,0.093,0.623
16,16,59,1.0297e+005,-0.09,-0.521
16,16,59,1.0301e+005,-0.244,0.319
16,16,59,1.0305e+005,-0.018,0.445
16,16,59,1.0308e+005,-0.301,-0.279
16,16,59,1.0312e+005,0.119,-0.099
16,16,59,1.0316e+005,-0.262,0.465
16,16,59,1.032e+005,-0.031,0.475
16,16,59,1.0324e+005,-0.032,-0.97
16,16,59,1.0328e+005,0.148,-0.116
16,16,59,1.0332e+005,-0.457,0.886
16,16,59,1.0336e+005,-0.031,-0.626
16,16,59,1.034e+005,-0.658,0.161
16,16,59,1.0344e+005,0.079,0.471
16,16,59,1.0348e+005,-0.74,0.196
16,16,59,1.0352e+005,-0.145,0.251
16,16,59,1.0355e+005,-0.16,-0.171
16,16,59,1.0359e+005,0.171,0.645
16,16,59,1.0363e+005,-0.285,0.296
16,16,59,1.0367e+005,0.272,-0.256
16,16,59,1.0371e+005,-0.269,-0.112
16,16,59,1.0375e+005,-0.24,0.149
16,16,59,1.0379e+005,-0.871,0.099
16,16,59,1.0383e+005,-1.322,0.142
16,16,59,1.0387e+005,-1.371,-0.001
16,16,59,1.0391e+005,-1.658,0.136
16,16,59,1.0394e+005,-1.301,0.13
16,16,59,1.0398e+005,-1.133,-0.165
16,16,59,1.0402e+005,-0.702,0.469
16,16,59,1.0406e+005,-0.228,0.216
16,16,59,1.041e+005,0.332,-0.522
16,16,59,1.0414e+005,0.748,-0.14
16,16,59,1.0418e+005,0.571,0.588
16,16,59,1.0422e+005,0.566,-0.169
16,16,59,1.0426e+005,0.26,-0.306
16,16,59,1.043e+005,0.056,-0.051
16,16,59,1.0434e+005,-0.287,-0.198
16,16,59,1.0437e+005,-0.564,0.32
16,16,59,1.0441e+005,-0.893,-0.178
16,16,59,1.0445e+005,-0.617,-0.264
16,16,59,1.0449e+005,-0.646,0.028
16,16,59,1.0453e+005,-0.625,-0.67
16,16,59,1.0457e+005,-0.943,0.057
16,16,59,1.0461e+005,-1.207,0.133
16,16,59,1.0465e+005,-1.046,-0.654
16,16,59,1.0469e+005,-0.98,-0.075
16,16,59,1.0473e+005,-0.719,0.111
16,16,59,1.0476e+005,-0.729,0.052
16,16,59,1.048e+005,-0.396,-0.264
16,16,59,1.0484e+005,0.126,-0.243
16,16,59,1.0488e+005,0.497,0.117
16,16,59,1.0492e+005,0.804,-0.473
16,16,59,1.0496e+005,0.71,-0.447
16,16,59,1.05e+005,0.906,0.205
16,16,59,1.0504e+005,0.462,-0.198
16,16,59,1.0508e+005,0.781,-0.646
16,16,59,1.0512e+005,0.341,-0.304
16,16,59,1.0516e+005,0.127,0.188
16,16,59,1.052e+005,-0.196,-0.096
16,16,59,1.0523e+005,-0.207,-0.191
16,16,59,1.0527e+005,-0.174,-0.34
16,16,59,1.0531e+005,0.131,-0.544
16,16,59,1.0535e+005,-0.345,0.143
16,16,59,1.0539e+005,-0.214,-0.4
16,16,59,1.0543e+005,-0.145,-0.053
16,16,59,1.0547e+005,0.111,-0.026
16,16,59,1.0551e+005,0.155,-0.157
16,16,59,1.0555e+005,-0.147,0.657
16,16,59,1.0558e+005,0.121,-0.487
16,16,59,1.0562e+005,0.278,-0.493
16,16,59,1.0566e+005,0.176,0.5
16,16,59,1.057e+005,0.261,-0.176
16,16,59,1.0574e+005,0.371,0.071
16,16,59,1.0578e+005,0.571,0.049
16,16,59,1.0582e+005,0.872,-0.461
16,16,59,1.0586e+005,0.729,-0.441
16,16,59,1.059e+005,0.417,-0.108
16,16,59,1.0594e+005,0.524,0.102
16,16,59,1.0598e+005,0.064,-0.104
16,16,59,1.0602e+005,0.198,-0.277
16,16,59,1.0605e+005,0.086,-0.453
16,16,59,1.0609e+005,0.23,-0.105
16,16,59,1.0613e+005,0.671,-0.31
16,16,59,1.0617e+005,0.477,-0.287
16,16,59,1.0621e+005,1.113,-0.463
16,16,59,1.0625e+005,0.786,0.154
16,16,59,1.0629e+005,1.014,-0.081
16,16,59,1.0633e+005,0.803,-0.412
16,16,59,1.0637e+005,0.606,0.291
16,16,59,1.0641e+005,0.567,-0.392
16,16,59,1.0644e+005,0.504,-0.354
16,16,59,1.0648e+005,0.394,0.454
16,16,59,1.0652e+005,0.477,-0.414
16,16,59,1.0656e+005,0.633,-0.031
16,16,59,1.066e+005,0.727,0.084
16,16,59,1.0664e+005,0.768,-0.233
16,16,59,1.0668e+005,0.61,0.231
16,16,59,1.0672e+005,1.195,-0.309
16,16,59,1.0676e+005,1.164,0.169
16,16,59,1.068e+005,1.599,-0.644
16,16,59,1.0684e+005,1.532,-0.642
16,16,59,1.0687e+005,1.426,0.426
16,16,59,1.0691e+005,0.936,-0.266
16,16,59,1.0695e+005,1.178,-0.686
16,16,59,1.0699e+005,0.452,0.517
16,16,59,1.0703e+005,0.279,0.345
16,16,59,1.0707e+005,0.025,-0.13
16,16,59,1.0711e+005,0.257,0.122
16,16,59,1.0715e+005,0.614,0.182
16,16,59,1.0719e+005,0.672,0.216
16,16,59,1.0723e+005,0.92,-0.101
16,16,59,1.0726e+005,1.066,0.24
16,16,59,1.073e+005,1.277,0.443
16,16,59,1.0734e+005,0.971,-0.28
16,16,59,1.0738e+005,0.838,0.01
16,16,59,1.0742e+005,0.408,0.161
16,16,59,1.0746e+005,0.483,-0.137
16,16,59,1.075e+005,0.068,0.008
16,16,59,1.0754e+005,-0.101,0.064
16,16,59,1.0758e+005,0.102,0.454
16,16,59,1.0762e+005,0.229,0.043
16,16,59,1.0766e+005,0.115,0.405
16,16,59,1.077e+005,0.384,0.48
16,16,59,1.0773e+005,0.234,0.084
16,16,59,1.0777e+005,-0.031,0.575
16,16,59,1.0781e+005,0.044,0.189
16,16,59,1.0785e+005,-0.172,0.144
16,16,59,1.0789e+005,-0.193,0.286
16,16,59,1.0793e+005,-0.315,0.103
16,16,59,1.0797e+005,-0.285,-0.077
16,16,59,1.0801e+005,-0.378,0.186
16,16,59,1.0805e+005,-0.182,0.389
16,16,59,1.0808e+005,-0.225,0.186
16,16,59,1.0812e+005,0.111,-0.095
16,16,59,1.0816e+005,-0.076,-0.024
16,16,59,1.082e+005,0.104,0.928
16,16,59,1.0824e+005,0.047,-0.045
16,16,59,1.0828e+005,-0.022,-0.081
16,16,59,1.0832e+005,0.035,1.027
16,16,59,1.0836e+005,-0.208,-0.024
16,16,59,1.084e+005,-0.422,0.354
16,16,59,1.0844e+005,-0.315,0.189
16,16,59,1.0848e+005,-0.188,-0.165
16,16,59,1.0852e+005,-0.262,0.457
16,16,59,1.0855e+005,-0.495,-0.239
16,16,59,1.0859e+005,-0.007,0.563
16,16,59,1.0863e+005,0.022,-0.011
16,16,59,1.0867e+005,0.308,-0.317
16,16,59,1.0871e+005,0.461,0.401
16,16,59,1.0875e+005,0.37,-0.407
16,16,59,1.0879e+005,0.547,0.51
16,16,59,1.0883e+005,0.793,-0.364
16,16,59,1.0887e+005,0.405,0.119
16,16,59,1.0891e+005,0.895,0.738
16,16,59,1.0894e+005,0.513,-0.641
16,16,59,1.0898e+005,0.828,0.489
16,16,59,1.0902e+005,0.799,-0.299
16,16,59,1.0906e+005,0.918,-0.9
16,16,59,1.091e+005,1.041,0.388
16,16,59,1.0914e+005,1.238,-0.392
16,16,59,1.0918e+005,1.347,-0.882
16,16,59,1.0922e+005,1.555,0.023
16,16,59,1.0926e+005,2.013,-0.622
16,16,59,1.093e+005,1.576,-0.635
16,16,59,1.0934e+005,1.419,-0.235
16,16,59,1.0937e+005,0.795,-0.531
16,16,59,1.0941e+005,0.107,-0.045
16,16,59,1.0945e+005,-0.438,-0.378
16,16,59,1.0949e+005,-1.024,-0.186
16,16,59,1.0953e+005,-1.468,0.528
16,16,59,1.0957e+005,-1.839,-0.342
16,16,59,1.0961e+005,-1.867,-0.024
16,16,59,1.0965e+005,-1.68,0.34
16,16,59,1.0969e+005,-1.464,0.151
16,16,59,1.0973e+005,-0.997,0.084
16,16,59,1.0976e+005,-0.931,0.113
16,16,59,1.098e+005,-0.832,0.53
16,16,59,1.0984e+005,-0.381,-0.207
16,16,59,1.0988e+005,-0.551,-0.277
16,16,59,1.0992e+005,-0.35,0.655
16,16,59,1.0996e+005,-0.37,0.079
16,16,59,1.1e+005,0.103,-0.268
16,16,59,1.1004e+005,0.618,0.065
16,16,59,1.1008e+005,1.031,0.021
16,16,59,1.1012e+005,1.318,-0.241
16,16,59,1.1016e+005,1.551,0.476
16,16,59,1.102e+005,1.82,0.449
16,16,59,1.1023e+005,2.208,-0.024
16,16,59,1.1027e+005,2.398,-0.311
16,16,59,1.1031e+005,2.267,-0.238
16,16,59,1.1035e+005,2.079,0.294
16,16,59,1.1039e+005,1.773,-0.459
16,16,59,1.1043e+005,1.432,0.156
16,16,59,1.1047e+005,1.247,0.103
16,16,59,1.1051e+005,0.484,-0.058
16,16,59,1.1055e+005,-0.1,0.497
16,16,59,1.1058e+005,-0.268,-0.028
16,16,59,1.1062e+005,-0.792,0.495
16,16,59,1.1066e+005,-0.858,0.705
16,16,59,1.107e+005,-0.871,-0.188
16,16,59,1.1074e+005,-0.916,0.836
16,16,59,1.1078e+005,-0.086,-0.036
16,16,59,1.1082e+005,0.021,-0.144
16,16,59,1.1086e+005,1.03,0.106
16,16,59,1.109e+005,1.092,-0.739
16,16,59,1.1094e+005,1.668,0.301
16,16,59,1.1098e+005,2.184,-0.664
16,16,59,1.1102e+005,2.475,-0.331
16,16,59,1.1105e+005,2.37,0.754
16,16,59,1.1109e+005,2.651,-0.946
16,16,59,1.1113e+005,2.271,0.087
16,16,59,1.1117e+005,2.247,0.295
16,16,59,1.1121e+005,1.939,-0.152
16,16,59,1.1125e+005,0.888,0.435
16,16,59,1.1129e+005,0.246,-0.497
16,16,59,1.1133e+005,-0.248,0.179
16,16,59,1.1137e+005,-0.991,0.073
16,16,59,1.1141e+005,-1.319,-0.022
16,16,59,1.1144e+005,-1.521,0.046
16,16,59,1.1148e+005,0.698,-3.013
16,16,59,1.1152e+005,0.616,-0.111
16,16,59,1.1156e+005,1.062,0.4
16,16,59,1.116e+005,0.467,-1.683
16,16,59,1.1164e+005,1.173,-0.082
16,16,59,1.1168e+005,-0.066,-0.507
16,16,59,1.1172e+005,-0.706,1.196
16,16,59,1.1176e+005,-2.915,0.681
16,16,59,1.118e+005,-3.712,1.53
16,16,59,1.1184e+005,-3.028,1.327
16,16,59,1.1187e+005,-3.709,0.555
16,16,59,1.1191e+005,-2.152,0.795
16,16,59,1.1195e+005,-2.527,0.126
16,16,59,1.1199e+005,-0.709,0.705
16,16,59,1.1203e+005,0.042,-1.15
16,16,59,1.1207e+005,-0.143,-0.387
16,16,59,1.1211e+005,0.724,-0.229
16,16,59,1.1215e+005,-0.161,-0.599
16,16,59,1.1219e+005,0.017,0.81
16,16,59,1.1223e+005,-0.286,-1.188
16,16,59,1.1226e+005,-0.125,-0.12
16,16,59,1.123e+005,-0.599,0.844
16,16,59,1.1234e+005,-0.439,-0.111
16,16,59,1.1238e+005,-0.409,0.578
16,16,59,1.1242e+005,-0.026,0.061
16,16,59,1.1246e+005,-0.036,0.138
16,16,59,1.125e+005,-0.563,0.175
16,16,59,1.1254e+005,-1.131,-0.046
16,16,59,1.1258e+005,-2.085,0.39
16,16,59,1.1262e+005,-2.979,0.024
16,16,59,1.1266e+005,-3.934,0.077
16,16,59,1.127e+005,-4.472,0.512
16,16,59,1.1273e+005,-4.405,0.266
16,16,59,1.1277e+005,-3.955,-0.716
16,16,59,1.1281e+005,-3.035,-0.142
16,16,59,1.1285e+005,-1.719,-0.032
16,16,59,1.1289e+005,-0.683,-0.067
16,16,59,1.1293e+005,0.617,0.046
16,16,59,1.1297e+005,1.154,-0.117
16,16,59,1.1301e+005,1.049,0.3
16,16,59,1.1305e+005,0.93,0.147
16,16,59,1.1308e+005,0.509,-0.159
16,16,59,1.1312e+005,-0.653,0.793
16,16,59,1.1316e+005,-1.058,0.315
16,16,59,1.132e+005,-1.354,-0.459
16,16,59,1.1324e+005,-1.475,0.319
16,16,59,1.1328e+005,-0.676,-0.089
16,16,59,1.1332e+005,-0.51,-0.628
16,16,59,1.1336e+005,0.08,-0.151
16,16,59,1.134e+005,-0.149,0.271
16,16,59,1.1344e+005,-0.11,-0.035
16,16,59,1.1348e+005,-0.336,-0.488
16,16,59,1.1352e+005,-0.879,0.265
16,16,59,1.1355e+005,-1.284,0.391
16,16,59,1.1359e+005,-1.566,-0.446
16,16,59,1.1363e+005,-1.539,-0.126
16,16,59,1.1367e+005,-1.47,0.265
16,16,59,1.1371e+005,-0.786,-0.512
16,16,59,1.1375e+005,-0.788,0.207
16,16,59,1.1379e+005,-0.099,0.223
16,16,59,1.1383e+005,-0.216,0.256
16,16,59,1.1387e+005,0.27,0.409
16,16,59,1.1391e+005,-0.052,0.441
16,16,59,1.1394e+005,-0.202,0.588
16,16,59,1.1398e+005,-0.001,-0.51
16,16,59,1.1402e+005,-0.159,-0.18
16,16,59,1.1406e+005,-0.337,0.111
16,16,59,1.141e+005,-0.753,0.131
16,16,59,1.1414e+005,-0.336,0.169
16,16,59,1.1418e+005,-0.275,-0.211
16,16,59,1.1422e+005,0.198,0.131
16,16,59,1.1426e+005,-0.351,0.223
16,16,59,1.143e+005,0.124,-0.108
16,16,59,1.1434e+005,0.052,0.144
16,16,59,1.1437e+005,-0.44,0.84
16,16,59,1.1441e+005,-0.263,-0.147
16,16,59,1.1445e+005,-1.441,0.428
16,16,59,1.1449e+005,-0.801,0.392
16,16,59,1.1453e+005,-1.74,-0.025
16,16,59,1.1457e+005,-1.325,0.385
16,16,59,1.1461e+005,-1.76,-0.367
16,16,59,1.1465e+005,-1.303,0.219
16,16,59,1.1469e+005,-1.23,-0.162
16,16,59,1.1473e+005,-1.133,-0.218
16,16,59,1.1476e+005,-0.846,-0.31
16,16,59,1.148e+005,-1.008,-0.068
16,16,59,1.1484e+005,-0.667,0.084
16,16,59,1.1488e+005,-1.291,0.064
16,16,59,1.1492e+005,-0.765,0.066
16,16,59,1.1496e+005,-0.584,-0.107
16,16,59,1.15e+005,-0.035,0.276
16,16,59,1.1504e+005,0.367,0.025
16,16,59,1.1508e+005,0.479,0.42
16,16,59,1.1512e+005,1.021,0.236
16,16,59,1.1516e+005,0.95,-0.015
16,16,59,1.152e+005,0.812,0.132
16,16,59,1.1523e+005,0.549,-0.008
16,16,59,1.1527e+005,-0.197,0.34
16,16,59,1.1531e+005,-0.438,0.064
16,16,59,1.1535e+005,-0.841,-0.706
16,16,59,1.1539e+005,-0.889,-0.147
16,16,59,1.1543e+005,-0.848,-0.172
16,16,59,1.1547e+005,-0.626,-0.596
16,16,59,1.1551e+005,-0.58,-0.099
16,16,59,1.1555e+005,-0.185,-0.192
16,16,59,1.1558e+005,0.154,-0.739
16,16,59,1.1562e+005,0.2,0.236
16,16,59,1.1566e+005,0.511,0.737
16,16,59,1.157e+005,0.433,-0.423
16,16,59,1.1574e+005,1.004,-0.279
16,16,59,1.1578e+005,0.843,0.177
16,16,59,1.1582e+005,1.042,0.414
16,16,59,1.1586e+005,1.133,-0.275
16,16,59,1.159e+005,1.355,-0.036
16,16,59,1.1594e+005,1.014,0.474
16,16,59,1.1598e+005,0.823,0.042
16,16,59,1.1602e+005,0.316,0.175
16,16,59,1.1605e+005,0.243,-0.811
16,16,59,1.1609e+005,-0.123,0.134
16,16,59,1.1613e+005,-0.811,1.298
16,16,59,1.1617e+005,-0.751,-1.087
16,16,59,1.1621e+005,-0.826,0.146
16,16,59,1.1625e+005,0.272,0.388
16,16,59,1.1629e+005,0.527,-1.12
16,16,59,1.1633e+005,0.537,0.283
16,16,59,1.1637e+005,1.026,-0.572
16,16,59,1.1641e+005,1.14,-0.022
16,16,59,1.1644e+005,1.464,-0.066
16,16,59,1.1648e+005,0.707,0.073
16,16,59,1.1652e+005,0.863,0.237
16,16,59,1.1656e+005,0.246,-0.173
16,16,59,1.166e+005,0.94,0.487
16,16,59,1.1664e+005,-0.174,0.121
16,16,59,1.1668e+005,0.364,0.068
16,16,59,1.1672e+005,-0.132,-0.201
16,16,59,1.1676e+005,0.004,0.101
16,16,59,1.168e+005,0.166,-0.491
16,16,59,1.1684e+005,-0.626,0.02
16,16,59,1.1687e+005,-0.111,-0.632
16,16,59,1.1691e+005,-0.493,-0.481
16,16,59,1.1695e+005,-0.479,0.447
16,16,59,1.1699e+005,-0.007,-1.191
16,16,59,1.1703e+005,-0.033,-0.156
16,16,59,1.1707e+005,0.582,0.084
16,16,59,1.1711e+005,0.738,-0.218
16,16,59,1.1715e+005,1.283,-0.282
16,16,59,1.1719e+005,1.613,-0.522
16,16,59,1.1723e+005,1.857,0.224
16,16,59,1.1726e+005,1.748,-0.44
16,16,59,1.173e+005,2.069,-1.007
16,16,59,1.1734e+005,1.77,0.38
16,16,59,1.1738e+005,1.76,0.148
16,16,59,1.1742e+005,1.026,-0.416
16,16,59,1.1746e+005,0.477,-0.058
16,16,59,1.175e+005,0.18,-0.163
16,16,59,1.1754e+005,-0.306,0.37
16,16,59,1.1758e+005,-0.723,0.1
16,16,59,1.1762e+005,-1.067,0.552
16,16,59,1.1766e+005,-0.928,0.713
16,16,59,1.177e+005,-0.828,-0.217
16,16,59,1.1773e+005,-0.253,-0.322
16,16,59,1.1777e+005,-0.352,0.11
16,16,59,1.1781e+005,0.413,-0.184
16,16,59,1.1785e+005,0.586,-0.786
16,16,59,1.1789e+005,0.61,-0.15
16,16,59,1.1793e+005,0.502,-0.259
16,16,59,1.1797e+005,0.439,-0.46
16,16,59,1.1801e+005,0.44,-0.42
16,16,59,1.1805e+005,0.113,0.353
16,16,59,1.1808e+005,-0.237,0.742
16,16,59,1.1812e+005,-0.701,0.027
16,16,59,1.1816e+005,-0.485,-0.006
16,16,59,1.182e+005,-0.553,0.104
16,16,59,1.1824e+005,-0.528,-0.145
16,16,59,1.1828e+005,-0.729,0.009
16,16,59,1.1832e+005,-1.233,0.371
16,16,59,1.1836e+005,-0.935,0.007
16,16,59,1.184e+005,-0.639,-0.827
16,16,59,1.1844e+005,-1.029,0.54
16,16,59,1.1848e+005,-0.368,0.262
16,16,59,1.1852e+005,-0.866,-0.73
16,16,59,1.1855e+005,0.102,-0.429
16,16,59,1.1859e+005,0.168,-0.899
16,16,59,1.1863e+005,0.183,0.199
16,16,59,1.1867e+005,0.146,-0.038
16,16,59,1.1871e+005,0.434,-0.822
16,16,59,1.1875e+005,0.6,-0.054
16,16,59,1.1879e+005,0.781,-0.904
16,16,59,1.1883e+005,0.041,-0.435
16,16,59,1.1887e+005,-0.287,0.622
16,16,59,1.1891e+005,-0.522,-0.238
16,16,59,1.1894e+005,-0.385,0.069
16,16,59,1.1898e+005,-0.552,0.006
16,16,59,1.1902e+005,-0.649,0.241
16,16,59,1.1906e+005,-0.306,0.002
16,16,59,1.191e+005,0.11,0.172
16,16,59,1.1914e+005,0.671,0.054
16,16,59,1.1918e+005,0.565,-0.123
16,16,59,1.1922e+005,1.545,-0.263
16,16,59,1.1926e+005,1.451,-0.073
16,16,59,1.193e+005,1.825,0.346
16,16,59,1.1934e+005,1.503,-0.443
16,16,59,1.1937e+005,1.576,-0.293
16,16,59,1.1941e+005,1.761,0.279
16,16,59,1.1945e+005,1.506,0.012
16,16,59,1.1949e+005,1.69,-0.559
16,16,59,1.1953e+005,1.756,-0.459
16,16,59,1.1957e+005,1.535,0.355
16,16,59,1.1961e+005,1.535,-0.069
16,16,59,1.1965e+005,1.165,-0.417
16,16,59,1.1969e+005,0.751,0.21
16,16,59,1.1973e+005,0.68,0.31
16,16,59,1.1976e+005,-0.22,0.721
16,16,59,1.198e+005,-0.436,0.361
16,16,59,1.1984e+005,-0.487,-0.409
16,16,59,1.1988e+005,-0.696,0.443
16,16,59,1.1992e+005,-0.567,-0.023
16,16,59,1.1996e+005,-0.902,0.481
16,16,59,1.2e+005,-0.88,0.612
16,16,59,1.2004e+005,-0.612,-0.759
16,16,59,1.2008e+005,-0.869,0.223
16,16,59,1.2012e+005,-0.865,0.062
16,16,59,1.2016e+005,-0.726,-0.172
16,16,59,1.202e+005,-0.231,-0.278
16,16,59,1.2023e+005,-0.466,-0.231
16,16,59,1.2027e+005,0.388,-0.233
16,16,59,1.2031e+005,-0.23,-0.212
16,16,59,1.2035e+005,0.476,0.52
16,16,59,1.2039e+005,0.25,-0.044
16,16,59,1.2043e+005,0.336,0.227
16,16,59,1.2047e+005,0.381,-0.116
16,16,59,1.2051e+005,-0.144,0.434
16,16,59,1.2055e+005,0.008,0.382
16,16,59,1.2058e+005,-0.253,-0.406
16,16,59,1.2062e+005,-0.028,-0.263
16,16,59,1.2066e+005,-0.181,0.405
16,16,59,1.207e+005,-0.465,0.646
16,16,59,1.2074e+005,-0.571,-0.084
16,16,59,1.2078e+005,-0.666,0.007
16,16,59,1.2082e+005,-0.643,-0.459
16,16,59,1.2086e+005,-0.945,0.291
16,16,59,1.209e+005,-1.531,0.7
16,16,59,1.2094e+005,-1.303,-0.137
16,16,59,1.2098e+005,-1.476,-0.025
16,16,59,1.2102e+005,-0.585,-0.564
16,16,59,1.2105e+005,-0.602,-0.439
16,16,59,1.2109e+005,-0.11,0.294
16,16,59,1.2113e+005,-0.139,-0.083
16,16,59,1.2117e+005,0.322,0.089
16,16,59,1.2121e+005,0.569,-0.319
16,16,59,1.2125e+005,0.697,0.137
16,16,59,1.2129e+005,0.882,0.389
16,16,59,1.2133e+005,0.865,-0.03
16,16,59,1.2137e+005,1.014,-0.041
16,16,59,1.2141e+005,1.078,-0.047
16,16,59,1.2144e+005,1.354,-0.594
16,16,59,1.2148e+005,0.99,0.398
16,16,59,1.2152e+005,1.185,0.522
16,16,59,1.2156e+005,0.603,-0.176
16,16,59,1.216e+005,0.58,-0.158
16,16,59,1.2164e+005,0.571,-0.517
16,16,59,1.2168e+005,-0.33,0.87
16,16,59,1.2172e+005,-0.199,-0.367
16,16,59,1.2176e+005,-1.084,0.013
16,16,59,1.218e+005,-0.375,0.095
16,16,59,1.2184e+005,-0.925,-0.343
16,16,59,1.2187e+005,-0.879,0.678
16,16,59,1.2191e+005,-1.623,-0.186
16,16,59,1.2195e+005,-1.421,0.208
16,16,59,1.2199e+005,-1.889,-0.371
16,16,59,1.2203e+005,-1.657,-0.404
16,16,59,1.2207e+005,-2.541,0.545
16,16,59,1.2211e+005,-2.21,0.21
16,16,59,1.2215e+005,-2.032,-0.419
16,16,59,1.2219e+005,-0.937,-0.521
16,16,59,1.2223e+005,-0.613,-0.602
16,16,59,1.2226e+005,0.14,-0.006
16,16,59,1.223e+005,0.169,0.1
16,16,59,1.2234e+005,0.636,0.191
16,16,59,1.2238e+005,0.857,-0.254
16,16,59,1.2242e+005,0.967,-0.102
16,16,59,1.2246e+005,0.837,0.557
16,16,59,1.225e+005,0.715,0.28
16,16,59,1.2254e+005,0.7,0.138
16,16,59,1.2258e+005,1.086,-0.565
16,16,59,1.2262e+005,0.912,-0.523
16,16,59,1.2266e+005,0.909,0.249
16,16,59,1.227e+005,0.36,-0.241
16,16,59,1.2273e+005,0.478,-0.071
16,16,59,1.2277e+005,0.033,-0.15
16,16,59,1.2281e+005,0.207,-0.489
16,16,59,1.2285e+005,-0.283,-0.052
16,16,59,1.2289e+005,-0.418,0.528
16,16,59,1.2293e+005,0.001,-0.219
16,16,59,1.2297e+005,0.19,-0.444
16,16,59,1.2301e+005,0.955,-0.591
16,16,59,1.2305e+005,0.918,0.101
16,16,59,1.2308e+005,1.259,0.415
16,16,59,1.2312e+005,1.206,-0.408
16,16,59,1.2316e+005,1.55,-0.414
16,16,59,1.232e+005,1.259,-0.328
16,16,59,1.2324e+005,0.778,0.272
16,16,59,1.2328e+005,0.117,0.432
16,16,59,1.2332e+005,-0.046,-0.085
16,16,59,1.2336e+005,-0.182,-0.597
16,16,59,1.234e+005,-0.736,0.008
16,16,59,1.2344e+005,-1.261,0.078
16,16,59,1.2348e+005,-1.528,-0.121
16,16,59,1.2352e+005,-1.297,0.189
16,16,59,1.2355e+005,-1.459,-0.504
16,16,59,1.2359e+005,-1.683,-0.482
16,16,59,1.2363e+005,-1.89,-0.056
16,16,59,1.2367e+005,-1.407,0.275
16,16,59,1.2371e+005,-1.763,0.417
16,16,59,1.2375e+005,-1.202,-0.156
16,16,59,1.2379e+005,-1.116,-0.395
16,16,59,1.2383e+005,-0.576,0.541
16,16,59,1.2387e+005,-0.862,0.781
16,16,59,1.2391e+005,-0.166,-0.116
16,16,59,1.2394e+005,-0.019,-0.418
16,16,59,1.2398e+005,0.481,0.097
16,16,59,1.2402e+005,0.633,-0.208
16,16,59,1.2406e+005,0.048,0.595
16,16,59,1.241e+005,0.157,0.11
16,16,59,1.2414e+005,0.263,-0.049
16,16,59,1.2418e+005,-0.401,0.722
16,16,59,1.2422e+005,-0.022,-0.514
16,16,59,1.2426e+005,-0.429,0.119
16,16,59,1.243e+005,-0.139,0.701
16,16,59,1.2434e+005,0.315,-0.856
16,16,59,1.2437e+005,0.297,-0.038
16,16,59,1.2441e+005,1.038,-0.329
16,16,59,1.2445e+005,1.008,-0.045
16,16,59,1.2449e+005,1.107,0.201
16,16,59,1.2453e+005,1.272,-0.758
16,16,59,1.2457e+005,1.218,0.415
16,16,59,1.2461e+005,1.13,-0.086
16,16,59,1.2465e+005,0.66,0.03
16,16,59,1.2469e+005,0.896,0.009
16,16,59,1.2473e+005,0.468,-0.171
16,16,59,1.2476e+005,1.228,0.289
16,16,59,1.248e+005,0.418,-0.152
16,16,59,1.2484e+005,1.077,-0.037
16,16,59,1.2488e+005,0.766,-0.278
16,16,59,1.2492e+005,1.474,-0.112
16,16,59,1.2496e+005,1.314,0.095
16,16,59,1.25e+005,1.675,-0.036
16,16,59,1.2504e+005,1.632,0.1
16,16,59,1.2508e+005,1.786,0.403
16,16,59,1.2512e+005,1.229,-0.165
16,16,59,1.2516e+005,1.226,-0.109
16,16,59,1.252e+005,0.71,0.024
16,16,59,1.2523e+005,0.423,0.369
16,16,59,1.2527e+005,-0.028,0.059
16,16,59,1.2531e+005,-0.3,0.086
16,16,59,1.2535e+005,-0.171,0.385
16,16,59,1.2539e+005,0.005,0.019
16,16,59,1.2543e+005,0.014,0.306
16,16,59,1.2547e+005,0.081,-0.343
16,16,59,1.2551e+005,-0.125,0.209
16,16,59,1.2555e+005,0.25,0.485
16,16,59,1.2558e+005,0.158,-0.346
16,16,59,1.2562e+005,0.539,0.405
16,16,59,1.2566e+005,0.439,-0.066
16,16,59,1.257e+005,0.742,0.043
16,16,59,1.2574e+005,1.136,-0.086
16,16,59,1.2578e+005,1.327,0.04
16,16,59,1.2582e+005,1.942,0.158
16,16,59,1.2586e+005,1.487,-0.225
16,16,59,1.259e+005,1.925,-0.08
16,16,59,1.2594e+005,1.824,-0.22
16,16,59,1.2598e+005,1.779,0.279
16,16,59,1.2602e+005,1.528,0.037
16,16,59,1.2605e+005,0.888,0.214
16,16,59,1.2609e+005,0.781,0.068
16,16,59,1.2613e+005,0.42,-0.236
16,16,59,1.2617e+005,-0.194,0.486
16,16,59,1.2621e+005,-0.621,0.436
16,16,59,1.2625e+005,-0.826,0.133
16,16,59,1.2629e+005,-0.669,-0.06
16,16,59,1.2633e+005,-0.292,-0.325
16,16,59,1.2637e+005,-0.494,0.051
16,16,59,1.2641e+005,-0.419,0.109
16,16,59,1.2644e+005,-0.288,-0.245
16,16,59,1.2648e+005,-0.124,0.267
16,16,59,1.2652e+005,-0.113,-0.435
16,16,59,1.2656e+005,-0.638,0.185
16,16,59,1.266e+005,-1.01,0.448
16,16,59,1.2664e+005,-1.515,0.176
16,16,59,1.2668e+005,-1.308,0.6
16,16,59,1.2672e+005,-1.561,-0.298
16,16,59,1.2676e+005,-1.298,0.854
16,16,59,1.268e+005,-1.082,-0.017
16,16,59,1.2684e+005,-0.96,-0.392
16,16,59,1.2687e+005,-0.021,-0.329
16,16,59,1.2691e+005,-0.261,-0.47
16,16,59,1.2695e+005,0.5,0.332
16,16,59,1.2699e+005,-0.233,0.016
16,16,59,1.2703e+005,0.302,-0.155
16,16,59,1.2707e+005,-0.133,-0.326
16,16,59,1.2711e+005,-0.099,0.142
16,16,59,1.2715e+005,-0.389,0.136
16,16,59,1.2719e+005,-0.398,0.659
16,16,59,1.2723e+005,-0.373,0.169
16,16,59,1.2726e+005,-0.29,-0.283
16,16,59,1.273e+005,-0.28,0.172
16,16,59,1.2734e+005,-0.321,0.374
16,16,59,1.2738e+005,-0.013,-0.061
16,16,59,1.2742e+005,-0.474,0.084
16,16,59,1.2746e+005,0.027,-0.235
16,16,59,1.275e+005,-0.718,-0.155
16,16,59,1.2754e+005,0.226,-0.495
16,16,59,1.2758e+005,-0.138,-0.229
16,16,59,1.2762e+005,0.187,0.997
16,16,59,1.2766e+005,-0.054,-0.726
16,16,59,1.277e+005,0.13,-0.172
16,16,59,1.2773e+005,0.252,0.426
16,16,59,1.2777e+005,0.206,0.065
16,16,59,1.2781e+005,0.195,0.094
16,16,59,1.2785e+005,0.031,-0.284
16,16,59,1.2789e+005,-0.142,0.489
16,16,59,1.2793e+005,-0.35,-0.277
16,16,59,1.2797e+005,-0.95,-0.473
16,16,59,1.2801e+005,-1.338,-0.125
16,16,59,1.2805e+005,-1.684,-0.84
16,16,59,1.2808e+005,-2.238,0.24
16,16,59,1.2812e+005,-2.407,0.032
16,16,59,1.2816e+005,-2.364,-0.652
16,16,59,1.282e+005,-1.768,-0.546
16,16,59,1.2824e+005,-1.311,-0.231
16,16,59,1.2828e+005,-0.946,0.282
16,16,59,1.2832e+005,-0.797,-0.067
16,16,59,1.2836e+005,-0.352,-0.046
16,16,59,1.284e+005,0.245,-0.002
16,16,59,1.2844e+005,-0.053,0.25
16,16,59,1.2848e+005,0.055,0.175
16,16,59,1.2852e+005,-0.196,0.415
16,16,59,1.2855e+005,0.072,0.469
16,16,59,1.2859e+005,0.621,-0.788
16,16,59,1.2863e+005,0.687,-0.336
16,16,59,1.2867e+005,0.805,0.409
16,16,59,1.2871e+005,0.766,0.159
16,16,59,1.2875e+005,0.704,0.104
16,16,59,1.2879e+005,0.892,-0.262
16,16,59,1.2883e+005,0.442,0.217
16,16,59,1.2887e+005,0.181,0.558
16,16,59,1.2891e+005,-0.543,-0.039
16,16,59,1.2894e+005,-0.628,0.69
16,16,59,1.2898e+005,-0.828,-0.05
16,16,59,1.2902e+005,-0.724,-0.74
16,16,59,1.2906e+005,-1.119,0.281
16,16,59,1.291e+005,-1.106,0.148
16,16,59,1.2914e+005,-1.032,-0.025
16,16,59,1.2918e+005,-1.021,-0.436
16,16,59,1.2922e+005,-0.807,-0.332
16,16,59,1.2926e+005,-1.223,0.765
16,16,59,1.293e+005,-1.285,0.302
16,16,59,1.2934e+005,-1.103,-0.064
16,16,59,1.2937e+005,-1.137,0.37
16,16,59,1.2941e+005,-0.699,-0.275
16,16,59,1.2945e+005,-0.657,-0.015
16,16,59,1.2949e+005,-0.614,0.741
16,16,59,1.2953e+005,-0.207,-0.48
16,16,59,1.2957e+005,0.267,-0.628
16,16,59,1.2961e+005,0.627,-0.079
16,16,59,1.2965e+005,0.758,-0.112
16,16,59,1.2969e+005,0.673,0.191
16,16,59,1.2973e+005,1.367,-0.849
16,16,59,1.2976e+005,1.637,-0.565
16,16,59,1.298e+005,2.014,-0.096
16,16,59,1.2984e+005,1.472,-0.997
16,16,59,1.2988e+005,1.63,0.061
16,16,59,1.2992e+005,1.145,0.021
16,16,59,1.2996e+005,1.302,-0.209
16,16,59,1.3e+005,0.453,0.029
16,16,59,1.3004e+005,0.261,-0.015
16,16,59,1.3008e+005,-0.417,0.564
16,16,59,1.3012e+005,-0.216,0.076
16,16,59,1.3016e+005,-0.322,-0.456
16,16,59,1.302e+005,-0.043,0.411
16,16,59,1.3023e+005,-0.488,0.126
16,16,59,1.3027e+005,0.214,-0.553
16,16,59,1.3031e+005,-0.303,-0.347
16,16,59,1.3035e+005,0.604,-0.341
16,16,59,1.3039e+005,-0.012,-0.32
16,16,59,1.3043e+005,0.494,0.493
16,16,59,1.3047e+005,0.421,-0.249
16,16,59,1.3051e+005,1.529,-0.558
16,16,59,1.3055e+005,1.893,-0.177
16,16,59,1.3058e+005,3.637,-1.022
16,16,59,1.3062e+005,3.597,0.031
16,16,59,1.3066e+005,4.175,0.555
16,16,59,1.307e+005,3.583,-1.044
16,16,59,1.3074e+005,3.545,-0.174
16,16,59,1.3078e+005,2.551,-0.322
16,16,59,1.3082e+005,1.106,0.48
16,16,59,1.3086e+005,-0.635,0.729
16,16,59,1.309e+005,-1.894,0.294
16,16,59,1.3094e+005,-1.57,-0.296
16,16,59,1.3098e+005,-2.526,0.065
16,16,59,1.3102e+005,-1.58,0.443
16,16,59,1.3105e+005,-2.327,0.251
16,16,59,1.3109e+005,-1.099,-0.084
16,16,59,1.3113e+005,-0.373,-0.601
16,16,59,1.3117e+005,0.367,0.004
16,16,59,1.3121e+005,-0.319,0.456
16,16,59,1.3125e+005,0.056,-0.187
16,16,59,1.3129e+005,-0.357,0.196
16,16,59,1.3133e+005,0.378,0.027
16,16,59,1.3137e+005,0.066,-0.587
16,16,59,1.3141e+005,0.404,0.811
16,16,59,1.3144e+005,0.485,0.789
16,16,59,1.3148e+005,1.201,0.24
16,16,59,1.3152e+005,1.327,-0.091
16,16,59,1.3156e+005,1.53,-0.184
16,16,59,1.316e+005,1.151,0.488
16,16,59,1.3164e+005,0.698,0.571
16,16,59,1.3168e+005,-0.048,0.219
16,16,59,1.3172e+005,-1.051,0.363
16,16,59,1.3176e+005,-1.486,-0.09
16,16,59,1.318e+005,-2.2,-0.176
16,16,59,1.3184e+005,-2.696,0.743
16,16,59,1.3187e+005,-3.246,0.424
16,16,59,1.3191e+005,-2.952,-0.078
16,16,59,1.3195e+005,-2.294,-0.372
16,16,59,1.3199e+005,-1.742,0.142
16,16,59,1.3203e+005,-1.402,0.504
16,16,59,1.3207e+005,-1.057,0.098
16,16,59,1.3211e+005,-0.346,-0.188
16,16,59,1.3215e+005,-0.334,0.354
16,16,59,1.3219e+005,-0.177,0.389
16,16,59,1.3223e+005,-0.8,0.262
16,16,59,1.3226e+005,-0.607,0.474
16,16,59,1.323e+005,-0.463,-0.317
16,16,59,1.3234e+005,-0.601,0.146
16,16,59,1.3238e+005,-0.469,0.194
16,16,59,1.3242e+005,-0.716,0.641
16,16,59,1.3246e+005,0.054,0.558
16,16,59,1.325e+005,0.023,0.02
16,16,59,1.3254e+005,0.621,0.074
16,16,59,1.3258e+005,-0.001,0.207
16,16,59,1.3262e+005,0.349,0.31
16,16,59,1.3266e+005,-0.396,0.219
16,16,59,1.327e+005,-0.405,0.182
16,16,59,1.3273e+005,-0.673,-0.459
16,16,59,1.3277e+005,-0.862,0.268
16,16,59,1.3281e+005,-1.369,0.219
16,16,59,1.3285e+005,-1.015,-0.377
16,16,59,1.3289e+005,-0.899,-0.437
16,16,59,1.3293e+005,-0.464,-0.367
16,16,59,1.3297e+005,-0.783,0.6
16,16,59,1.3301e+005,-0.698,0.243
16,16,59,1.3305e+005,-0.774,-0.395
16,16,59,1.3308e+005,-0.665,0.522
16,16,59,1.3312e+005,-0.762,0.082
16,16,59,1.3316e+005,-1.15,-0.192
16,16,59,1.332e+005,-1.288,0.591
16,16,59,1.3324e+005,-1.505,0.286
16,16,59,1.3328e+005,-0.782,-0.701
16,16,59,1.3332e+005,-0.884,-0.549
16,16,59,1.3336e+005,-0.4,0.02
16,16,59,1.334e+005,-0.528,0.106
16,16,59,1.3344e+005,0.111,-0.214
16,16,59,1.3348e+005,0.25,-0.578
16,16,59,1.3352e+005,0.628,-0.174
16,16,59,1.3355e+005,0.565,-0.065
16,16,59,1.3359e+005,0.69,-0.039
16,16,59,1.3363e+005,0.329,0.33
16,16,59,1.3367e+005,0.501,0.005
16,16,59,1.3371e+005,0.363,-0.31
16,16,59,1.3375e+005,0.458,0.147
16,16,59,1.3379e+005,0.232,-0.318
16,16,59,1.3383e+005,0.24,-0.375
16,16,59,1.3387e+005,0.163,-0.08
16,16,59,1.3391e+005,0.326,-0.427
16,16,59,1.3394e+005,-0.083,-0.615
16,16,59,1.3398e+005,-0.408,-0.091
16,16,59,1.3402e+005,-0.222,-0.14
16,16,59,1.3406e+005,-0.484,0.113
16,16,59,1.341e+005,-0.333,-0.11
16,16,59,1.3414e+005,-0.375,-0.257
16,16,59,1.3418e+005,-0.092,0.487
16,16,59,1.3422e+005,0.846,-1.097
16,16,59,1.3426e+005,0.832,-0.116
16,16,59,1.343e+005,1.508,0.036
16,16,59,1.3434e+005,1.618,-1.121
16,16,59,1.3437e+005,1.987,0.018
16,16,59,1.3441e+005,1.805,-0.427
16,16,59,1.3445e+005,2.066,-0.602
16,16,59,1.3449e+005,1.122,-0.177
16,16,59,1.3453e+005,0.772,0.081
16,16,59,1.3457e+005,0.234,-0.265
16,16,59,1.3461e+005,0.028,-0.392
16,16,59,1.3465e+005,-0.439,0.069
16,16,59,1.3469e+005,-0.744,0.346
16,16,59,1.3473e+005,-0.393,-0.336
16,16,59,1.3476e+005,-0.167,-0.21
16,16,59,1.348e+005,0.336,-0.112
16,16,59,1.3484e+005,0.341,-0.061
16,16,59,1.3488e+005,0.25,0.491
16,16,59,1.3492e+005,0.658,-0.172
16,16,59,1.3496e+005,0.803,-0.497
16,16,59,1.35e+005,0.607,-0.25
16,16,59,1.3504e+005,0.366,0.055
16,16,59,1.3508e+005,-0.156,0.646
16,16,59,1.3512e+005,0.122,0.016
16,16,59,1.3516e+005,0.575,-0.902
16,16,59,1.352e+005,0.821,0.232
16,16,59,1.3523e+005,0.423,0.72
16,16,59,1.3527e+005,0.474,0.363
16,16,59,1.3531e+005,0.593,0.192
16,16,59,1.3535e+005,0.785,-0.46
16,16,59,1.3539e+005,0.501,-0.543
16,16,59,1.3543e+005,-0.218,-0.115
16,16,59,1.3547e+005,-0.671,0.119
16,16,59,1.3551e+005,-0.873,-0.067
16,16,59,1.3555e+005,-0.675,-0.663
16,16,59,1.3558e+005,-0.816,-0.349
16,16,59,1.3562e+005,-0.819,0.688
16,16,59,1.3566e+005,-0.656,0.322
16,16,59,1.357e+005,-0.011,0.193
16,16,59,1.3574e+005,0.052,0.452
16,16,59,1.3578e+005,0.793,-0.154
16,16,59,1.3582e+005,0.558,0.525
16,16,59,1.3586e+005,0.917,0.217
16,16,59,1.359e+005,1.126,-0.352
16,16,59,1.3594e+005,0.844,0.82
16,16,59,1.3598e+005,0.555,-0.051
16,16,59,1.3602e+005,-0.091,0.084
16,16,59,1.3605e+005,-0.19,0.635
16,16,59,1.3609e+005,-0.4,-0.279
16,16,59,1.3613e+005,-0.383,0.452
16,16,59,1.3617e+005,-0.634,0.095
16,16,59,1.3621e+005,-0.268,-0.193
16,16,59,1.3625e+005,-0.046,0.485
16,16,59,1.3629e+005,0.115,0.083
16,16,59,1.3633e+005,0.371,0.59
16,16,59,1.3637e+005,-0.238,0.251
16,16,59,1.3641e+005,-0.229,-0.235
16,16,59,1.3644e+005,-0.952,0.739
16,16,59,1.3648e+005,-0.945,-0.039
16,16,59,1.3652e+005,-1.569,-0.385
16,16,59,1.3656e+005,-1.591,-0.022
16,16,59,1.366e+005,-1.7,-0.549
16,16,59,1.3664e+005,-1.668,0.309
16,16,59,1.3668e+005,-1.62,0.495
16,16,59,1.3672e+005,-1.357,-0.116
16,16,59,1.3676e+005,-0.992,0.697
16,16,59,1.368e+005,-0.882,0.094
16,16,59,1.3684e+005,-0.687,-0.271
16,16,59,1.3687e+005,-1.017,0.419
16,16,59,1.3691e+005,-0.802,0.128
16,16,59,1.3695e+005,-0.644,-0.088
16,16,59,1.3699e+005,-0.774,0.086
16,16,59,1.3703e+005,-0.609,-0.121
16,16,59,1.3707e+005,-0.322,-0.2
16,16,59,1.3711e+005,-0.148,-0.051
16,16,59,1.3715e+005,-0.007,0.533
16,16,59,1.3719e+005,-0.134,0.013
16,16,59,1.3723e+005,0.092,-0.609
16,16,59,1.3726e+005,0.087,-0.041
16,16,59,1.373e+005,-0.201,0.164
16,16,59,1.3734e+005,-0.302,-0.458
16,16,59,1.3738e+005,-0.714,0.179
16,16,59,1.3742e+005,-0.66,-0.054
16,16,59,1.3746e+005,-0.758,-0.618
16,16,59,1.375e+005,-0.62,-0.266
16,16,59,1.3754e+005,-0.489,-0.33
16,16,59,1.3758e+005,-0.302,-0.378
16,16,59,1.3762e+005,-0.265,-0.49
16,16,59,1.3766e+005,0.073,-0.67
16,16,59,1.377e+005,-0.015,-0.114
16,16,59,1.3773e+005,0.197,-0.139
16,16,59,1.3777e+005,0.061,-0.189
16,16,59,1.3781e+005,0.302,-0.181
16,16,59,1.3785e+005,0.323,-0.14
16,16,59,1.3789e+005,0.518,-0.423
16,16,59,1.3793e+005,0.614,-0.786
16,16,59,1.3797e+005,0.85,0.364
16,16,59,1.3801e+005,0.796,0.048
16,16,59,1.3805e+005,0.706,-0.545
16,16,59,1.3808e+005,0.835,-0.448
16,16,59,1.3812e+005,0.594,-0.388
16,16,59,1.3816e+005,0.676,-0.557
16,16,59,1.382e+005,0.152,-0.607
16,16,59,1.3824e+005,-0.46,0.319
16,16,59,1.3828e+005,-0.341,-0.097
16,16,59,1.3832e+005,-0.368,-0.522
16,16,59,1.3836e+005,0.085,0.062
16,16,59,1.384e+005,0.031,0.243
16,16,59,1.3844e+005,0.223,0.123
16,16,59,1.3848e+005,0.698,-0.663
16,16,59,1.3852e+005,1.259,0.052
16,16,59,1.3855e+005,0.944,0.029
16,16,59,1.3859e+005,1.06,-0.829
16,16,59,1.3863e+005,0.694,-0.037
16,16,59,1.3867e+005,0.676,0.165
16,16,59,1.3871e+005,0.674,-0.644
16,16,59,1.3875e+005,0.115,-0.104
16,16,59,1.3879e+005,-0.152,0.411
16,16,59,1.3883e+005,-0.232,0.181
16,16,59,1.3887e+005,-0.204,-0.193
16,16,59,1.3891e+005,-0.287,-0.025
16,16,59,1.3894e+005,-0.09,0.092
16,16,59,1.3898e+005,-0.665,0.222
16,16,59,1.3902e+005,-0.182,-0.077
16,16,59,1.3906e+005,-0.169,-0.22
16,16,59,1.391e+005,0.116,0.201
16,16,59,1.3914e+005,0.237,-0.477
16,16,59,1.3918e+005,0.254,-0.01
16,16,59,1.3922e+005,0.517,0.084
16,16,59,1.3926e+005,0.328,-0.531
16,16,59,1.393e+005,0.593,-0.405
16,16,59,1.3934e+005,0.357,0.002
16,16,59,1.3937e+005,0.481,0.111
16,16,59,1.3941e+005,0.282,-0.095
16,16,59,1.3945e+005,0.543,-0.154
16,16,59,1.3949e+005,0.645,-0.373
16,16,59,1.3953e+005,0.573,0.024
16,16,59,1.3957e+005,0.052,0.429
16,16,59,1.3961e+005,-0.1,-0.168
16,16,59,1.3965e+005,-0.174,0.011
16,16,59,1.3969e+005,-0.434,-0.05
16,16,59,1.3973e+005,-0.556,0.281
16,16,59,1.3976e+005,-0.897,0.511
16,16,59,1.398e+005,-0.405,-0.602
16,16,59,1.3984e+005,-0.097,0.079
16,16,59,1.3988e+005,0.03,0.384
16,16,59,1.3992e+005,0.018,-0.025
16,16,59,1.3996e+005,0.324,-0.128
16,16,59,1.4e+005,0.4,-0.229
16,16,59,1.4004e+005,0.338,-0.081
16,16,59,1.4008e+005,-0.535,0.48
16,16,59,1.4012e+005,-0.317,0
16,16,59,1.4016e+005,-0.609,0.306
16,16,59,1.402e+005,-0.562,0.559
16,16,59,1.4023e+005,-0.456,-0.922
16,16,59,1.4027e+005,-0.773,0.591
16,16,59,1.4031e+005,-0.358,0.333
16,16,59,1.4035e+005,-0.367,-0.021
16,16,59,1.4039e+005,-0.374,0.426
16,16,59,1.4043e+005,-0.328,-0.462
16,16,59,1.4047e+005,-0.118,0.486
16,16,59,1.4051e+005,-0.245,0.36
16,16,59,1.4055e+005,-0.446,0.189
16,16,59,1.4058e+005,-0.188,0.652
16,16,59,1.4062e+005,0.044,-0.299
16,16,59,1.4066e+005,0.331,0.233
16,16,59,1.407e+005,0.628,0.066
16,16,59,1.4074e+005,0.599,0.377
16,16,59,1.4078e+005,0.89,0.427
16,16,59,1.4082e+005,0.577,-0.138
16,16,59,1.4086e+005,0.771,0.169
16,16,59,1.409e+005,0.277,0.369
16,16,59,1.4094e+005,0.563,0.23
16,16,59,1.4098e+005,0.02,0.652
16,16,59,1.4102e+005,0.161,0.638
16,16,59,1.4105e+005,0.24,-0.487
16,16,59,1.4109e+005,0.579,0.431
16,16,59,1.4113e+005,0.99,-0.286
16,16,59,1.4117e+005,0.405,0.635
16,16,59,1.4121e+005,1.287,0.466
16,16,59,1.4125e+005,0.785,-0.357
16,16,59,1.4129e+005,1.496,1.037
16,16,59,1.4133e+005,1.193,-0.741
16,16,59,1.4137e+005,1.195,0.735
16,16,59,1.4141e+005,1.586,0.245
16,16,59,1.4144e+005,1.273,-0.536
16,16,59,1.4148e+005,1.585,1.096
16,16,59,1.4152e+005,1.388,-0.367
16,16,59,1.4156e+005,1.483,0.529
16,16,59,1.416e+005,1.129,0.351
16,16,59,1.4164e+005,1.762,-0.154
16,16,59,1.4168e+005,1.48,0.294
16,16,59,1.4172e+005,1.327,0.049
16,16,59,1.4176e+005,1.94,0.153
16,16,59,1.418e+005,1.289,-0.137
16,16,59,1.4184e+005,1.919,-0.036
16,16,59,1.4187e+005,1.669,0.183
16,16,59,1.4191e+005,1.136,0.647
16,16,59,1.4195e+005,1.384,-0.656
16,16,59,1.4199e+005,1.276,0.014
16,16,59,1.4203e+005,1.712,0.544
16,16,59,1.4207e+005,1.669,-0.492
16,16,59,1.4211e+005,2.21,0.438
16,16,59,1.4215e+005,3.42,-0.816
16,16,59,1.4219e+005,4.569,-0.478
16,16,59,1.4223e+005,5.12,0.186
16,16,59,1.4226e+005,5.507,-0.559
16,16,59,1.423e+005,5.613,0.354
16,16,59,1.4234e+005,4.73,-0.484
16,16,59,1.4238e+005,3.508,-1.013
16,16,59,1.4242e+005,0.964,0.066
16,16,59,1.4246e+005,-1.416,0.125
16,16,59,1.425e+005,-4.309,0.849
16,16,59,1.4254e+005,-5.957,0.637
16,16,59,1.4258e+005,-7.323,1.123
16,16,59,1.4262e+005,-6.915,0.633
16,16,59,1.4266e+005,-6.489,0.098
16,16,59,1.427e+005,-3.912,-0.873
16,16,59,1.4273e+005,-3.253,-0.106
16,16,59,1.4277e+005,-0.52,-0.27
16,16,59,1.4281e+005,0.019,-1.01
16,16,59,1.4285e+005,0.522,0.838
16,16,59,1.4289e+005,1.061,-0.624
16,16,59,1.4293e+005,0.549,-0.289
16,16,59,1.4297e+005,1.159,0.42
16,16,59,1.4301e+005,0.81,0.554
16,16,59,1.4305e+005,1.432,1.059
16,16,59,1.4308e+005,2.78,-0.937
16,16,59,1.4312e+005,3.62,0.146
16,16,59,1.4316e+005,4.436,0.355
16,16,59,1.432e+005,4.786,-0.538
16,16,59,1.4324e+005,4.819,0.275
16,16,59,1.4328e+005,3.245,-0.076
16,16,59,1.4332e+005,2.18,-0.311
16,16,59,1.4336e+005,-0.143,-0.318
16,16,59,1.434e+005,-0.647,-0.098
16,16,59,1.4344e+005,-2.736,0.244
16,16,59,1.4348e+005,-3.164,-0.135
16,16,59,1.4352e+005,-2.872,-1.2
16,16,59,1.4355e+005,-2.295,-0.405
16,16,59,1.4359e+005,-1.155,0.394
16,16,59,1.4363e+005,0.007,-0.606
16,16,59,1.4367e+005,1.717,-0.607
16,16,59,1.4371e+005,2.562,-0.901
16,16,59,1.4375e+005,3.118,-0.345
16,16,59,1.4379e+005,3.193,-0.22
16,16,59,1.4383e+005,3.08,-0.611
16,16,59,1.4387e+005,2.653,0.04
16,16,59,1.4391e+005,1.979,-0.218
16,16,59,1.4394e+005,0.947,-0.511
16,16,59,1.4398e+005,-0.379,0.15
16,16,59,1.4402e+005,-0.747,0.628
16,16,59,1.4406e+005,-0.79,-0.224
16,16,59,1.441e+005,-0.734,-0.1
16,16,59,1.4414e+005,0.219,-0.505
16,16,59,1.4418e+005,3.409,-3.39
16,16,59,1.4422e+005,4.429,-2.386
16,16,59,1.4426e+005,5.274,1.667
16,16,59,1.443e+005,4.843,-3.164
16,16,59,1.4434e+005,3.091,-1.429
16,16,59,1.4437e+005,4.186,-0.697
16,16,59,1.4441e+005,-0.065,-0.662
16,16,59,1.4445e+005,-1.015,1.548
16,16,59,1.4449e+005,-5.328,-0.05
16,16,59,1.4453e+005,-4.627,1.681
16,16,59,1.4457e+005,-5.849,-0.294
16,16,59,1.4461e+005,-5.71,1.337
16,16,59,1.4465e+005,-5.949,2.108
16,16,59,1.4469e+005,-5.527,1.274
16,16,59,1.4473e+005,-2.957,-0.362
16,16,59,1.4476e+005,-3.309,-1.004
16,16,59,1.448e+005,-1.975,0.971
16,16,59,1.4484e+005,-2.956,-0.247
16,16,59,1.4488e+005,-2.406,-0.041
16,16,59,1.4492e+005,-2.147,-0.725
16,16,59,1.4496e+005,-2.187,-0.91
16,16,59,1.45e+005,-1.02,0.494
16,16,59,1.4504e+005,-1.349,0.277
16,16,59,1.4508e+005,-0.184,1.684
16,16,59,1.4512e+005,0.258,-0.704
16,16,59,1.4516e+005,-0.008,0.341
16,16,59,1.452e+005,-0.223,1.37
16,16,59,1.4523e+005,-2.092,0.925
16,16,59,1.4527e+005,-2.358,1.238
16,16,59,1.4531e+005,-3.517,-0.515
16,16,59,1.4535e+005,-4.324,1.309
16,16,59,1.4539e+005,-4.574,-0.305
16,16,59,1.4543e+005,-5.026,0.037
16,16,59,1.4547e+005,-3.385,0.486
16,16,59,1.4551e+005,-3.097,-1.298
16,16,59,1.4555e+005,-1.595,-0.336
16,16,59,1.4558e+005,-1.356,-0.258
16,16,59,1.4562e+005,-0.489,0.884
16,16,59,1.4566e+005,0.301,-0.018
16,16,59,1.457e+005,-0.603,0.488
16,16,59,1.4574e+005,0.137,1.857
16,16,59,1.4578e+005,-1.133,1.058
16,16,59,1.4582e+005,-0.622,1.478
16,16,59,1.4586e+005,-1.09,-0.161
16,16,59,1.459e+005,-1.122,0.692
16,16,59,1.4594e+005,-0.837,0.27
16,16,59,1.4598e+005,-1.082,-0.558
16,16,59,1.4602e+005,-0.72,0.259
16,16,59,1.4605e+005,-0.881,-0.945
16,16,59,1.4609e+005,-0.474,-0.05
16,16,59,1.4613e+005,-0.86,0.284
16,16,59,1.4617e+005,-0.419,-0.071
16,16,59,1.4621e+005,-0.788,0.293
16,16,59,1.4625e+005,-0.407,0.119
16,16,59,1.4629e+005,-0.743,0.362
16,16,59,1.4633e+005,-0.435,0.126
16,16,59,1.4637e+005,-0.339,-0.111
16,16,59,1.4641e+005,-0.344,0.695
16,16,59,1.4644e+005,-0.313,-0.135
16,16,59,1.4648e+005,-0.181,-0.16
16,16,59,1.4652e+005,-0.411,0.439
16,16,59,1.4656e+005,-0.62,0.424
16,16,59,1.466e+005,-0.855,0.318
16,16,59,1.4664e+005,-0.84,-0.328
16,16,59,1.4668e+005,-1.134,0.245
16,16,59,1.4672e+005,-1.19,0.671
16,16,59,1.4676e+005,-0.995,-0.636
16,16,59,1.468e+005,-0.975,0.394
16,16,59,1.4684e+005,-0.721,0.98
16,16,59,1.4687e+005,-0.133,-0.53
16,16,59,1.4691e+005,0.143,-0.112
16,16,59,1.4695e+005,0.203,0.728
16,16,59,1.4699e+005,0.251,0.6
16,16,59,1.4703e+005,0.299,-0.008
16,16,59,1.4707e+005,0.02,0.275
16,16,59,1.4711e+005,-0.137,0.604
16,16,59,1.4715e+005,-0.618,-0.396
16,16,59,1.4719e+005,-0.823,-0.072
16,16,59,1.4723e+005,-0.813,0.129
16,16,59,1.4726e+005,-0.865,-0.008
16,16,59,1.473e+005,-0.544,-0.414
16,16,59,1.4734e+005,-0.967,0.266
16,16,59,1.4738e+005,-0.366,-0.097
16,16,59,1.4742e+005,-0.692,-0.26
16,16,59,1.4746e+005,-0.253,0.406
16,16,59,1.475e+005,-0.675,0.389
16,16,59,1.4754e+005,-0.427,-0.573
16,16,59,1.4758e+005,-0.122,-0.38
16,16,59,1.4762e+005,0.27,0.693
16,16,59,1.4766e+005,0.332,-0.092
16,16,59,1.477e+005,0.62,-0.419
16,16,59,1.4773e+005,1.077,-0.266
16,16,59,1.4777e+005,1.515,0.042
16,16,59,1.4781e+005,1.34,0.278
16,16,59,1.4785e+005,0.864,0.141
16,16,59,1.4789e+005,0.929,-0.361
16,16,59,1.4793e+005,0.815,0.303
16,16,59,1.4797e+005,0.419,0.104
16,16,59,1.4801e+005,-0.075,-0.548
16,16,59,1.4805e+005,0.113,-0.006
16,16,59,1.4808e+005,0.024,-0.042
16,16,59,1.4812e+005,-0.244,-0.573
16,16,59,1.4816e+005,-0.239,-1.142
16,16,59,1.482e+005,-0.185,0.059
16,16,59,1.4824e+005,0.052,-0.174
16,16,59,1.4828e+005,0.153,-0.649
16,16,59,1.4832e+005,0.034,0.256
16,16,59,1.4836e+005,0.638,-0.059
16,16,59,1.484e+005,0.971,0.051
16,16,59,1.4844e+005,0.628,0.639
16,16,59,1.4848e+005,1.259,-1.124
16,16,59,1.4852e+005,0.911,0.017
16,16,59,1.4855e+005,1.148,0.885
16,16,59,1.4859e+005,0.638,-0.726
16,16,59,1.4863e+005,0.523,0.178
16,16,59,1.4867e+005,0.483,-0.665
16,16,59,1.4871e+005,0.46,0.23
16,16,59,1.4875e+005,0.114,-0.086
16,16,59,1.4879e+005,0.109,-0.777
16,16,59,1.4883e+005,0.063,0.485
16,16,59,1.4887e+005,-0.091,-0.441
16,16,59,1.4891e+005,0.032,-0.557
16,16,59,1.4894e+005,-0.276,0.146
16,16,59,1.4898e+005,-0.019,0.245
16,16,59,1.4902e+005,0.178,-0.462
16,16,59,1.4906e+005,0.032,0.017
16,16,59,1.491e+005,0.761,-0.176
16,16,59,1.4914e+005,0.859,-0.43
16,16,59,1.4918e+005,1.184,0.327
16,16,59,1.4922e+005,1.073,-0.294
16,16,59,1.4926e+005,0.6,-0.411
16,16,59,1.493e+005,0.784,-0.606
16,16,59,1.4934e+005,-0.008,-0.148
16,16,59,1.4937e+005,-0.287,-0.351
16,16,59,1.4941e+005,-1.048,-0.663
16,16,59,1.4945e+005,-1.439,0.54
16,16,59,1.4949e+005,-1.338,-0.411
16,16,59,1.4953e+005,-1.335,-0.144
16,16,59,1.4957e+005,-0.611,-0.31
16,16,59,1.4961e+005,-0.785,-0.18
16,16,59,1.4965e+005,-0.051,0.302
16,16,59,1.4969e+005,-0.08,-0.57
16,16,59,1.4973e+005,0.761,0.123
16,16,59,1.4976e+005,1.154,-0.259
16,16,59,1.498e+005,1.072,-0.002
16,16,59,1.4984e+005,1.14,0.034
16,16,59,1.4988e+005,0.915,-0.539
16,16,59,1.4992e+005,1.385,-0.052
16,16,59,1.4996e+005,1.614,-0.68
16,16,59,1.5e+005,1.634,-0.348
16,16,59,1.5004e+005,1.334,0.772
16,16,59,1.5008e+005,0.91,0.084
16,16,59,1.5012e+005,1.017,-0.581
16,16,59,1.5016e+005,0.558,-0.193
16,16,59,1.502e+005,0.319,0.239
16,16,59,1.5023e+005,-0.848,0.681
16,16,59,1.5027e+005,-0.854,0.457
16,16,59,1.5031e+005,-0.937,0.485
16,16,59,1.5035e+005,-0.504,0.275
16,16,59,1.5039e+005,0.047,0.019
16,16,59,1.5043e+005,0.29,0.473
16,16,59,1.5047e+005,0.775,-0.177
16,16,59,1.5051e+005,1.095,-0.432
16,16,59,1.5055e+005,0.826,0.282
16,16,59,1.5058e+005,0.835,0.177
16,16,59,1.5062e+005,0.368,0.015
16,16,59,1.5066e+005,0.368,-0.05
16,16,59,1.507e+005,-0.349,0.092
16,16,59,1.5074e+005,-0.308,-0.316
16,16,59,1.5078e+005,-1.141,0.034
16,16,59,1.5082e+005,-0.598,0.39
16,16,59,1.5086e+005,-1.291,0.11
16,16,59,1.509e+005,-1.053,0.04
16,16,59,1.5094e+005,-1.338,-0.211
16,16,59,1.5098e+005,-1.203,0.597
16,16,59,1.5102e+005,-0.793,-0.474
16,16,59,1.5105e+005,-0.772,-0.424
16,16,59,1.5109e+005,-0.457,0.351
16,16,59,1.5113e+005,-0.236,-0.48
16,16,59,1.5117e+005,0.43,-0.386
16,16,59,1.5121e+005,0.547,-0.007
16,16,59,1.5125e+005,0.967,0.174
16,16,59,1.5129e+005,0.64,0.113
16,16,59,1.5133e+005,0.998,-0.335
16,16,59,1.5137e+005,0.557,0.231
16,16,59,1.5141e+005,0.598,0.024
16,16,59,1.5144e+005,0.062,-0.301
16,16,59,1.5148e+005,-0.033,0.552
16,16,59,1.5152e+005,-0.51,-0.052
16,16,59,1.5156e+005,-0.82,0.129
16,16,59,1.516e+005,-1.151,-0.276
16,16,59,1.5164e+005,-1.201,-0.356
16,16,59,1.5168e+005,-1.159,0.204
16,16,59,1.5172e+005,-1.243,-0.094
16,16,59,1.5176e+005,-0.664,-0.427
16,16,59,1.518e+005,-0.813,0.047
16,16,59,1.5184e+005,0,0.104
16,16,59,1.5187e+005,0.216,-0.327
16,16,59,1.5191e+005,0.819,-0.058
16,16,59,1.5195e+005,1.061,-0.36
16,16,59,1.5199e+005,0.778,0.203
16,16,59,1.5203e+005,0.937,0.022
16,16,59,1.5207e+005,0.564,0.127
16,16,59,1.5211e+005,0.795,0.12
16,16,59,1.5215e+005,0.829,-0.649
16,16,59,1.5219e+005,0.923,0.176
16,16,59,1.5223e+005,0.674,0.08
16,16,59,1.5226e+005,0.781,-0.518
16,16,59,1.523e+005,0.691,-0.36
16,16,59,1.5234e+005,0.946,0.003
16,16,59,1.5238e+005,0.804,-0.157
16,16,59,1.5242e+005,0.576,-0.306
16,16,59,1.5246e+005,0.1,0.089
16,16,59,1.525e+005,0.262,0.074
16,16,59,1.5254e+005,0.183,-0.732
16,16,59,1.5258e+005,0.325,-0.482
16,16,59,1.5262e+005,-0.038,0.419
16,16,59,1.5266e+005,-0.262,0.453
16,16,59,1.527e+005,-0.469,-0.026
16,16,59,1.5273e+005,-0.161,-0.294
16,16,59,1.5277e+005,-0.106,0.14
16,16,59,1.5281e+005,-0.618,0.824
16,16,59,1.5285e+005,-0.767,-0.196
16,16,59,1.5289e+005,-0.806,0.01
16,16,59,1.5293e+005,-0.607,0.234
16,16,59,1.5297e+005,-0.609,-0.06
16,16,59,1.5301e+005,-0.645,-0.042
16,16,59,1.5305e+005,-0.28,-0.504
16,16,59,1.5308e+005,0.035,-0.053
16,16,59,1.5312e+005,-0.011,0.224
16,16,59,1.5316e+005,0.209,-0.308
16,16,59,1.532e+005,0.085,0.14
16,16,59,1.5324e+005,0.881,0.012
16,16,59,1.5328e+005,0.668,-0.107
16,16,59,1.5332e+005,0.798,0.313
16,16,59,1.5336e+005,0.968,-0.396
16,16,59,1.534e+005,1.162,0.211
16,16,59,1.5344e+005,1.718,-0.442
16,16,59,1.5348e+005,1.165,-0.196
16,16,59,1.5352e+005,1.754,-0.18
16,16,59,1.5355e+005,1.165,-0.306
16,16,59,1.5359e+005,1.582,0.342
16,16,59,1.5363e+005,0.867,-0.739
16,16,59,1.5367e+005,0.987,-0.59
16,16,59,1.5371e+005,0.368,-0.025
16,16,59,1.5375e+005,0.29,0.247
16,16,59,1.5379e+005,-0.558,-0.049
16,16,59,1.5383e+005,0.029,-0.53
16,16,59,1.5387e+005,0.11,-0.449
16,16,59,1.5391e+005,0.692,0.127
16,16,59,1.5394e+005,0.563,-0.22
16,16,59,1.5398e+005,0.677,-0.052
16,16,59,1.5402e+005,1.534,-1.109
16,16,59,1.5406e+005,1.894,-0.237
16,16,59,1.541e+005,1.457,0.78
16,16,59,1.5414e+005,1.372,-0.831
16,16,59,1.5418e+005,1.34,-0.023
16,16,59,1.5422e+005,1.609,0.017
16,16,59,1.5426e+005,1.805,-0.669
16,16,59,1.543e+005,1.239,0.645
16,16,59,1.5434e+005,0.753,0.179
16,16,59,1.5437e+005,1.177,-0.568
16,16,59,1.5441e+005,0.395,0.3
16,16,59,1.5445e+005,0.224,0.286
16,16,59,1.5449e+005,-0.998,0.021
16,16,59,1.5453e+005,-1.464,0.393
16,16,59,1.5457e+005,-2.181,-0.054
16,16,59,1.5461e+005,-2.815,0.157
16,16,59,1.5465e+005,-3.584,-0.286
16,16,59,1.5469e+005,-3.598,0.314
16,16,59,1.5473e+005,-3.549,0.734
16,16,59,1.5476e+005,-3.62,0.115
16,16,59,1.548e+005,-2.975,-0.33
16,16,59,1.5484e+005,-2.813,0.554
16,16,59,1.5488e+005,-1.333,0.451
16,16,59,1.5492e+005,-1.171,0.491
16,16,59,1.5496e+005,0.076,0.322
16,16,59,1.55e+005,0.105,-0.08
16,16,59,1.5504e+005,1.306,0.133
16,16,59,1.5508e+005,1.085,-0.003
16,16,59,1.5512e+005,1.631,0.531
16,16,59,1.5516e+005,1.183,0.242
16,16,59,1.552e+005,1.185,0.446
16,16,59,1.5523e+005,0.67,0.571
16,16,59,1.5527e+005,0.272,0.168
16,16,59,1.5531e+005,0.132,0.294
16,16,59,1.5535e+005,-0.131,0.462
16,16,59,1.5539e+005,-0.233,0.023
16,16,59,1.5543e+005,-0.655,-0.134
16,16,59,1.5547e+005,-0.465,-0.445
16,16,59,1.5551e+005,-1.169,0.606
16,16,59,1.5555e+005,-0.452,-0.352
16,16,59,1.5558e+005,-1.089,-0.848
16,16,59,1.5562e+005,-0.289,0.524
16,16,59,1.5566e+005,-0.75,-0.79
16,16,59,1.557e+005,-0.616,0.618
16,16,59,1.5574e+005,-0.284,-0.409
16,16,59,1.5578e+005,0.095,-0.421
16,16,59,1.5582e+005,0.616,0.598
16,16,59,1.5586e+005,0.146,-0.392
16,16,59,1.559e+005,0.529,-0.046
16,16,59,1.5594e+005,-0.167,0.147
16,16,59,1.5598e+005,0.23,0.061
16,16,59,1.5602e+005,-0.429,-0.009
16,16,59,1.5605e+005,-0.494,0.291
16,16,59,1.5609e+005,-0.937,0.015
16,16,59,1.5613e+005,-0.925,0.318
16,16,59,1.5617e+005,-0.718,-0.421
16,16,59,1.5621e+005,-0.651,-0.09
16,16,59,1.5625e+005,-0.499,-0.283
16,16,59,1.5629e+005,-0.31,-0.589
16,16,59,1.5633e+005,-0.308,-0.02
16,16,59,1.5637e+005,-0.644,-0.434
16,16,59,1.5641e+005,-0.252,-0.392
16,16,59,1.5644e+005,-0.922,0.337
16,16,59,1.5648e+005,-0.423,0.026
16,16,59,1.5652e+005,-0.806,-0.553
16,16,59,1.5656e+005,-0.187,0.142
16,16,59,1.566e+005,-0.092,-0.298
16,16,59,1.5664e+005,0.268,-0.032
16,16,59,1.5668e+005,0.599,-0.255
16,16,59,1.5672e+005,0.541,-0.161
16,16,59,1.5676e+005,0.831,0.063
16,16,59,1.568e+005,0.834,-0.247
16,16,59,1.5684e+005,0.432,0.679
16,16,59,1.5687e+005,0.633,-0.297
16,16,59,1.5691e+005,0.807,-0.683
16,16,59,1.5695e+005,0.361,0.939
16,16,59,1.5699e+005,0.428,-0.024
16,16,59,1.5703e+005,-0.01,0.01
16,16,59,1.5707e+005,0.573,0.045
16,16,59,1.5711e+005,0.646,-0.468
16,16,59,1.5715e+005,0.543,0.344
16,16,59,1.5719e+005,0.171,-0.296
16,16,59,1.5723e+005,0.53,-0.329
16,16,59,1.5726e+005,0.422,0.025
16,16,59,1.573e+005,0.596,-0.396
16,16,59,1.5734e+005,0.37,-0.476
16,16,59,1.5738e+005,0.08,0.069
16,16,59,1.5742e+005,0.269,-0.181
16,16,59,1.5746e+005,0.298,0
16,16,59,1.575e+005,0.41,0.074
16,16,59,1.5754e+005,0.537,0.02
16,16,59,1.5758e+005,0.449,0.399
16,16,59,1.5762e+005,0.455,0.21
16,16,59,1.5766e+005,0.566,-0.016
16,16,59,1.577e+005,0.468,0.251
16,16,59,1.5773e+005,0.33,0.314
16,16,59,1.5777e+005,0.009,0.081
16,16,59,1.5781e+005,-0.327,0.293
16,16,59,1.5785e+005,-0.101,-0.606
16,16,59,1.5789e+005,-0.373,-0.157
16,16,59,1.5793e+005,-0.336,0.22
16,16,59,1.5797e+005,-0.617,-0.322
16,16,59,1.5801e+005,-0.434,0.421
16,16,59,1.5805e+005,-0.327,0.07
16,16,59,1.5808e+005,0.129,0.017
16,16,59,1.5812e+005,-0.095,0.256
16,16,59,1.5816e+005,0.258,0.11
16,16,59,1.582e+005,0.412,-0.173
16,16,59,1.5824e+005,0.154,0.044
16,16,59,1.5828e+005,0.234,-0.341
16,16,59,1.5832e+005,-0.13,-0.054
16,16,59,1.5836e+005,0.221,0.058
16,16,59,1.584e+005,-0.331,0.129
16,16,59,1.5844e+005,0.027,0.157
16,16,59,1.5848e+005,-0.545,0.166
16,16,59,1.5852e+005,0.128,0.252
16,16,59,1.5855e+005,-0.001,0.267
16,16,59,1.5859e+005,0.861,0.217
16,16,59,1.5863e+005,0.717,0.027
16,16,59,1.5867e+005,1.32,-0.164
16,16,59,1.5871e+005,1.709,-0.93
16,16,59,1.5875e+005,1.544,0.438
16,16,59,1.5879e+005,1.431,-0.138
16,16,59,1.5883e+005,1.127,-0.897
16,16,59,1.5887e+005,1.06,0.006
16,16,59,1.5891e+005,0.772,-0.245
16,16,59,1.5894e+005,0.394,0.139
16,16,59,1.5898e+005,0.116,-0.233
16,16,59,1.5902e+005,0.552,-0.25
16,16,59,1.5906e+005,0.565,0.393
16,16,59,1.591e+005,0.843,-0.165
16,16,59,1.5914e+005,0.695,-0.161
16,16,59,1.5918e+005,0.582,0.258
16,16,59,1.5922e+005,0.299,-0.259
16,16,59,1.5926e+005,0.216,-0.409
16,16,59,1.593e+005,-0.683,0.666
16,16,59,1.5934e+005,-0.62,0.343
16,16,59,1.5937e+005,-0.998,0.323
16,16,59,1.5941e+005,-0.887,0.812
16,16,59,1.5945e+005,-0.664,-0.096
16,16,59,1.5949e+005,-0.464,0.055
16,16,59,1.5953e+005,0.177,0.147
16,16,59,1.5957e+005,0.166,0.647
16,16,59,1.5961e+005,0.703,0.212
16,16,59,1.5965e+005,0.844,-0.613
16,16,59,1.5969e+005,1.231,0.112
16,16,59,1.5973e+005,1.031,0.274
16,16,59,1.5976e+005,1.212,0.129
16,16,59,1.598e+005,1.284,-0.166
16,16,59,1.5984e+005,1.529,0.089
16,16,59,1.5988e+005,1.59,0.077
16,16,59,1.5992e+005,1.463,0.19
16,16,59,1.5996e+005,0.89,0.422
16,16,59,1.6e+005,0.96,0.189
16,16,59,1.6004e+005,0.415,-0.483
16,16,59,1.6008e+005,0.11,0.098
16,16,59,1.6012e+005,-0.628,0.704
16,16,59,1.6016e+005,-1.377,0.908
16,16,59,1.602e+005,-0.911,0.027
16,16,59,1.6023e+005,-1.525,0.053
16,16,59,1.6027e+005,-0.763,0.154
16,16,59,1.6031e+005,-1.321,-0.334
16,16,59,1.6035e+005,-0.996,0.556
16,16,59,1.6039e+005,-0.772,-0.559
16,16,59,1.6043e+005,-0.427,-0.572
16,16,59,1.6047e+005,0.122,-0.685
16,16,59,1.6051e+005,-0.071,0.041
16,16,59,1.6055e+005,0.123,0.521
16,16,59,1.6058e+005,-0.072,-0.384
16,16,59,1.6062e+005,0.466,-0.053
16,16,59,1.6066e+005,0.097,0.451
16,16,59,1.607e+005,0.171,0.426
16,16,59,1.6074e+005,-0.299,0.338
16,16,59,1.6078e+005,-0.655,0.263
16,16,59,1.6082e+005,-0.48,-0.291
16,16,59,1.6086e+005,-0.969,-0.228
16,16,59,1.609e+005,-1.458,-0.086
16,16,59,1.6094e+005,-2.203,0.053
16,16,59,1.6098e+005,-2.703,-0.025
16,16,59,1.6102e+005,-2.609,-0.378
16,16,59,1.6105e+005,-3.118,0.166
16,16,59,1.6109e+005,-2.672,-0.043
16,16,59,1.6113e+005,-2.335,0.023
16,16,59,1.6117e+005,-1.753,0.471
16,16,59,1.6121e+005,-0.966,-0.404
16,16,59,1.6125e+005,-0.602,-0.473
16,16,59,1.6129e+005,0.17,-0.396
16,16,59,1.6133e+005,0.257,0.011
16,16,59,1.6137e+005,0.332,0.507
16,16,59,1.6141e+005,0.489,-0.463
16,16,59,1.6144e+005,0.363,0.377
16,16,59,1.6148e+005,0.696,0.518
16,16,59,1.6152e+005,1.006,-0.613
16,16,59,1.6156e+005,1.361,0.325
16,16,59,1.616e+005,1.403,0.18
16,16,59,1.6164e+005,1.73,-0.213
16,16,59,1.6168e+005,1.642,-0.446
16,16,59,1.6172e+005,1.275,-0.128
16,16,59,1.6176e+005,0.849,0.642
16,16,59,1.618e+005,-0.326,0.069
16,16,59,1.6184e+005,-0.467,-0.184
16,16,59,1.6187e+005,-1.233,-0.017
16,16,59,1.6191e+005,-1.552,0.583
16,16,59,1.6195e+005,-1.591,-0.493
16,16,59,1.6199e+005,-1.804,-0.392
16,16,59,1.6203e+005,-1.389,0.033
16,16,59,1.6207e+005,-1.756,-0.073
16,16,59,1.6211e+005,-1.214,-0.491
16,16,59,1.6215e+005,-1.154,-0.525
16,16,59,1.6219e+005,-1.101,0.749
16,16,59,1.6223e+005,-1.091,-0.285
16,16,59,1.6226e+005,-0.994,-0.25
16,16,59,1.623e+005,-0.581,0.19
16,16,59,1.6234e+005,0.091,-0.321
16,16,59,1.6238e+005,0.423,0.107
16,16,59,1.6242e+005,0.914,-0.497
16,16,59,1.6246e+005,1.059,-0.226
16,16,59,1.625e+005,1.06,0.673
16,16,59,1.6254e+005,1.239,-0.518
16,16,59,1.6258e+005,1.045,0.221
16,16,59,1.6262e+005,0.596,0.616
16,16,59,1.6266e+005,0.647,-0.61
16,16,59,1.627e+005,0.172,0.235
16,16,59,1.6273e+005,0.348,-0.35
16,16,59,1.6277e+005,0.364,-0.152
16,16,59,1.6281e+005,0.184,0.249
16,16,59,1.6285e+005,0.319,-0.644
16,16,59,1.6289e+005,0.043,0.241
16,16,59,1.6293e+005,0.026,-0.112
16,16,59,1.6297e+005,-0.178,-0.217
16,16,59,1.6301e+005,-0.5,0.477
16,16,59,1.6305e+005,-0.373,-0.207
16,16,59,1.6308e+005,-0.214,-0.348
16,16,59,1.6312e+005,-0.363,0.42
16,16,59,1.6316e+005,0.333,-0.648
16,16,59,1.632e+005,0.982,-0.387
16,16,59,1.6324e+005,1.7,0.105
16,16,59,1.6328e+005,2.619,-0.837
16,16,59,1.6332e+005,3.322,-0.77
16,16,59,1.6336e+005,4.026,-0.282
16,16,59,1.634e+005,4.214,0.513
16,16,59,1.6344e+005,3.773,0.004
16,16,59,1.6348e+005,3.599,-0.59
16,16,59,1.6352e+005,3.624,-0.335
16,16,59,1.6355e+005,3.059,0.565
16,16,59,1.6359e+005,2.319,0.458
16,16,59,1.6363e+005,1.704,-0.285
16,16,59,1.6367e+005,2.045,-0.119
16,16,59,1.6371e+005,2.065,0.204
16,16,59,1.6375e+005,1.305,0.179
16,16,59,1.6379e+005,0.903,-0.596
16,16,59,1.6383e+005,0.61,-0.173
16,16,59,1.6387e+005,0.405,0.174
16,16,59,1.6391e+005,-0.482,0.268
16,16,59,1.6394e+005,-1.183,0.007
16,16,59,1.6398e+005,-1.119,-0.277
16,16,59,1.6402e+005,-0.972,0.482
16,16,59,1.6406e+005,-1.133,0.539
16,16,59,1.641e+005,-1.435,-0.163
16,16,59,1.6414e+005,-1.418,-0.401
16,16,59,1.6418e+005,-1.37,0.41
16,16,59,1.6422e+005,-1.887,0.954
16,16,59,1.6426e+005,-2.872,0.553
16,16,59,1.643e+005,-3.295,0.039
16,16,59,1.6434e+005,-3.353,0.484
16,16,59,1.6437e+005,-3.339,0.477
16,16,59,1.6441e+005,-3.634,0.316
16,16,59,1.6445e+005,-3.532,0.305
16,16,59,1.6449e+005,-2.345,-0.456
16,16,59,1.6453e+005,-1.795,0.074
16,16,59,1.6457e+005,-1.369,0.402
16,16,59,1.6461e+005,-1.187,-0.139
16,16,59,1.6465e+005,-0.577,0.436
16,16,59,1.6469e+005,0.034,-0.234
16,16,59,1.6473e+005,-0.383,0.193
16,16,59,1.6476e+005,-0.328,-0.144
16,16,59,1.648e+005,-0.315,-0.164
16,16,59,1.6484e+005,-0.546,0.626
16,16,59,1.6488e+005,-0.53,-0.572
16,16,59,1.6492e+005,-0.675,0.048
16,16,59,1.6496e+005,-0.934,0.794
16,16,59,1.65e+005,-0.812,-0.152
16,16,59,1.6504e+005,-1.074,0.313
16,16,59,1.6508e+005,-0.635,-0.167
16,16,59,1.6512e+005,-0.76,0.09
16,16,59,1.6516e+005,-0.669,0.66
16,16,59,1.652e+005,-0.773,-0.584
16,16,59,1.6523e+005,-0.232,-0.248
16,16,59,1.6527e+005,-0.035,0.052
16,16,59,1.6531e+005,0.576,-0.44
16,16,59,1.6535e+005,0.148,0.109
16,16,59,1.6539e+005,0.58,-0.173
16,16,59,1.6543e+005,0.643,-0.175
16,16,59,1.6547e+005,0.579,0.062
16,16,59,1.6551e+005,0.352,-0.032
16,16,59,1.6555e+005,0.115,0.559
16,16,59,1.6558e+005,-0.202,-0.022
16,16,59,1.6562e+005,0.116,-0.445
