15,50,49,65664,-1.158,-0.237
15,50,49,65703,-1.437,0.896
15,50,49,65742,-0.947,-0.877
15,50,49,65781,-1.258,0.213
15,50,49,65820,-0.791,0.316
15,50,49,65859,-0.385,-0.198
15,50,49,65898,-0.232,0.152
15,50,49,65937,0.136,-0.496
15,50,49,65976,-0.083,0.549
15,50,49,66015,0.086,0.121
15,50,49,66054,0.161,-0.186
15,50,49,66093,0.068,0.574
15,50,49,66132,-0.05,-0.198
15,50,49,66171,-0.024,0.261
15,50,49,66210,-0.831,0.584
15,50,49,66249,-0.002,-0.456
15,50,49,66289,-0.804,0.423
15,50,49,66328,-0.09,0.014
15,50,49,66367,-0.649,-0.335
15,50,49,66406,-0.167,0.35
15,50,49,66445,-0.255,-0.869
15,50,49,66484,-0.02,0.151
15,50,49,66523,-0.051,-0.384
15,50,49,66562,-0.156,0.177
15,50,49,66601,0.133,0.272
15,50,49,66640,-0.314,0.109
15,50,49,66679,0.169,-0.065
15,50,49,66718,0.022,-0.525
15,50,49,66757,0.164,0.555
15,50,49,66796,-0.316,0.435
15,50,49,66835,-0.324,-0.28
15,50,49,66874,-0.668,-0.034
15,50,49,66914,-0.204,0.115
15,50,49,66953,-0.728,-0.002
15,50,49,66992,-0.447,0.579
15,50,49,67031,-0.435,-0.328
15,50,49,67070,0.01,0.365
15,50,49,67109,0.046,-0.244
15,50,49,67148,0.468,-0.137
15,50,49,67187,-0.049,0.822
15,50,49,67226,0.401,-0.233
15,50,49,67265,0.132,-0.414
15,50,49,67304,0.35,0.107
15,50,49,67343,-0.159,0.441
15,50,49,67382,-0.053,0.123
15,50,49,67421,0.064,-0.114
15,50,49,67460,0.112,0.221
15,50,49,67499,0.197,-0.062
15,50,49,67539,0.023,0.121
15,50,49,67578,0.192,0.594
15,50,49,67617,0.333,0.027
15,50,49,67656,0.403,-0.24
15,50,49,67695,0.341,-0.09
15,50,49,67734,0.325,0.035
15,50,49,67773,0.491,0.411
15,50,49,67812,0.5,-0.374
15,50,49,67851,0.507,-0.309
15,50,49,67890,0.54,0.056
15,50,49,67929,0.501,-0.017
15,50,49,67968,0.577,0.054
15,50,49,68007,0.715,-0.345
15,50,49,68046,0.595,0.019
15,50,49,68085,0.332,-0.069
15,50,49,68124,0.442,0.019
15,50,49,68164,0.3,0.083
15,50,49,68203,0.64,-0.268
15,50,49,68242,0.169,0.134
15,50,49,68281,0.142,0.06
15,50,49,68320,-0.222,0.039
15,50,49,68359,-0.125,-0.474
15,50,49,68398,-0.13,-0.487
15,50,49,68437,-0.791,0.563
15,50,49,68476,-0.872,-0.06
15,50,49,68515,-0.731,-0.469
15,50,49,68554,0.044,-0.065
15,50,49,68593,0.1,0.337
15,50,49,68632,0.832,-0.173
15,50,49,68671,0.941,-0.352
15,50,49,68710,2.241,-0.241
15,50,49,68749,1.548,0.147
15,50,49,68789,2.303,-0.688
15,50,49,68828,1.28,-0.489
15,50,49,68867,1.315,0.95
15,50,49,68906,-0.24,-0.268
15,50,49,68945,-0.768,-0.058
15,50,49,68984,-1.6,0.127
15,50,49,69023,-1.541,0.562
15,50,49,69062,-1.935,-0.286
15,50,49,69101,-2.178,0.439
15,50,49,69140,-1.7,0.23
15,50,49,69179,-1.422,-0.485
15,50,49,69218,-1.23,0.382
15,50,49,69257,-1.573,0.359
15,50,49,69296,-1.415,0.115
15,50,49,69335,-1.532,0.064
15,50,49,69374,-1.193,0.57
15,50,49,69414,-1.038,0.156
15,50,49,69453,-0.229,-0.174
15,50,49,69492,-0.046,-0.142
15,50,49,69531,0.755,0.355
15,50,49,69570,0.429,0.386
15,50,49,69609,0.894,0.089
15,50,49,69648,0.315,0.38
15,50,49,69687,0.431,0.455
15,50,49,69726,-0.275,-0.043
15,50,49,69765,-0.577,0.738
15,50,49,69804,-0.922,0.084
15,50,49,69843,-0.906,0.168
15,50,49,69882,-0.62,-0.209
15,50,49,69921,-0.727,0.063
15,50,49,69960,-0.421,0.518
15,50,49,69999,-0.34,-0.318
15,50,49,70039,0.203,-0.213
15,50,49,70078,0.109,-0.534
15,50,49,70117,0.192,0.266
15,50,49,70156,0.052,0.472
15,50,49,70195,-0.193,0.186
15,50,49,70234,-0.042,-0.048
15,50,49,70273,-0.263,-0.132
15,50,49,70312,-0.425,0.549
15,50,49,70351,-0.968,0.279
15,50,49,70390,-1.414,0.449
15,50,49,70429,-1.009,-0.58
15,50,49,70468,-1.225,-0.55
15,50,49,70507,-1.163,0.029
15,50,49,70546,-1.303,-0.771
15,50,49,70585,-1.252,0.421
15,50,49,70624,-0.054,-0.69
15,50,49,70664,-0.088,-0.53
15,50,49,70703,0.487,0.344
15,50,49,70742,0.605,-0.628
15,50,49,70781,0.517,1.502
15,50,49,70820,0.835,-0.187
15,50,49,70859,1.157,-0.438
15,50,49,70898,0.63,1.308
15,50,49,70937,1.159,-1.025
15,50,49,70976,0.986,-0.462
15,50,49,71015,0.863,0.056
15,50,49,71054,0.976,-0.912
15,50,49,71093,0.529,0.355
15,50,49,71132,0.522,-0.497
15,50,49,71171,0.161,-0.005
15,50,49,71210,-0.055,0.186
15,50,49,71249,0.157,-0.492
15,50,49,71289,0.413,0.286
15,50,49,71328,0.03,0.339
15,50,49,71367,0.87,-0.419
15,50,49,71406,0.549,0.002
15,50,49,71445,1.543,0.241
15,50,49,71484,1.154,0.139
15,50,49,71523,1.514,0.113
15,50,49,71562,1.621,-0.983
15,50,49,71601,1.564,0.119
15,50,49,71640,1.28,-0.095
15,50,49,71679,1.278,-0.42
15,50,49,71718,0.51,0.422
15,50,49,71757,0.316,-0.17
15,50,49,71796,-0.836,0.258
15,50,49,71835,-1.475,0.277
15,50,49,71874,-2.314,0.103
15,50,49,71914,-2.397,0.679
15,50,49,71953,-3.015,0.273
15,50,49,71992,-2.573,0.073
15,50,49,72031,-2.372,-0.055
15,50,49,72070,-1.543,-0.218
15,50,49,72109,-0.898,-0.346
15,50,49,72148,-0.817,-0.079
15,50,49,72187,-0.444,-0.267
15,50,49,72226,-0.132,-0.463
15,50,49,72265,-0.094,0.129
15,50,49,72304,0.219,0.357
15,50,49,72343,0.067,0.286
15,50,49,72382,0.877,0.135
15,50,49,72421,0.857,-0.017
15,50,49,72460,1.384,-0.284
15,50,49,72499,0.96,-0.271
15,50,49,72539,0.707,0.277
15,50,49,72578,0.122,-0.275
15,50,49,72617,-0.316,-0.291
15,50,49,72656,-0.844,0.015
15,50,49,72695,-1.414,0.401
15,50,49,72734,-1.278,0.024
15,50,49,72773,-1.034,-0.244
15,50,49,72812,-0.406,-0.174
15,50,49,72851,-0.298,0.14
15,50,49,72890,-0.087,-0.048
15,50,49,72929,0.094,-0.293
15,50,49,72968,0.308,0.041
15,50,49,73007,-0.076,0.239
15,50,49,73046,0.035,-0.352
15,50,49,73085,-0.888,0.001
15,50,49,73124,-0.323,-0.062
15,50,49,73164,-0.746,0.003
15,50,49,73203,-0.34,0.65
15,50,49,73242,-0.44,-0.514
15,50,49,73281,0.165,0.142
15,50,49,73320,-0.173,0.128
15,50,49,73359,0.054,-0.252
15,50,49,73398,-0.206,-0.019
15,50,49,73437,-0.07,-0.001
15,50,49,73476,0.137,-0.163
15,50,49,73515,-0.132,0.238
15,50,49,73554,0.424,-0.589
15,50,49,73593,0.4,-0.219
15,50,49,73632,1.14,0.132
15,50,49,73671,1.378,-0.421
15,50,49,73710,1.068,0.434
15,50,49,73749,1.412,-0.573
15,50,49,73789,1.292,-0.085
15,50,49,73828,0.872,0.461
15,50,49,73867,0.844,-0.686
15,50,49,73906,-0.163,0.412
15,50,49,73945,0.065,-0.265
15,50,49,73984,-0.557,-0.202
15,50,49,74023,-0.492,0.51
15,50,49,74062,-0.415,-0.508
15,50,49,74101,-0.09,0.301
15,50,49,74140,0.062,-0
15,50,49,74179,0.369,-0.159
15,50,49,74218,1.074,-0.093
15,50,49,74257,1.239,-0.258
15,50,49,74296,1.726,-0.067
15,50,49,74335,1.087,-0.1
15,50,49,74374,1.387,-0.019
15,50,49,74414,1.658,-0.349
15,50,49,74453,1.155,0.05
15,50,49,74492,1.154,0.054
15,50,49,74531,0.483,-0.139
15,50,49,74570,0.167,0.648
15,50,49,74609,1.049,-1.065
15,50,49,74648,-0.205,0.482
15,50,49,74687,0.523,0.568
15,50,49,74726,-0.513,-1.146
15,50,49,74765,0.016,1.229
15,50,49,74804,-0.416,-0.285
15,50,49,74843,-0.257,0.398
15,50,49,74882,-0.137,-0.172
15,50,49,74921,0.201,-0.076
15,50,49,74960,1.15,0.647
15,50,49,74999,0.566,-0.297
15,50,49,75039,1.459,0.263
15,50,49,75078,1.448,-0.116
15,50,49,75117,1.712,0.483
15,50,49,75156,1.636,-0.405
15,50,49,75195,0.427,0.351
15,50,49,75234,0.53,0.855
15,50,49,75273,0.234,-0.875
15,50,49,75312,-0.217,0.531
15,50,49,75351,-0.52,0.251
15,50,49,75390,-1.338,0.416
15,50,49,75429,-0.59,-0.051
15,50,49,75468,-1.085,-0.052
15,50,49,75507,-0.975,1.112
15,50,49,75546,-1.044,-0.939
15,50,49,75585,-1.202,0.519
15,50,49,75624,-0.879,0.627
15,50,49,75664,-1.25,-0.292
15,50,49,75703,-0.611,0.049
15,50,49,75742,-0.939,-0.074
15,50,49,75781,-0.507,0.98
15,50,49,75820,-0.745,-0.526
15,50,49,75859,-0.462,-0.489
15,50,49,75898,-0.058,0.503
15,50,49,75937,-0.391,0.171
15,50,49,75976,-0.352,-0.045
15,50,49,76015,-0.736,0.019
15,50,49,76054,-0.441,0.407
15,50,49,76093,-0.814,0.259
15,50,49,76132,-0.38,-0.82
15,50,49,76171,-1.12,1.271
15,50,49,76210,-0.382,0.161
15,50,49,76249,-0.569,-0.883
15,50,49,76289,-0.453,0.963
15,50,49,76328,-0.217,-0.829
15,50,49,76367,-0.309,0.193
15,50,49,76406,-0.472,-0.117
15,50,49,76445,-0.134,-0.56
15,50,49,76484,-0.513,0.433
15,50,49,76523,-0.182,-0.507
15,50,49,76562,-0.504,0.164
15,50,49,76601,-0.148,0.265
15,50,49,76640,-0.032,-0.285
15,50,49,76679,0.078,0.277
15,50,49,76718,-0.105,0.125
15,50,49,76757,0.019,0.01
15,50,49,76796,-0.277,0.111
15,50,49,76835,-0.186,-0.437
15,50,49,76874,-0.481,0.221
15,50,49,76914,-0.418,0.011
15,50,49,76953,-0.388,-0.469
15,50,49,76992,-0.325,0.292
15,50,49,77031,0.213,-0.76
15,50,49,77070,0.413,0.012
15,50,49,77109,0.423,0.649
15,50,49,77148,0.602,-0.258
15,50,49,77187,0.557,-0.007
15,50,49,77226,0.993,-0.42
15,50,49,77265,0.596,0.546
15,50,49,77304,0.829,0.182
15,50,49,77343,0.721,-0.83
15,50,49,77382,1.068,0.068
15,50,49,77421,1.283,-0.66
15,50,49,77460,0.85,0.075
15,50,49,77499,0.817,0.204
15,50,49,77539,0.561,-0.447
15,50,49,77578,0.505,-0.052
15,50,49,77617,-0.054,0.021
15,50,49,77656,-0.417,0.071
15,50,49,77695,-0.263,-0.164
15,50,49,77734,-0.308,0.169
15,50,49,77773,0.164,0.123
15,50,49,77812,-0.049,-0.198
15,50,49,77851,0.404,0.45
15,50,49,77890,0.816,-0.168
15,50,49,77929,0.937,0.28
15,50,49,77968,1.147,-0.528
15,50,49,78007,1.028,-0.058
15,50,49,78046,1.031,0.641
15,50,49,78085,1.195,-0.693
15,50,49,78124,1.384,0.11
15,50,49,78164,1.189,0.626
15,50,49,78203,1.252,0.093
15,50,49,78242,1.346,0.474
15,50,49,78281,1.465,0.394
15,50,49,78320,1.81,0.186
15,50,49,78359,1.667,0.014
15,50,49,78398,2.026,-0.124
15,50,49,78437,1.837,0.45
15,50,49,78476,1.921,-0.129
15,50,49,78515,1.621,-0.352
15,50,49,78554,1.369,0.407
15,50,49,78593,1.089,-0.027
15,50,49,78632,-0.07,0.598
15,50,49,78671,-0.179,-0.385
15,50,49,78710,-1.345,0.08
15,50,49,78749,-1.537,0.336
15,50,49,78789,-2.385,0.041
15,50,49,78828,-2.545,1.266
15,50,49,78867,-2.303,-0.455
15,50,49,78906,-1.368,-0.589
15,50,49,78945,-0.416,-0.519
15,50,49,78984,0.519,-0.649
15,50,49,79023,0.18,0.846
15,50,49,79062,0.778,-0.744
15,50,49,79101,0.584,-0.178
15,50,49,79140,0.773,0.391
15,50,49,79179,-0.681,0.278
15,50,49,79218,-1.004,1.067
15,50,49,79257,-1.779,-0.101
15,50,49,79296,-1.605,1.02
15,50,49,79335,-1.604,-0.555
15,50,49,79374,-1.626,0.013
15,50,49,79414,-1.295,0.778
15,50,49,79453,-1.183,-0.743
15,50,49,79492,-0.93,-0.307
15,50,49,79531,-1.333,-0.263
15,50,49,79570,-0.911,-0.275
15,50,49,79609,-1.428,0.096
15,50,49,79648,-1.32,0.034
15,50,49,79687,-0.584,-0.484
15,50,49,79726,-0.758,0.303
15,50,49,79765,0.35,-0.33
15,50,49,79804,0.792,-0.283
15,50,49,79843,1.319,0.555
15,50,49,79882,1.553,-0.14
15,50,49,79921,1.366,0.259
15,50,49,79960,1.483,0
15,50,49,79999,1.182,-0.008
15,50,49,80039,0.502,0.594
15,50,49,80078,-0.124,-0.26
15,50,49,80117,-0.775,0.178
15,50,49,80156,-0.848,0.085
15,50,49,80195,-1.187,0.265
15,50,49,80234,-0.442,-0.325
15,50,49,80273,-0.969,0.033
15,50,49,80312,-0.234,0.451
15,50,49,80351,-0.242,-0.648
15,50,49,80390,0.272,0.527
15,50,49,80429,0.078,-0.311
15,50,49,80468,0.189,0.344
15,50,49,80507,-0.078,-0.225
15,50,49,80546,-0.337,-0.402
15,50,49,80585,-0.119,0.541
15,50,49,80624,-0.337,-0.272
15,50,49,80664,-0.302,0.289
15,50,49,80703,0.313,-0.402
15,50,49,80742,0.711,-0.008
15,50,49,80781,0.988,0.293
15,50,49,80820,0.786,-0.181
15,50,49,80859,0.96,0.61
15,50,49,80898,1.154,-0.39
15,50,49,80937,0.99,-0.224
15,50,49,80976,0.662,0.203
15,50,49,81015,-0.277,0.28
15,50,49,81054,0.031,-0.077
15,50,49,81093,-0.25,-0.704
15,50,49,81132,0.336,-0.008
15,50,49,81171,-0.179,0.142
15,50,49,81210,0.141,-0.28
15,50,49,81249,0.37,-0.639
15,50,49,81289,0.442,-0.003
15,50,49,81328,0.662,-0.535
15,50,49,81367,0.038,-0.926
15,50,49,81406,-0.265,1.374
15,50,49,81445,-0.475,-0.437
15,50,49,81484,-0.284,-0.396
15,50,49,81523,-0.582,0.959
15,50,49,81562,0.228,-0.275
15,50,49,81601,-0.352,1.014
15,50,49,81640,0.608,-0.27
15,50,49,81679,0.645,-0.559
15,50,49,81718,1.21,1.102
15,50,49,81757,-0.085,-1.217
15,50,49,81796,-0.013,0.905
15,50,49,81835,-0.426,-0.266
15,50,49,81874,-0.379,0.081
15,50,49,81914,-0.891,1.537
15,50,49,81953,-0.521,-1.219
15,50,49,81992,0.063,0.649
15,50,49,82031,0.44,0.92
15,50,49,82070,1.597,-0.958
15,50,49,82109,1.007,0.927
15,50,49,82148,1.693,-0.572
15,50,49,82187,1.488,-0.237
15,50,49,82226,1.058,0.559
15,50,49,82265,1.099,-1.609
15,50,49,82304,-0.027,1.419
15,50,49,82343,0.186,0.351
15,50,49,82382,-0.134,-0.742
15,50,49,82421,-0.25,1.443
15,50,49,82460,0.291,-0.895
15,50,49,82499,0.402,0.961
15,50,49,82539,0.291,0.983
15,50,49,82578,0.963,-0.837
15,50,49,82617,0.882,0.892
15,50,49,82656,0.449,0.385
15,50,49,82695,0.132,-0.022
15,50,49,82734,-1.487,0.679
15,50,49,82773,-1.546,-0.526
15,50,49,82812,-3.101,0.772
15,50,49,82851,-3.61,0.645
15,50,49,82890,-4.383,-0.662
15,50,49,82929,-3.769,0.112
15,50,49,82968,-4.166,0.388
15,50,49,83007,-3.097,-0.185
15,50,49,83046,-3.199,0.044
15,50,49,83085,-1.926,0.293
15,50,49,83124,-2.039,0.447
15,50,49,83164,-1.228,0.171
15,50,49,83203,-0.863,-0.854
15,50,49,83242,-0.405,0.658
15,50,49,83281,-0.418,0.203
15,50,49,83320,-0.203,-0.412
15,50,49,83359,-0.087,0.273
15,50,49,83398,0.535,-0.211
15,50,49,83437,0.709,0.031
15,50,49,83476,0.836,-0.088
15,50,49,83515,0.262,0.566
15,50,49,83554,0.537,0.165
15,50,49,83593,0.306,-0.974
15,50,49,83632,0.199,0.585
15,50,49,83671,-0.662,0.481
15,50,49,83710,-0.486,-0.428
15,50,49,83749,-0.655,-0.322
15,50,49,83789,-0.452,-0.034
15,50,49,83828,-0.395,-0.618
15,50,49,83867,-0.01,-0.548
15,50,49,83906,0.431,0.406
15,50,49,83945,0.091,0.425
15,50,49,83984,0.534,-1.16
15,50,49,84023,0.636,-0.514
15,50,49,84062,0.131,1.87
15,50,49,84101,-0.216,0.245
15,50,49,84140,-0.842,-0.598
15,50,49,84179,-0.743,0.626
15,50,49,84218,-0.19,-0.126
15,50,49,84257,-0.885,0.642
15,50,49,84296,-0.45,-0.426
15,50,49,84335,-0.492,-0.333
15,50,49,84374,0.339,0.395
15,50,49,84414,0.416,-0.999
15,50,49,84453,0.517,0.297
15,50,49,84492,0.512,0.241
15,50,49,84531,0.889,-0.028
15,50,49,84570,0.506,0.225
15,50,49,84609,0.878,-0.485
15,50,49,84648,0.749,-0.062
15,50,49,84687,0.779,0.509
15,50,49,84726,0.65,-0.321
15,50,49,84765,0.383,-0.33
15,50,49,84804,0.448,-0.136
15,50,49,84843,0.459,-0.215
15,50,49,84882,-0.079,0.402
15,50,49,84921,0.268,-0.463
15,50,49,84960,-0.216,-0.319
15,50,49,84999,0.248,-0.073
15,50,49,85039,0.161,-0.341
15,50,49,85078,0.138,0.701
15,50,49,85117,0.567,-0.321
15,50,49,85156,0.475,-0.119
15,50,49,85195,0.935,-0.11
15,50,49,85234,0.884,-0.565
15,50,49,85273,1.123,0.197
15,50,49,85312,1.474,-0.581
15,50,49,85351,1.702,-0.544
15,50,49,85390,1.463,0.227
15,50,49,85429,1.788,-0.772
15,50,49,85468,2.316,-0.832
15,50,49,85507,2.276,-0.35
15,50,49,85546,2.211,0.093
15,50,49,85585,1.515,-0.05
15,50,49,85624,1.566,-0.302
15,50,49,85664,1.344,-0.078
15,50,49,85703,0.676,0.262
15,50,49,85742,0.269,0.119
15,50,49,85781,-0.536,0.868
15,50,49,85820,-0.163,0.029
15,50,49,85859,-0.506,-0.384
15,50,49,85898,-0.324,0.531
15,50,49,85937,-0.661,0.537
15,50,49,85976,-0.201,-0.053
15,50,49,86015,-0.637,0.058
15,50,49,86054,-0.058,-0.061
15,50,49,86093,-0.544,0.243
15,50,49,86132,-0.044,0.302
15,50,49,86171,-0.289,0
15,50,49,86210,-0,0.547
15,50,49,86249,0.267,-0.146
15,50,49,86289,0.735,0.261
15,50,49,86328,0.968,0.816
15,50,49,86367,1.018,0.367
15,50,49,86406,0.944,0.045
15,50,49,86445,0.687,0.311
15,50,49,86484,0.27,0.332
15,50,49,86523,-0.205,0.224
15,50,49,86562,-0.772,0.092
15,50,49,86601,-1.351,0.406
15,50,49,86640,-1.542,-0.229
15,50,49,86679,-1.727,-0.123
15,50,49,86718,-1.627,0.645
15,50,49,86757,-1.52,0.452
15,50,49,86796,-1.205,0.188
15,50,49,86835,-0.687,-0.298
15,50,49,86874,-0.743,0.529
15,50,49,86914,-0.31,-0.173
15,50,49,86953,-1.012,0.433
15,50,49,86992,-0.917,0.445
15,50,49,87031,-1.087,-0.394
15,50,49,87070,-0.798,0.411
15,50,49,87109,-0.727,-0.332
15,50,49,87148,-0.977,0.772
15,50,49,87187,-0.562,0.172
15,50,49,87226,-0.483,-0.303
15,50,49,87265,0.036,0.4
15,50,49,87304,-0.252,-0.056
15,50,49,87343,0.064,0.179
15,50,49,87382,-0.413,0.093
15,50,49,87421,0.134,-0.293
15,50,49,87460,-0.198,0.113
15,50,49,87499,0.71,-0.475
15,50,49,87539,0.586,0.094
15,50,49,87578,1.266,-0.07
15,50,49,87617,1.613,-1.292
15,50,49,87656,1.563,0.37
15,50,49,87695,1.277,0.155
15,50,49,87734,0.84,-0.041
15,50,49,87773,0.244,0.31
15,50,49,87812,-0.213,0.191
15,50,49,87851,-0.612,0.194
15,50,49,87890,-1.423,0.465
15,50,49,87929,-1.074,0.072
15,50,49,87968,-1.366,-0.338
15,50,49,88007,-1.073,0.555
15,50,49,88046,-0.233,-0.994
15,50,49,88085,-0.914,0.768
15,50,49,88124,-0.106,-0.009
15,50,49,88164,-0.563,-0.612
15,50,49,88203,-0.062,0.753
15,50,49,88242,0.086,-0.845
15,50,49,88281,0.146,0.849
15,50,49,88320,0.126,0.108
15,50,49,88359,0.465,-0.61
15,50,49,88398,0.506,0.585
15,50,49,88437,0.862,-0.624
15,50,49,88476,0.523,0.484
15,50,49,88515,0.648,-0.09
15,50,49,88554,0.552,-0.464
15,50,49,88593,0.019,1.041
15,50,49,88632,0.403,-0.75
15,50,49,88671,0.217,-0.259
15,50,49,88710,0.751,-0.007
15,50,49,88749,0.674,-0.671
15,50,49,88789,0.65,0.215
15,50,49,88828,0.64,-0.691
15,50,49,88867,1.261,-0.483
15,50,49,88906,0.598,0.432
15,50,49,88945,0.727,0.082
15,50,49,88984,0.216,-0.001
15,50,49,89023,-0.126,0.806
15,50,49,89062,0.263,-0.072
15,50,49,89101,-0.321,0.44
15,50,49,89140,0.158,0.777
15,50,49,89179,-0.037,0.233
15,50,49,89218,0.323,0.758
15,50,49,89257,0.445,-0.336
15,50,49,89296,0.415,0.674
15,50,49,89335,0.675,0.135
15,50,49,89374,0.323,-0.271
15,50,49,89414,0.668,0.145
15,50,49,89453,0.328,-0.523
15,50,49,89492,0.637,0.306
15,50,49,89531,0.174,-0.497
15,50,49,89570,0.834,-0.36
15,50,49,89609,0.262,0.454
15,50,49,89648,0.3,-0.217
15,50,49,89687,-0.094,0.072
15,50,49,89726,-0.565,0.33
15,50,49,89765,-0.586,-0.162
15,50,49,89804,-1.121,0.044
15,50,49,89843,-1.103,0.106
15,50,49,89882,-0.914,-0.501
15,50,49,89921,-0.426,-0.442
15,50,49,89960,0.189,-0.686
15,50,49,89999,0.277,-0.219
15,50,49,90039,0.829,-0.343
15,50,49,90078,1.002,-0.818
15,50,49,90117,1.236,0.152
15,50,49,90156,0.443,0.242
15,50,49,90195,0.047,0.118
15,50,49,90234,-0.078,-0.258
15,50,49,90273,-0.595,0.573
15,50,49,90312,-1.175,0.423
15,50,49,90351,-1.39,-0.456
15,50,49,90390,-1.689,0.556
15,50,49,90429,-1.612,0.507
15,50,49,90468,-1.428,-0.22
15,50,49,90507,-1.538,-0.073
15,50,49,90546,-0.984,-0.398
15,50,49,90585,-1.086,0.016
15,50,49,90624,-0.843,-0.32
15,50,49,90664,-0.763,-0.524
15,50,49,90703,-0.598,0.224
15,50,49,90742,-0.29,-0.288
15,50,49,90781,-0.279,0.096
15,50,49,90820,-0.209,0.629
15,50,49,90859,0.393,-0.131
15,50,49,90898,-0.099,0.184
15,50,49,90937,0.753,-0.163
15,50,49,90976,0.073,0.307
15,50,49,91015,0.546,0.542
15,50,49,91054,0.035,-0.427
15,50,49,91093,0.218,0.305
15,50,49,91132,0.008,-0.611
15,50,49,91171,-0.357,0.486
15,50,49,91210,-0.397,0.096
15,50,49,91249,-0.385,-0.251
15,50,49,91289,-0.129,0.232
15,50,49,91328,-0.375,-0.43
15,50,49,91367,0.358,-0.067
15,50,49,91406,-0.008,0.065
15,50,49,91445,0.577,0.321
15,50,49,91484,-0.155,0.666
15,50,49,91523,0.052,-0.314
15,50,49,91562,-0.316,0.111
15,50,49,91601,-0.56,0.848
15,50,49,91640,-0.699,-0.002
15,50,49,91679,-1.148,0.446
15,50,49,91718,-0.807,-0.08
15,50,49,91757,-0.571,-0.445
15,50,49,91796,-0.421,0.743
15,50,49,91835,-0.147,-0.667
15,50,49,91874,-0.027,0.158
15,50,49,91914,-0.058,0.431
15,50,49,91953,0.147,-0.404
15,50,49,91992,-0.183,0.472
15,50,49,92031,-0.006,-0.12
15,50,49,92070,-0.099,0.126
15,50,49,92109,-0.581,0.601
15,50,49,92148,0.102,-0.657
15,50,49,92187,-0.271,0.739
15,50,49,92226,0.599,-0.108
15,50,49,92265,0.329,-0.588
15,50,49,92304,0.713,0.559
15,50,49,92343,0.562,-0.799
15,50,49,92382,0.931,0.164
15,50,49,92421,0.727,-0.052
15,50,49,92460,0.848,-0.068
15,50,49,92499,0.981,-0.105
15,50,49,92539,0.955,-0.645
15,50,49,92578,1.08,0.813
15,50,49,92617,0.625,-0.105
15,50,49,92656,0.115,0.111
15,50,49,92695,0.172,-0.146
15,50,49,92734,-0.641,0.508
15,50,49,92773,-0.376,0.224
15,50,49,92812,-1.481,0.268
15,50,49,92851,-0.544,0.897
15,50,49,92890,-0.673,-0.442
15,50,49,92929,-0.104,1.074
15,50,49,92968,0.02,0.131
15,50,49,93007,0.038,-0.127
15,50,49,93046,0.218,0.242
15,50,49,93085,0.216,-0.555
15,50,49,93124,-0.315,0.803
15,50,49,93164,-0.743,-0.261
15,50,49,93203,-1.2,0.216
15,50,49,93242,-1.068,0.275
15,50,49,93281,-1.332,-0.392
15,50,49,93320,-0.849,0.457
15,50,49,93359,-1.371,0.005
15,50,49,93398,-1.18,0.94
15,50,49,93437,-1.377,-0.128
15,50,49,93476,-1.25,0.209
15,50,49,93515,-1.588,0.737
15,50,49,93554,-1.477,-0.185
15,50,49,93593,-1.487,0.227
15,50,49,93632,-0.884,-0.264
15,50,49,93671,-0.897,0.193
15,50,49,93710,-0.005,-0.603
15,50,49,93749,0.219,-0.521
15,50,49,93789,0.621,0.304
15,50,49,93828,0.338,-0.428
15,50,49,93867,0.123,0.482
15,50,49,93906,0.027,0.233
15,50,49,93945,0.402,-0.231
15,50,49,93984,0.193,-0.087
15,50,49,94023,-0.13,0.388
15,50,49,94062,0.33,-0.019
15,50,49,94101,0.933,-0.926
15,50,49,94140,1.896,-0.725
15,50,49,94179,2.368,-0.246
15,50,49,94218,2.319,-0.248
15,50,49,94257,2.204,-0.46
15,50,49,94296,1.769,-0.447
15,50,49,94335,1.22,-0.019
15,50,49,94374,0.539,-0.371
15,50,49,94414,0.009,0.048
15,50,49,94453,-0.642,0.731
15,50,49,94492,-0.849,-0.263
15,50,49,94531,-0.375,-0.868
15,50,49,94570,-0.014,0.045
15,50,49,94609,0.133,0.199
15,50,49,94648,0.137,-0.51
15,50,49,94687,-0.101,0.196
15,50,49,94726,0.185,-0.26
15,50,49,94765,-0.074,-0.266
15,50,49,94804,-0.484,0.088
15,50,49,94843,-0.465,-0.248
15,50,49,94882,-0.681,0.419
15,50,49,94921,-0.197,-0.687
15,50,49,94960,0.055,-0.094
15,50,49,94999,0.381,0.886
15,50,49,95039,1.278,-0.344
15,50,49,95078,1.334,0.003
15,50,49,95117,0.907,0.661
15,50,49,95156,1.146,-0.075
15,50,49,95195,0.609,0.154
15,50,49,95234,0.352,0.264
15,50,49,95273,-0.404,0.176
15,50,49,95312,-0.374,-0.411
15,50,49,95351,-0.802,-0.141
15,50,49,95390,-0.591,0.479
15,50,49,95429,-0.571,-0.578
15,50,49,95468,-0.054,-0.042
15,50,49,95507,-0.035,0.289
15,50,49,95546,0.19,0.186
15,50,49,95585,0.354,-0.12
15,50,49,95624,0.414,-0.058
15,50,49,95664,0.1,0.761
15,50,49,95703,-0.311,0.204
15,50,49,95742,-0.523,0.062
15,50,49,95781,-0.287,0.214
15,50,49,95820,-0.333,-0.02
15,50,49,95859,-0.818,0.652
15,50,49,95898,-0.606,-0.522
15,50,49,95937,-0.165,-0.325
15,50,49,95976,-0.049,0.513
15,50,49,96015,0.074,-0.165
15,50,49,96054,-0.311,0.441
15,50,49,96093,0.12,0.013
15,50,49,96132,0.296,-0.383
15,50,49,96171,0.444,0.055
15,50,49,96210,0.228,-0.254
15,50,49,96249,0.045,0.743
15,50,49,96289,0.08,-0.09
15,50,49,96328,0.208,-0.974
15,50,49,96367,0.214,0.011
15,50,49,96406,-0.241,0.242
15,50,49,96445,-0.397,0.373
15,50,49,96484,-0.724,-0.012
15,50,49,96523,-0.349,-0.149
15,50,49,96562,-0.298,-0.153
15,50,49,96601,-0.407,0.007
15,50,49,96640,-0.157,0.254
15,50,49,96679,-0.049,-0.035
15,50,49,96718,0.652,-0.733
15,50,49,96757,0.8,-0.21
15,50,49,96796,0.957,0.565
15,50,49,96835,1.095,-0.035
15,50,49,96874,1.249,0.042
15,50,49,96914,1.366,0.216
15,50,49,96953,1.426,0.066
15,50,49,96992,0.7,0.673
15,50,49,97031,0.617,0.465
15,50,49,97070,0.303,0.199
15,50,49,97109,0.12,0.398
15,50,49,97148,0.014,-0.459
15,50,49,97187,-0.323,0.722
15,50,49,97226,-0.264,0.511
15,50,49,97265,-0.106,-0.145
15,50,49,97304,0.157,0.172
15,50,49,97343,0.336,0.147
15,50,49,97382,0.65,0.236
15,50,49,97421,0.518,0.125
15,50,49,97460,0.492,0.057
15,50,49,97499,0.696,-0.32
15,50,49,97539,0.67,-0.499
15,50,49,97578,0.258,0.512
15,50,49,97617,0.081,0.182
15,50,49,97656,-0.038,0.283
15,50,49,97695,0.525,-0.103
15,50,49,97734,0.76,-0.091
15,50,49,97773,0.653,1.032
15,50,49,97812,0.922,-0.206
15,50,49,97851,1.275,-0.375
15,50,49,97890,1.299,0.28
15,50,49,97929,1.387,-0.168
15,50,49,97968,1.263,-0.711
15,50,49,98007,1.016,0.006
15,50,49,98046,1.194,-0.389
15,50,49,98085,0.874,-0.676
15,50,49,98124,1.038,0.134
15,50,49,98164,1.268,-0.566
15,50,49,98203,1.117,0.281
15,50,49,98242,1.2,-0.455
15,50,49,98281,0.265,-0.239
15,50,49,98320,0.332,0.527
15,50,49,98359,-0.41,-0.226
15,50,49,98398,-0.592,0.391
15,50,49,98437,-1.524,0.045
15,50,49,98476,-1.455,0.3
15,50,49,98515,-1.515,-0.066
15,50,49,98554,-1.148,0.045
15,50,49,98593,-0.807,-0.018
15,50,49,98632,-0.803,-0.189
15,50,49,98671,-0.565,-0.037
15,50,49,98710,-0.46,-0.501
15,50,49,98749,-0.291,-0.379
15,50,49,98789,-0.633,0.085
15,50,49,98828,-0.868,-0.174
15,50,49,98867,-1.138,0.137
15,50,49,98906,-1.32,0.141
15,50,49,98945,-1.073,-0.132
15,50,49,98984,-1.333,0.665
15,50,49,99023,-0.885,-0.162
15,50,49,99062,-0.876,0.038
15,50,49,99101,-0.476,0.274
15,50,49,99140,-0.381,-0.211
15,50,49,99179,-0.274,-0.189
15,50,49,99218,-0.015,-0.465
15,50,49,99257,-0.244,0.019
15,50,49,99296,0.004,-0.098
15,50,49,99335,-0.578,0.134
15,50,49,99374,-0.016,0.305
15,50,49,99414,-0.25,-0.053
15,50,49,99453,0.044,-0.122
15,50,49,99492,-0.2,0.052
15,50,49,99531,-0.298,0.168
15,50,49,99570,-0.228,0.207
15,50,49,99609,0.016,-0.142
15,50,49,99648,0.003,-0.185
15,50,49,99687,-0.448,0.595
15,50,49,99726,0.002,-0.436
15,50,49,99765,-0.347,0.592
15,50,49,99804,-0.371,0.49
15,50,49,99843,-0.362,-0.859
15,50,49,99882,-0.758,0.603
15,50,49,99921,-0.389,0.127
15,50,49,99960,-0.689,-0.339
15,50,49,99999,-0.705,-0.071
15,50,49,1.0004e+005,-0.285,-0.32
15,50,49,1.0008e+005,-0.243,0.322
15,50,49,1.0012e+005,0.094,0.304
15,50,49,1.0016e+005,0.442,-0.32
15,50,49,1.002e+005,0.613,0.37
15,50,49,1.0023e+005,0.687,-0.045
15,50,49,1.0027e+005,0.706,-0.25
15,50,49,1.0031e+005,0.382,0.192
15,50,49,1.0035e+005,0.119,-0.044
15,50,49,1.0039e+005,0.005,-0.151
15,50,49,1.0043e+005,-0.004,-0.218
15,50,49,1.0047e+005,-0.228,0.266
15,50,49,1.0051e+005,-0.316,-0.519
15,50,49,1.0055e+005,-0.264,-0.537
15,50,49,1.0058e+005,-0.134,0.21
15,50,49,1.0062e+005,0.052,-0.461
15,50,49,1.0066e+005,-0.021,0.048
15,50,49,1.007e+005,0.086,-0.17
15,50,49,1.0074e+005,0.206,-0.261
15,50,49,1.0078e+005,0.483,-0.172
15,50,49,1.0082e+005,0.477,0.133
15,50,49,1.0086e+005,0.567,0.315
15,50,49,1.009e+005,0.372,0.091
15,50,49,1.0094e+005,0.971,-0.348
15,50,49,1.0098e+005,0.699,-0.129
15,50,49,1.0102e+005,1.258,0.145
15,50,49,1.0105e+005,1.114,-0.485
15,50,49,1.0109e+005,1.513,0.139
15,50,49,1.0113e+005,1.477,-0.513
15,50,49,1.0117e+005,0.798,0.335
15,50,49,1.0121e+005,-0.168,0.43
15,50,49,1.0125e+005,-1.341,-0.05
15,50,49,1.0129e+005,-2.068,0.556
15,50,49,1.0133e+005,-3.099,0.308
15,50,49,1.0137e+005,-3.578,0.334
15,50,49,1.0141e+005,-3.854,0.737
15,50,49,1.0144e+005,-3.362,0.313
15,50,49,1.0148e+005,-2.123,-0.059
15,50,49,1.0152e+005,-1.419,0.746
15,50,49,1.0156e+005,-0.579,0.196
15,50,49,1.016e+005,-0.079,-0.229
15,50,49,1.0164e+005,-0.446,0.615
15,50,49,1.0168e+005,0.279,-0.569
15,50,49,1.0172e+005,-1.283,0.456
15,50,49,1.0176e+005,-0.652,0.252
15,50,49,1.018e+005,-1.666,0.061
15,50,49,1.0184e+005,-0.8,0.853
15,50,49,1.0187e+005,-1.016,-0.858
15,50,49,1.0191e+005,0.038,0.618
15,50,49,1.0195e+005,0.144,0.121
15,50,49,1.0199e+005,0.445,-0.228
15,50,49,1.0203e+005,0.353,0.133
15,50,49,1.0207e+005,-0.258,-0.014
15,50,49,1.0211e+005,-0.604,0.089
15,50,49,1.0215e+005,-1.412,0.038
15,50,49,1.0219e+005,-1.266,-0.273
15,50,49,1.0223e+005,-1.731,0.61
15,50,49,1.0226e+005,-0.782,-0.807
15,50,49,1.023e+005,-0.477,-0.197
15,50,49,1.0234e+005,0.356,0.534
15,50,49,1.0238e+005,0.598,-0.701
15,50,49,1.0242e+005,1.303,0.182
15,50,49,1.0246e+005,0.826,0.502
15,50,49,1.025e+005,1,0.494
15,50,49,1.0254e+005,-0.121,0.121
15,50,49,1.0258e+005,0.285,0.385
15,50,49,1.0262e+005,-0.29,-0.522
15,50,49,1.0266e+005,-0.248,0.14
15,50,49,1.027e+005,-0.408,-0.677
15,50,49,1.0273e+005,-0.78,0.392
15,50,49,1.0277e+005,-0.191,0.097
15,50,49,1.0281e+005,-0.303,-1.039
15,50,49,1.0285e+005,0.592,0.483
15,50,49,1.0289e+005,-0.104,0.171
15,50,49,1.0293e+005,0.385,0.434
15,50,49,1.0297e+005,0.347,-0.84
15,50,49,1.0301e+005,0.936,0.229
15,50,49,1.0305e+005,0.832,0.29
15,50,49,1.0308e+005,0.519,-0.04
15,50,49,1.0312e+005,0.76,0.122
15,50,49,1.0316e+005,0.674,-0.068
15,50,49,1.032e+005,1.257,-0.199
15,50,49,1.0324e+005,0.298,0.099
15,50,49,1.0328e+005,0.394,0.15
15,50,49,1.0332e+005,0.274,-0.261
15,50,49,1.0336e+005,0.39,0.399
15,50,49,1.034e+005,-0.108,-0.303
15,50,49,1.0344e+005,-0.319,0.013
15,50,49,1.0348e+005,-0.237,0.118
15,50,49,1.0352e+005,-0.036,0.398
15,50,49,1.0355e+005,-0.198,0.198
15,50,49,1.0359e+005,-0.049,-0.299
15,50,49,1.0363e+005,-0.183,0.407
15,50,49,1.0367e+005,0.448,0.492
15,50,49,1.0371e+005,0.601,-0.122
15,50,49,1.0375e+005,0.194,0.156
15,50,49,1.0379e+005,1.044,-1.082
15,50,49,1.0383e+005,0.397,0.284
15,50,49,1.0387e+005,0.955,0.314
15,50,49,1.0391e+005,0.205,-0.719
15,50,49,1.0394e+005,0.78,0.12
15,50,49,1.0398e+005,0.196,-0.65
15,50,49,1.0402e+005,1.168,0.291
15,50,49,1.0406e+005,0.197,0.356
15,50,49,1.041e+005,1.185,-0.373
15,50,49,1.0414e+005,0.975,-0.327
15,50,49,1.0418e+005,1.123,0.17
15,50,49,1.0422e+005,1.356,-0.744
15,50,49,1.0426e+005,1.345,0.096
15,50,49,1.043e+005,1.667,0.137
15,50,49,1.0434e+005,1.585,-0.617
15,50,49,1.0437e+005,1.75,-0.723
15,50,49,1.0441e+005,1.907,-0.429
15,50,49,1.0445e+005,1.388,0.575
15,50,49,1.0449e+005,1,-0.043
15,50,49,1.0453e+005,0.339,-0.129
15,50,49,1.0457e+005,0.024,0.209
15,50,49,1.0461e+005,-0.294,-0.102
15,50,49,1.0465e+005,-1.082,0.339
15,50,49,1.0469e+005,-1.742,0.206
15,50,49,1.0473e+005,-1.847,0.288
15,50,49,1.0476e+005,-1.829,0.503
15,50,49,1.048e+005,-1.696,-0.202
15,50,49,1.0484e+005,-1.706,0.26
15,50,49,1.0488e+005,-1.942,0.21
15,50,49,1.0492e+005,-1.63,-0.404
15,50,49,1.0496e+005,-1.382,-0.324
15,50,49,1.05e+005,-1.587,-0.476
15,50,49,1.0504e+005,-1.72,0.327
15,50,49,1.0508e+005,-1.715,0.072
15,50,49,1.0512e+005,-1.649,0.132
15,50,49,1.0516e+005,-1.802,0.575
15,50,49,1.052e+005,-0.989,-0.329
15,50,49,1.0523e+005,-0.947,0.766
15,50,49,1.0527e+005,-0.663,0.562
15,50,49,1.0531e+005,-0.379,-0.764
15,50,49,1.0535e+005,-0.664,-0.039
15,50,49,1.0539e+005,-0.192,-0.56
15,50,49,1.0543e+005,-0.717,0.201
15,50,49,1.0547e+005,-0.468,0.211
15,50,49,1.0551e+005,-0.735,-0.745
15,50,49,1.0555e+005,-0.337,-0.144
15,50,49,1.0558e+005,-0.039,-0.742
15,50,49,1.0562e+005,0.086,-0.144
15,50,49,1.0566e+005,-0.069,0.312
15,50,49,1.057e+005,0.181,-0.486
15,50,49,1.0574e+005,0.243,-0.011
15,50,49,1.0578e+005,0.182,0.482
15,50,49,1.0582e+005,0.429,0.032
15,50,49,1.0586e+005,0.147,0.07
15,50,49,1.059e+005,0.162,-0.249
15,50,49,1.0594e+005,0.277,-0.623
15,50,49,1.0598e+005,-0.089,0.499
15,50,49,1.0602e+005,0,0.12
15,50,49,1.0605e+005,-0.086,-0.318
15,50,49,1.0609e+005,-0.101,0.168
15,50,49,1.0613e+005,-0.008,-0.083
15,50,49,1.0617e+005,-0.286,0.039
15,50,49,1.0621e+005,0.093,0.212
15,50,49,1.0625e+005,0.345,0.07
15,50,49,1.0629e+005,0.891,-0.201
15,50,49,1.0633e+005,0.94,-0.306
15,50,49,1.0637e+005,0.808,0.501
15,50,49,1.0641e+005,1.3,0.134
15,50,49,1.0644e+005,0.953,-0.044
15,50,49,1.0648e+005,1.107,0.233
15,50,49,1.0652e+005,0.553,0.039
15,50,49,1.0656e+005,0.298,-0.012
15,50,49,1.066e+005,0.58,-1.021
15,50,49,1.0664e+005,0.099,0.196
15,50,49,1.0668e+005,0.436,0.23
15,50,49,1.0672e+005,0.25,-0.495
15,50,49,1.0676e+005,0.703,-0.013
15,50,49,1.068e+005,0.399,-0.275
15,50,49,1.0684e+005,0.524,0.304
15,50,49,1.0687e+005,-0.387,0.302
15,50,49,1.0691e+005,-0.127,0.051
15,50,49,1.0695e+005,-0.346,0.346
15,50,49,1.0699e+005,0.215,-0.426
15,50,49,1.0703e+005,0.133,-0.376
15,50,49,1.0707e+005,0.599,0.051
15,50,49,1.0711e+005,0.853,-0.812
15,50,49,1.0715e+005,1.464,0.33
15,50,49,1.0719e+005,1.117,-0.072
15,50,49,1.0723e+005,1.572,-0.059
15,50,49,1.0726e+005,0.797,0.376
15,50,49,1.073e+005,0.765,0.381
15,50,49,1.0734e+005,0.526,0.27
15,50,49,1.0738e+005,0.093,0.353
15,50,49,1.0742e+005,0.567,-0.329
15,50,49,1.0746e+005,0.359,-0.067
15,50,49,1.075e+005,0.776,0.418
15,50,49,1.0754e+005,0.835,-0.136
15,50,49,1.0758e+005,0.987,-0.066
15,50,49,1.0762e+005,1.334,-0.809
15,50,49,1.0766e+005,0.697,0.681
15,50,49,1.077e+005,1.053,0.69
15,50,49,1.0773e+005,0.556,-0.279
15,50,49,1.0777e+005,0.985,0.427
15,50,49,1.0781e+005,0.693,-0.216
15,50,49,1.0785e+005,0.725,0.474
15,50,49,1.0789e+005,0.861,-0.292
15,50,49,1.0793e+005,1.157,-0.102
15,50,49,1.0797e+005,1.111,0.376
15,50,49,1.0801e+005,0.628,-0.43
15,50,49,1.0805e+005,0.103,0.059
15,50,49,1.0808e+005,-0.349,0.372
15,50,49,1.0812e+005,-1.092,0.442
15,50,49,1.0816e+005,-1.848,0.296
15,50,49,1.082e+005,-2.288,-0.214
15,50,49,1.0824e+005,-2.549,0.746
15,50,49,1.0828e+005,-2.085,0.189
15,50,49,1.0832e+005,-1.397,-0.904
15,50,49,1.0836e+005,-0.759,-0.242
15,50,49,1.084e+005,-0.284,-0.27
15,50,49,1.0844e+005,0.105,0.259
15,50,49,1.0848e+005,0.032,-0.018
15,50,49,1.0852e+005,0.663,-0.295
15,50,49,1.0855e+005,0.081,0.505
15,50,49,1.0859e+005,-0.293,0.395
15,50,49,1.0863e+005,-0.669,0.029
15,50,49,1.0867e+005,-0.938,0.238
15,50,49,1.0871e+005,-0.243,-0.493
15,50,49,1.0875e+005,-0.244,-0.333
15,50,49,1.0879e+005,-0.209,-0.17
15,50,49,1.0883e+005,-0.033,-0.336
15,50,49,1.0887e+005,-0.013,0.157
15,50,49,1.0891e+005,-0.027,-0.16
15,50,49,1.0894e+005,-0.123,-0.164
15,50,49,1.0898e+005,-0.652,-0.074
15,50,49,1.0902e+005,-0.453,0.024
15,50,49,1.0906e+005,-0.699,0.161
15,50,49,1.091e+005,-0.612,-0.068
15,50,49,1.0914e+005,-0.261,-0.514
15,50,49,1.0918e+005,0.026,-0.072
15,50,49,1.0922e+005,0.441,-0.251
15,50,49,1.0926e+005,0.41,-0.019
15,50,49,1.093e+005,0.59,-0.128
15,50,49,1.0934e+005,0.492,-0.004
15,50,49,1.0937e+005,0.471,0.522
15,50,49,1.0941e+005,0.151,-0.521
15,50,49,1.0945e+005,0.27,0.22
15,50,49,1.0949e+005,0.385,0.032
15,50,49,1.0953e+005,0.619,-0.101
15,50,49,1.0957e+005,0.854,0.048
15,50,49,1.0961e+005,0.802,-0.027
15,50,49,1.0965e+005,1.684,0.051
15,50,49,1.0969e+005,1.66,-0.453
15,50,49,1.0973e+005,1.511,0.141
15,50,49,1.0976e+005,1.543,-0.262
15,50,49,1.098e+005,1.175,0.175
15,50,49,1.0984e+005,1.577,-0.225
15,50,49,1.0988e+005,0.981,0.163
15,50,49,1.0992e+005,1.08,0.306
15,50,49,1.0996e+005,0.853,-0.404
15,50,49,1.1e+005,0.644,0.803
15,50,49,1.1004e+005,0.64,-0.242
15,50,49,1.1008e+005,0.013,0.07
15,50,49,1.1012e+005,0.166,0.106
15,50,49,1.1016e+005,-0.289,0.342
15,50,49,1.102e+005,-0.331,0.702
15,50,49,1.1023e+005,-0.629,-0.531
15,50,49,1.1027e+005,0.258,0.121
15,50,49,1.1031e+005,0.197,0.365
15,50,49,1.1035e+005,0.451,0.253
15,50,49,1.1039e+005,0.341,0.13
15,50,49,1.1043e+005,0.599,-0.215
15,50,49,1.1047e+005,0.659,0.544
15,50,49,1.1051e+005,0.864,0.375
15,50,49,1.1055e+005,0.274,0.118
15,50,49,1.1058e+005,0.527,0.516
15,50,49,1.1062e+005,0.194,-0.08
15,50,49,1.1066e+005,0.923,-0.064
15,50,49,1.107e+005,0.604,0.055
15,50,49,1.1074e+005,1.015,-0.085
15,50,49,1.1078e+005,0.774,-0.082
15,50,49,1.1082e+005,0.465,0.177
15,50,49,1.1086e+005,0.588,-0.216
15,50,49,1.109e+005,0.127,0.054
15,50,49,1.1094e+005,0.207,-0.152
15,50,49,1.1098e+005,-0.533,0.333
15,50,49,1.1102e+005,-1.043,0.534
15,50,49,1.1105e+005,-1.376,-0.426
15,50,49,1.1109e+005,-1.676,-0.003
15,50,49,1.1113e+005,-2.207,0.108
15,50,49,1.1117e+005,-2.54,0.127
15,50,49,1.1121e+005,-2.693,0.255
15,50,49,1.1125e+005,-2.594,-0.097
15,50,49,1.1129e+005,-1.938,0.065
15,50,49,1.1133e+005,-1.48,0.019
15,50,49,1.1137e+005,-0.795,-0.254
15,50,49,1.1141e+005,-0.361,0.4
15,50,49,1.1144e+005,0.22,-0.3
15,50,49,1.1148e+005,0.608,-0.56
15,50,49,1.1152e+005,0.44,0.044
15,50,49,1.1156e+005,0.056,0.376
15,50,49,1.116e+005,-0.002,0.248
15,50,49,1.1164e+005,-0.663,0.093
15,50,49,1.1168e+005,-0.425,0.129
15,50,49,1.1172e+005,-0.339,-0.558
15,50,49,1.1176e+005,-0.826,0.721
15,50,49,1.118e+005,-0.55,0.047
15,50,49,1.1184e+005,-0.95,-0.535
15,50,49,1.1187e+005,-0.521,-0.01
15,50,49,1.1191e+005,-0.866,-0.489
15,50,49,1.1195e+005,-1.14,0.557
15,50,49,1.1199e+005,-1.657,0.331
15,50,49,1.1203e+005,-1.359,-0.385
15,50,49,1.1207e+005,-1.628,0.253
15,50,49,1.1211e+005,-1.182,0.078
15,50,49,1.1215e+005,-1.313,0.211
15,50,49,1.1219e+005,-0.937,0.606
15,50,49,1.1223e+005,-0.479,-0.62
15,50,49,1.1226e+005,-0.048,-0.004
15,50,49,1.123e+005,-0.19,0.018
15,50,49,1.1234e+005,-0.088,0.057
15,50,49,1.1238e+005,-0.541,0.738
15,50,49,1.1242e+005,-0.353,-0.261
15,50,49,1.1246e+005,-0.203,-0.157
15,50,49,1.125e+005,-0.576,0.217
15,50,49,1.1254e+005,-0.459,0.054
15,50,49,1.1258e+005,-0.326,-0.112
15,50,49,1.1262e+005,0.082,-0.287
15,50,49,1.1266e+005,0.367,-0.587
15,50,49,1.127e+005,0.322,0.008
15,50,49,1.1273e+005,0.373,0.222
15,50,49,1.1277e+005,0.237,-0.085
15,50,49,1.1281e+005,0.623,-0.264
15,50,49,1.1285e+005,0.167,0.174
15,50,49,1.1289e+005,0.471,0.277
15,50,49,1.1293e+005,0.026,0.045
15,50,49,1.1297e+005,0.905,-0.322
15,50,49,1.1301e+005,0.623,-0.292
15,50,49,1.1305e+005,0.995,0.471
15,50,49,1.1308e+005,0.951,-0.407
15,50,49,1.1312e+005,0.685,0.872
15,50,49,1.1316e+005,1.02,-0.508
15,50,49,1.132e+005,0.547,-0.314
15,50,49,1.1324e+005,0.791,1.086
15,50,49,1.1328e+005,0.305,-0.005
15,50,49,1.1332e+005,0.824,0.53
15,50,49,1.1336e+005,0.937,-0.555
15,50,49,1.134e+005,1.707,-0.215
15,50,49,1.1344e+005,1.497,0.588
15,50,49,1.1348e+005,1.583,0.018
15,50,49,1.1352e+005,1.547,0.603
15,50,49,1.1355e+005,1.628,-0.126
15,50,49,1.1359e+005,0.907,0.165
15,50,49,1.1363e+005,0.616,0.541
15,50,49,1.1367e+005,0.002,0.408
15,50,49,1.1371e+005,0.24,0.623
15,50,49,1.1375e+005,-0.438,-0.169
15,50,49,1.1379e+005,0.377,-0.018
15,50,49,1.1383e+005,-0.367,0.24
15,50,49,1.1387e+005,0.341,0.487
15,50,49,1.1391e+005,0.043,-0.361
15,50,49,1.1394e+005,0.265,-0.192
15,50,49,1.1398e+005,-0.043,-0.032
15,50,49,1.1402e+005,-0.668,0.885
15,50,49,1.1406e+005,-0.925,-0.049
15,50,49,1.141e+005,-1.395,-0.385
15,50,49,1.1414e+005,-1.355,0.304
15,50,49,1.1418e+005,-1.487,0.152
15,50,49,1.1422e+005,-1.906,0.53
15,50,49,1.1426e+005,-1.381,-0.36
15,50,49,1.143e+005,-0.724,-0.37
15,50,49,1.1434e+005,-0.146,-0.129
15,50,49,1.1437e+005,-0.017,-0.436
15,50,49,1.1441e+005,0.073,0.704
15,50,49,1.1445e+005,0.232,0.16
15,50,49,1.1449e+005,0.796,-0.815
15,50,49,1.1453e+005,0.896,-0.455
15,50,49,1.1457e+005,0.794,0.462
15,50,49,1.1461e+005,0.459,0.781
15,50,49,1.1465e+005,0.738,-0.675
15,50,49,1.1469e+005,0.622,0.203
15,50,49,1.1473e+005,0.61,0.542
15,50,49,1.1476e+005,0.262,-0.484
15,50,49,1.148e+005,0.185,0.397
15,50,49,1.1484e+005,-0.269,0.31
15,50,49,1.1488e+005,-0.137,0.004
15,50,49,1.1492e+005,-0.232,-0.642
15,50,49,1.1496e+005,-0.301,0.385
15,50,49,1.15e+005,-0.147,0.335
15,50,49,1.1504e+005,-0.126,-0.331
15,50,49,1.1508e+005,0.403,0.058
15,50,49,1.1512e+005,0.688,-0.028
15,50,49,1.1516e+005,1.408,-0.1
15,50,49,1.152e+005,1.723,-0.283
15,50,49,1.1523e+005,1.764,0.456
15,50,49,1.1527e+005,2.083,-0.325
15,50,49,1.1531e+005,2.139,-0.525
15,50,49,1.1535e+005,2.165,0.072
15,50,49,1.1539e+005,1.798,-0.265
15,50,49,1.1543e+005,1.46,0.279
15,50,49,1.1547e+005,1.119,0.193
15,50,49,1.1551e+005,1.017,-0.071
15,50,49,1.1555e+005,1.127,-0.486
15,50,49,1.1558e+005,0.439,-0.036
15,50,49,1.1562e+005,0.005,0.351
15,50,49,1.1566e+005,-1.312,-0.303
15,50,49,1.157e+005,-1.95,0.088
15,50,49,1.1574e+005,-2.758,-0.238
15,50,49,1.1578e+005,-3.469,0.413
15,50,49,1.1582e+005,-4.141,0.403
15,50,49,1.1586e+005,-4.263,0.037
15,50,49,1.159e+005,-3.357,-0.296
15,50,49,1.1594e+005,-2.287,-0.681
15,50,49,1.1598e+005,-1.377,0.34
15,50,49,1.1602e+005,-0.431,-0.086
15,50,49,1.1605e+005,0.065,-0.301
15,50,49,1.1609e+005,0.716,-0.039
15,50,49,1.1613e+005,0.748,-0.317
15,50,49,1.1617e+005,0.207,0.779
15,50,49,1.1621e+005,-0.145,0.253
15,50,49,1.1625e+005,-0.429,0.222
15,50,49,1.1629e+005,-0.367,0.275
15,50,49,1.1633e+005,-0.363,-0.992
15,50,49,1.1637e+005,-0.344,0.167
15,50,49,1.1641e+005,-0.067,0.104
15,50,49,1.1644e+005,0.161,-0.41
15,50,49,1.1648e+005,0.04,-0.207
15,50,49,1.1652e+005,-0.321,-0.311
15,50,49,1.1656e+005,-0.387,-0.018
15,50,49,1.166e+005,-0.782,-0.009
15,50,49,1.1664e+005,-0.736,0.009
15,50,49,1.1668e+005,-0.894,-0.168
15,50,49,1.1672e+005,-0.503,0.09
15,50,49,1.1676e+005,0.026,-0.23
15,50,49,1.168e+005,0.248,0.121
15,50,49,1.1684e+005,0.816,-0.068
15,50,49,1.1687e+005,0.671,-0.269
15,50,49,1.1691e+005,0.641,0.4
15,50,49,1.1695e+005,0.501,-0.148
15,50,49,1.1699e+005,0.11,0.168
15,50,49,1.1703e+005,-0.282,0.123
15,50,49,1.1707e+005,-0.82,0.207
15,50,49,1.1711e+005,-0.834,0.474
15,50,49,1.1715e+005,-0.759,-0.529
15,50,49,1.1719e+005,-0.619,0.326
15,50,49,1.1723e+005,-0.36,0.306
15,50,49,1.1726e+005,0.051,-0.477
15,50,49,1.173e+005,0.298,0.089
15,50,49,1.1734e+005,0.72,-0.092
15,50,49,1.1738e+005,0.926,-0.026
15,50,49,1.1742e+005,1.206,-0.303
15,50,49,1.1746e+005,1.48,-0.026
15,50,49,1.175e+005,1.196,0.659
15,50,49,1.1754e+005,1.337,-0.413
15,50,49,1.1758e+005,1.164,0.015
15,50,49,1.1762e+005,1.355,0.579
15,50,49,1.1766e+005,1.17,-0.169
15,50,49,1.177e+005,0.699,0.121
15,50,49,1.1773e+005,0.405,0.032
15,50,49,1.1777e+005,-0.264,0.644
15,50,49,1.1781e+005,-0.114,-0.434
15,50,49,1.1785e+005,-0.919,-0.179
15,50,49,1.1789e+005,-0.658,0.194
15,50,49,1.1793e+005,-1.697,0.511
15,50,49,1.1797e+005,-1.235,0.163
15,50,49,1.1801e+005,-1.567,-0.436
15,50,49,1.1805e+005,-0.815,0.96
15,50,49,1.1808e+005,-1.243,0.038
15,50,49,1.1812e+005,-0.247,-0.076
15,50,49,1.1816e+005,-0.387,0.781
15,50,49,1.182e+005,0.127,0.449
15,50,49,1.1824e+005,0.128,-0.488
15,50,49,1.1828e+005,0.471,0.176
15,50,49,1.1832e+005,0.251,0.139
15,50,49,1.1836e+005,0.508,0.012
15,50,49,1.184e+005,0.059,-0.118
15,50,49,1.1844e+005,0.401,0.633
15,50,49,1.1848e+005,-0.145,0.011
15,50,49,1.1852e+005,0.771,-0.426
15,50,49,1.1855e+005,-0.257,0.442
15,50,49,1.1859e+005,0.362,0.22
15,50,49,1.1863e+005,0.106,-0.828
15,50,49,1.1867e+005,-0.304,0.827
15,50,49,1.1871e+005,0.444,-0.084
15,50,49,1.1875e+005,-0.423,0.033
15,50,49,1.1879e+005,0.714,-0.295
15,50,49,1.1883e+005,-0.142,-0.231
15,50,49,1.1887e+005,0.718,0.902
15,50,49,1.1891e+005,0.196,-0.794
15,50,49,1.1894e+005,0.748,0.095
15,50,49,1.1898e+005,0.118,0.289
15,50,49,1.1902e+005,0.498,-0.19
15,50,49,1.1906e+005,0.01,0.18
15,50,49,1.191e+005,0.065,-0.076
15,50,49,1.1914e+005,-0.025,0.085
15,50,49,1.1918e+005,-0.34,-0.142
15,50,49,1.1922e+005,-0.265,-0.243
15,50,49,1.1926e+005,-0.752,0.565
15,50,49,1.193e+005,-0.402,-0.261
15,50,49,1.1934e+005,-0.436,-0.126
15,50,49,1.1937e+005,-0.576,0.401
15,50,49,1.1941e+005,-0.528,-0.05
15,50,49,1.1945e+005,-0.519,0.081
15,50,49,1.1949e+005,-0.083,0.108
15,50,49,1.1953e+005,-0.319,-0.065
15,50,49,1.1957e+005,-0.298,0.224
15,50,49,1.1961e+005,-0.568,-0.086
15,50,49,1.1965e+005,-0.032,0.014
15,50,49,1.1969e+005,-0.295,0.03
15,50,49,1.1973e+005,0.073,0.113
15,50,49,1.1976e+005,-0.221,0.33
15,50,49,1.198e+005,-0.266,0.354
15,50,49,1.1984e+005,0.03,-0.344
15,50,49,1.1988e+005,-0.271,0.539
15,50,49,1.1992e+005,0.103,0.695
15,50,49,1.1996e+005,-0.628,0.182
15,50,49,1.2e+005,0.012,0.078
15,50,49,1.2004e+005,0.139,-0.23
15,50,49,1.2008e+005,0.388,0.375
15,50,49,1.2012e+005,0.52,-0.112
15,50,49,1.2016e+005,0.652,0.029
15,50,49,1.202e+005,1.159,0.098
15,50,49,1.2023e+005,1.303,-0.396
15,50,49,1.2027e+005,1.404,0.342
15,50,49,1.2031e+005,1.405,-0.187
15,50,49,1.2035e+005,1.577,0.302
15,50,49,1.2039e+005,1.398,0.119
15,50,49,1.2043e+005,1.467,-0.324
15,50,49,1.2047e+005,1.175,0.416
15,50,49,1.2051e+005,1.008,0.309
15,50,49,1.2055e+005,0.715,0.491
15,50,49,1.2058e+005,0.597,-0.178
15,50,49,1.2062e+005,0.518,-0.062
15,50,49,1.2066e+005,0.068,0.587
15,50,49,1.207e+005,-0.119,-0.213
15,50,49,1.2074e+005,-0.223,0.005
15,50,49,1.2078e+005,-0.134,-0.14
15,50,49,1.2082e+005,0.085,-0.212
15,50,49,1.2086e+005,-0.032,0.526
15,50,49,1.209e+005,0.541,-0.465
15,50,49,1.2094e+005,0.513,-0.304
15,50,49,1.2098e+005,0.591,0.53
15,50,49,1.2102e+005,0.433,-0.358
15,50,49,1.2105e+005,0.494,0.333
15,50,49,1.2109e+005,0.503,-0.149
15,50,49,1.2113e+005,0.573,-0.122
15,50,49,1.2117e+005,0.407,0.035
15,50,49,1.2121e+005,0.382,-0.565
15,50,49,1.2125e+005,0.499,0.329
15,50,49,1.2129e+005,0.967,-0.341
15,50,49,1.2133e+005,1.104,-0.677
15,50,49,1.2137e+005,1.168,-0.176
15,50,49,1.2141e+005,1.44,-0.504
15,50,49,1.2144e+005,1.293,-0.063
15,50,49,1.2148e+005,1.025,-0.262
15,50,49,1.2152e+005,0.549,-0.539
15,50,49,1.2156e+005,-0.512,0.08
15,50,49,1.216e+005,-1.13,0.126
15,50,49,1.2164e+005,-2.156,0.414
15,50,49,1.2168e+005,-2.327,0.065
15,50,49,1.2172e+005,-2.46,0.016
15,50,49,1.2176e+005,-2.905,0.89
15,50,49,1.218e+005,-2.456,-0.201
15,50,49,1.2184e+005,-2.002,-0.483
15,50,49,1.2187e+005,-1.53,0.241
15,50,49,1.2191e+005,-1.044,-0.265
15,50,49,1.2195e+005,-1.433,0.065
15,50,49,1.2199e+005,-1.131,0.029
15,50,49,1.2203e+005,-0.858,0.046
15,50,49,1.2207e+005,-0.491,0.102
15,50,49,1.2211e+005,-0.098,-0.272
15,50,49,1.2215e+005,0.291,0.488
15,50,49,1.2219e+005,0.515,0.287
15,50,49,1.2223e+005,1.301,-0.56
15,50,49,1.2226e+005,1.513,-0.179
15,50,49,1.223e+005,1.366,0.419
15,50,49,1.2234e+005,1.212,-0.291
15,50,49,1.2238e+005,0.298,-0.037
15,50,49,1.2242e+005,-0.191,0.329
15,50,49,1.2246e+005,-0.69,-0.298
15,50,49,1.225e+005,-1.12,-0.108
15,50,49,1.2254e+005,-0.865,-0.405
15,50,49,1.2258e+005,-1.155,0.332
15,50,49,1.2262e+005,-0.641,-0.173
15,50,49,1.2266e+005,-0.019,-1.054
15,50,49,1.227e+005,0.636,0.306
15,50,49,1.2273e+005,0.606,-0.014
15,50,49,1.2277e+005,0.622,0.078
15,50,49,1.2281e+005,-0.008,0.425
15,50,49,1.2285e+005,-0.105,0.209
15,50,49,1.2289e+005,-0.314,0.199
15,50,49,1.2293e+005,-0.904,0.843
15,50,49,1.2297e+005,-1.068,0.602
15,50,49,1.2301e+005,-1.289,0.019
15,50,49,1.2305e+005,-0.205,-0.27
15,50,49,1.2308e+005,-0.093,-0.073
15,50,49,1.2312e+005,0.157,0.628
15,50,49,1.2316e+005,0.528,-0.113
15,50,49,1.232e+005,0.451,-0.222
15,50,49,1.2324e+005,0.628,0.332
15,50,49,1.2328e+005,0.345,-0.124
15,50,49,1.2332e+005,0.602,0.025
15,50,49,1.2336e+005,-0.07,0.478
15,50,49,1.234e+005,-0.026,-0.054
15,50,49,1.2344e+005,0.374,-0.701
15,50,49,1.2348e+005,0.121,0.188
15,50,49,1.2352e+005,0.997,0.129
15,50,49,1.2355e+005,0.508,0.052
15,50,49,1.2359e+005,0.957,-0.071
15,50,49,1.2363e+005,0.175,-0.01
15,50,49,1.2367e+005,0.633,0.001
15,50,49,1.2371e+005,-0.226,-0.261
15,50,49,1.2375e+005,0.213,0.417
15,50,49,1.2379e+005,-0.477,0.055
15,50,49,1.2383e+005,-0.216,0.354
15,50,49,1.2387e+005,0.003,-0.305
15,50,49,1.2391e+005,-0.095,0.248
15,50,49,1.2394e+005,0.826,-0.022
15,50,49,1.2398e+005,-0.327,0.055
15,50,49,1.2402e+005,0.156,0.841
15,50,49,1.2406e+005,-0.684,-0.711
15,50,49,1.241e+005,-0.174,0.241
15,50,49,1.2414e+005,-0.748,0.043
15,50,49,1.2418e+005,-1.202,0.334
15,50,49,1.2422e+005,-1.035,0.008
15,50,49,1.2426e+005,-1.545,0.027
15,50,49,1.243e+005,-0.897,0.101
15,50,49,1.2434e+005,-1.358,-0.463
15,50,49,1.2437e+005,-0.709,0.829
15,50,49,1.2441e+005,-1.185,-0.067
15,50,49,1.2445e+005,-0.557,0.016
15,50,49,1.2449e+005,-0.801,-0.098
15,50,49,1.2453e+005,-0.703,0.405
15,50,49,1.2457e+005,-0.562,0.739
15,50,49,1.2461e+005,-1.232,-0.158
15,50,49,1.2465e+005,-0.749,0.324
15,50,49,1.2469e+005,-1.63,0.166
15,50,49,1.2473e+005,-1.304,0.801
15,50,49,1.2476e+005,-1.553,0.298
15,50,49,1.248e+005,-1.312,0.611
15,50,49,1.2484e+005,-1.15,0.151
15,50,49,1.2488e+005,-0.943,-0.083
15,50,49,1.2492e+005,-0.848,0.175
15,50,49,1.2496e+005,-0.333,-0.497
15,50,49,1.25e+005,-0.378,0.19
15,50,49,1.2504e+005,-0.544,-0.084
15,50,49,1.2508e+005,-0.514,-0.092
15,50,49,1.2512e+005,-0.556,0.298
15,50,49,1.2516e+005,-0.33,0.381
15,50,49,1.252e+005,-0.202,-0.073
15,50,49,1.2523e+005,-0.411,0.051
15,50,49,1.2527e+005,-0.124,0.454
15,50,49,1.2531e+005,0.052,-0.402
15,50,49,1.2535e+005,0.032,-0.104
15,50,49,1.2539e+005,-0.004,0.255
15,50,49,1.2543e+005,-0.213,-0.186
15,50,49,1.2547e+005,-0.007,-0.203
15,50,49,1.2551e+005,-0.246,-0.127
15,50,49,1.2555e+005,0.02,0.04
15,50,49,1.2558e+005,-0.317,0.228
15,50,49,1.2562e+005,0.002,-0.153
15,50,49,1.2566e+005,-0.091,-0.424
15,50,49,1.257e+005,0.286,-0.444
15,50,49,1.2574e+005,0.561,-0.369
15,50,49,1.2578e+005,0.112,0.094
15,50,49,1.2582e+005,0.511,-0.882
15,50,49,1.2586e+005,0.114,-0.543
15,50,49,1.259e+005,0.471,-0.096
15,50,49,1.2594e+005,-0.238,-0.198
15,50,49,1.2598e+005,-0.035,-0.229
15,50,49,1.2602e+005,-0.392,0.048
15,50,49,1.2605e+005,-0.135,0.202
15,50,49,1.2609e+005,-0.2,-0.434
15,50,49,1.2613e+005,0.065,0.016
15,50,49,1.2617e+005,0.323,-0.052
15,50,49,1.2621e+005,0.444,-0.168
15,50,49,1.2625e+005,0.309,-0.027
15,50,49,1.2629e+005,0.575,-0.607
15,50,49,1.2633e+005,0.571,-0.086
15,50,49,1.2637e+005,0.501,0.034
15,50,49,1.2641e+005,0.288,-0.225
15,50,49,1.2644e+005,0.312,0.251
15,50,49,1.2648e+005,0.102,-0.258
15,50,49,1.2652e+005,0.463,-0.049
15,50,49,1.2656e+005,0.191,0.096
15,50,49,1.266e+005,0.476,0.173
15,50,49,1.2664e+005,0.597,-0.324
15,50,49,1.2668e+005,0.703,-0.173
15,50,49,1.2672e+005,0.612,-0.228
15,50,49,1.2676e+005,0.856,-0.297
15,50,49,1.268e+005,0.668,-0.022
15,50,49,1.2684e+005,1.081,-0.143
15,50,49,1.2687e+005,1.342,-0.384
15,50,49,1.2691e+005,1.705,-0.193
15,50,49,1.2695e+005,2.526,-0.741
15,50,49,1.2699e+005,2.433,0.057
15,50,49,1.2703e+005,2.284,0.429
15,50,49,1.2707e+005,2.106,-0.581
15,50,49,1.2711e+005,1.423,0.271
15,50,49,1.2715e+005,0.713,0.405
15,50,49,1.2719e+005,0.335,-0.051
15,50,49,1.2723e+005,-0.344,0.507
15,50,49,1.2726e+005,-0.49,-0.023
15,50,49,1.273e+005,-0.505,-0.032
15,50,49,1.2734e+005,-0.563,0.663
15,50,49,1.2738e+005,0.11,0.169
15,50,49,1.2742e+005,0.316,-0.131
15,50,49,1.2746e+005,0.466,0.011
15,50,49,1.275e+005,0.556,-0.375
15,50,49,1.2754e+005,0.154,0.481
15,50,49,1.2758e+005,0.419,0.227
15,50,49,1.2762e+005,0.445,-0.333
15,50,49,1.2766e+005,0.555,0.058
15,50,49,1.277e+005,0.622,-0.017
15,50,49,1.2773e+005,0.185,0.52
15,50,49,1.2777e+005,0.326,0.475
15,50,49,1.2781e+005,0.395,-0.043
15,50,49,1.2785e+005,0.166,0.551
15,50,49,1.2789e+005,-0.004,0.66
15,50,49,1.2793e+005,-0.236,0.675
15,50,49,1.2797e+005,-0.192,0.63
15,50,49,1.2801e+005,-0.145,0.39
15,50,49,1.2805e+005,0.062,-0.038
15,50,49,1.2808e+005,-0.287,0.425
15,50,49,1.2812e+005,-0.212,0.338
15,50,49,1.2816e+005,-0.615,-0.053
15,50,49,1.282e+005,-0.432,0.044
15,50,49,1.2824e+005,-0.897,0.127
15,50,49,1.2828e+005,-0.971,0.437
15,50,49,1.2832e+005,-1.295,0.393
15,50,49,1.2836e+005,-1.246,0.338
15,50,49,1.284e+005,-1.03,0.293
15,50,49,1.2844e+005,-0.861,0.041
15,50,49,1.2848e+005,-0.877,0.382
15,50,49,1.2852e+005,-0.943,0.357
15,50,49,1.2855e+005,-0.871,-0.136
15,50,49,1.2859e+005,-0.933,0.375
15,50,49,1.2863e+005,-0.948,0.216
15,50,49,1.2867e+005,-0.955,0.039
15,50,49,1.2871e+005,-0.829,0.396
15,50,49,1.2875e+005,-0.606,-0.27
15,50,49,1.2879e+005,-0.455,-0.045
15,50,49,1.2883e+005,0.217,-0.518
15,50,49,1.2887e+005,0.02,-0.058
15,50,49,1.2891e+005,0.191,0.391
15,50,49,1.2894e+005,-0.038,-0.091
15,50,49,1.2898e+005,0.086,0.146
15,50,49,1.2902e+005,0.068,-0.042
15,50,49,1.2906e+005,0.143,0.345
15,50,49,1.291e+005,-0.133,0.327
15,50,49,1.2914e+005,0.3,-0.065
15,50,49,1.2918e+005,0.485,-0.213
15,50,49,1.2922e+005,0.777,-0.418
15,50,49,1.2926e+005,0.967,-0.156
15,50,49,1.293e+005,0.767,0.252
15,50,49,1.2934e+005,0.868,-0.062
15,50,49,1.2937e+005,1.206,-0.928
15,50,49,1.2941e+005,0.916,-0.362
15,50,49,1.2945e+005,0.931,0.195
15,50,49,1.2949e+005,0.549,-0.002
15,50,49,1.2953e+005,0.669,0.259
15,50,49,1.2957e+005,0.801,-0.711
15,50,49,1.2961e+005,0.534,0.022
15,50,49,1.2965e+005,0.662,0.03
15,50,49,1.2969e+005,0.746,-0.311
15,50,49,1.2973e+005,0.709,0.524
15,50,49,1.2976e+005,0.588,-0.209
15,50,49,1.298e+005,0.669,-0.374
15,50,49,1.2984e+005,0.371,0.213
15,50,49,1.2988e+005,0.675,0.221
15,50,49,1.2992e+005,0.124,-0.047
15,50,49,1.2996e+005,0.175,-0.255
15,50,49,1.3e+005,0.388,-0.183
15,50,49,1.3004e+005,0.253,0.67
15,50,49,1.3008e+005,0.461,-0.298
15,50,49,1.3012e+005,0.289,-0.402
15,50,49,1.3016e+005,0.548,0.103
15,50,49,1.302e+005,0.437,-0.127
15,50,49,1.3023e+005,0.369,-0.285
15,50,49,1.3027e+005,0.091,-0.121
15,50,49,1.3031e+005,0.039,-0.006
15,50,49,1.3035e+005,-0.228,-0.332
15,50,49,1.3039e+005,-0.226,-0.185
15,50,49,1.3043e+005,-0.778,0.379
15,50,49,1.3047e+005,-0.074,-0.132
15,50,49,1.3051e+005,-0.316,-0.653
15,50,49,1.3055e+005,0.239,0.053
15,50,49,1.3058e+005,0.268,-0.188
15,50,49,1.3062e+005,0.602,-0.077
15,50,49,1.3066e+005,1.18,-0.525
15,50,49,1.307e+005,1.504,-0.275
15,50,49,1.3074e+005,1.769,-0.27
15,50,49,1.3078e+005,1.649,-0.438
15,50,49,1.3082e+005,1.587,0.082
15,50,49,1.3086e+005,0.727,-0.084
15,50,49,1.309e+005,0.255,-0.386
15,50,49,1.3094e+005,-0.784,-0.128
15,50,49,1.3098e+005,-1.469,0.8
15,50,49,1.3102e+005,-2.313,0.395
15,50,49,1.3105e+005,-2.354,-0.007
15,50,49,1.3109e+005,-2.445,0.286
15,50,49,1.3113e+005,-1.658,0.031
15,50,49,1.3117e+005,-1.72,0.105
15,50,49,1.3121e+005,-0.801,-0.181
15,50,49,1.3125e+005,-0.543,-0.226
15,50,49,1.3129e+005,-0.107,0.113
15,50,49,1.3133e+005,-0.206,-0.477
15,50,49,1.3137e+005,-0.31,0.025
15,50,49,1.3141e+005,-0.153,-0.09
15,50,49,1.3144e+005,-0.337,0.308
15,50,49,1.3148e+005,-0.447,0.389
15,50,49,1.3152e+005,-0.559,0.258
15,50,49,1.3156e+005,-0.163,0.003
15,50,49,1.316e+005,-0.04,-0.294
15,50,49,1.3164e+005,0.189,0.132
15,50,49,1.3168e+005,-0.362,0.253
15,50,49,1.3172e+005,-0.117,-0.368
15,50,49,1.3176e+005,-0.15,-0.179
15,50,49,1.318e+005,-0.147,0.466
15,50,49,1.3184e+005,-0.555,-0.352
15,50,49,1.3187e+005,-0.447,-0.209
15,50,49,1.3191e+005,-0.484,0.362
15,50,49,1.3195e+005,0.027,-0.173
15,50,49,1.3199e+005,-0.123,-0.452
15,50,49,1.3203e+005,0.282,0.359
15,50,49,1.3207e+005,0.493,-0.019
15,50,49,1.3211e+005,0.686,-0.173
15,50,49,1.3215e+005,1.372,-0.698
15,50,49,1.3219e+005,1.328,0.124
15,50,49,1.3223e+005,0.804,1.019
15,50,49,1.3226e+005,0.518,-0.168
15,50,49,1.323e+005,-0.174,0.196
15,50,49,1.3234e+005,-0.178,-0.016
15,50,49,1.3238e+005,-0.501,0.052
15,50,49,1.3242e+005,-1.084,0.442
15,50,49,1.3246e+005,-1.256,0.138
15,50,49,1.325e+005,-1.272,0.227
15,50,49,1.3254e+005,-0.633,-0.189
15,50,49,1.3258e+005,-0.257,-0.153
15,50,49,1.3262e+005,-0.256,0.524
15,50,49,1.3266e+005,-0.298,0.454
15,50,49,1.327e+005,-0.275,-0.393
15,50,49,1.3273e+005,-0.43,-0.007
15,50,49,1.3277e+005,-0.104,-0.216
15,50,49,1.3281e+005,-0.584,0.185
15,50,49,1.3285e+005,-0.524,0.173
15,50,49,1.3289e+005,-0.682,-0.113
15,50,49,1.3293e+005,-0.181,0.05
15,50,49,1.3297e+005,0.093,0.041
15,50,49,1.3301e+005,0.987,0.607
15,50,49,1.3305e+005,0.516,0.357
15,50,49,1.3308e+005,0.674,0.58
15,50,49,1.3312e+005,0.604,-0.494
15,50,49,1.3316e+005,0.2,0.613
15,50,49,1.332e+005,-0.209,1.123
15,50,49,1.3324e+005,-0.766,-0.426
15,50,49,1.3328e+005,-0.857,0.305
15,50,49,1.3332e+005,-1.068,0.245
15,50,49,1.3336e+005,-0.695,-0.365
15,50,49,1.334e+005,-1.071,0.471
15,50,49,1.3344e+005,-0.822,0.383
15,50,49,1.3348e+005,-0.606,-0.204
15,50,49,1.3352e+005,-0.207,-0.075
15,50,49,1.3355e+005,-0.279,-0.141
15,50,49,1.3359e+005,-0.195,0.367
15,50,49,1.3363e+005,-0.359,0.157
15,50,49,1.3367e+005,0.043,-0.361
15,50,49,1.3371e+005,-0.003,-0.13
15,50,49,1.3375e+005,0.575,-0.224
15,50,49,1.3379e+005,0.413,0.421
15,50,49,1.3383e+005,0.858,0.546
15,50,49,1.3387e+005,0.927,-0.625
15,50,49,1.3391e+005,1.471,-0.097
15,50,49,1.3394e+005,1.354,0.193
15,50,49,1.3398e+005,1.114,0.16
15,50,49,1.3402e+005,0.811,-0.12
15,50,49,1.3406e+005,0.542,-0.454
15,50,49,1.341e+005,0.168,0.013
15,50,49,1.3414e+005,-0.562,0.398
15,50,49,1.3418e+005,-1.391,0.085
15,50,49,1.3422e+005,-1.498,0.09
15,50,49,1.3426e+005,-1.64,-0.083
15,50,49,1.343e+005,-1.684,0.226
15,50,49,1.3434e+005,-1.826,0.22
15,50,49,1.3437e+005,-1.363,-0.057
15,50,49,1.3441e+005,-0.701,-0.253
15,50,49,1.3445e+005,-0.355,-0.373
15,50,49,1.3449e+005,-0.28,-0.315
15,50,49,1.3453e+005,-0.504,0.418
15,50,49,1.3457e+005,-0.345,0.147
15,50,49,1.3461e+005,-0.611,-0.097
15,50,49,1.3465e+005,-0.476,-0.304
15,50,49,1.3469e+005,-1.29,0.584
15,50,49,1.3473e+005,-0.908,0.451
15,50,49,1.3476e+005,-1.253,0.228
15,50,49,1.348e+005,0.184,-0.61
15,50,49,1.3484e+005,-0.74,-0.369
15,50,49,1.3488e+005,0.413,0.375
15,50,49,1.3492e+005,-0.35,0.016
15,50,49,1.3496e+005,0.551,0.54
15,50,49,1.35e+005,0.16,-0.532
15,50,49,1.3504e+005,0.433,0.688
15,50,49,1.3508e+005,0.129,-0.094
15,50,49,1.3512e+005,0.218,-0.061
15,50,49,1.3516e+005,0.121,0.285
15,50,49,1.352e+005,-0.037,0.144
15,50,49,1.3523e+005,0.03,-0.583
15,50,49,1.3527e+005,-0.012,-0.479
15,50,49,1.3531e+005,0.04,0.511
15,50,49,1.3535e+005,0.099,-0.051
15,50,49,1.3539e+005,0.027,-0.045
15,50,49,1.3543e+005,0.367,-0.22
15,50,49,1.3547e+005,0.116,0.722
15,50,49,1.3551e+005,0.081,0.232
15,50,49,1.3555e+005,-0.044,-0.297
15,50,49,1.3558e+005,0.048,0.17
15,50,49,1.3562e+005,0.11,0.172
15,50,49,1.3566e+005,-0.07,0.137
15,50,49,1.357e+005,-0.106,-0.246
15,50,49,1.3574e+005,0.34,-0.209
15,50,49,1.3578e+005,0.239,0.114
15,50,49,1.3582e+005,0.65,-0.319
15,50,49,1.3586e+005,0.287,-0.294
15,50,49,1.359e+005,0.297,0.869
15,50,49,1.3594e+005,-0.044,-0.42
15,50,49,1.3598e+005,-0.119,-0.048
15,50,49,1.3602e+005,-0.891,0.581
15,50,49,1.3605e+005,-0.841,-0.288
15,50,49,1.3609e+005,-1.236,-0.132
15,50,49,1.3613e+005,-1.253,0.005
15,50,49,1.3617e+005,-1.009,-0.438
15,50,49,1.3621e+005,-1.031,-0.355
15,50,49,1.3625e+005,-0.259,-0.863
15,50,49,1.3629e+005,-0.313,0.066
15,50,49,1.3633e+005,0.059,0.207
15,50,49,1.3637e+005,-0.294,-0.343
15,50,49,1.3641e+005,0.134,0.445
15,50,49,1.3644e+005,0.101,0.344
15,50,49,1.3648e+005,0.703,-0.13
15,50,49,1.3652e+005,-0.032,0.322
15,50,49,1.3656e+005,0.859,-0.37
15,50,49,1.366e+005,0.519,-0.282
15,50,49,1.3664e+005,1.041,-0.119
15,50,49,1.3668e+005,0.885,-0.778
15,50,49,1.3672e+005,1.233,-0.125
15,50,49,1.3676e+005,0.789,-0.492
15,50,49,1.368e+005,0.957,-0.36
15,50,49,1.3684e+005,0.535,-0.313
15,50,49,1.3687e+005,0.538,0.135
15,50,49,1.3691e+005,0.887,-0.564
15,50,49,1.3695e+005,0.016,0.458
15,50,49,1.3699e+005,0.714,-0.063
15,50,49,1.3703e+005,0.247,-0.653
15,50,49,1.3707e+005,1.036,0.149
15,50,49,1.3711e+005,1.197,-0.686
15,50,49,1.3715e+005,1.419,0.42
15,50,49,1.3719e+005,1.679,-0.581
15,50,49,1.3723e+005,2.022,-0.275
15,50,49,1.3726e+005,2.213,0.266
15,50,49,1.373e+005,1.982,-0.187
15,50,49,1.3734e+005,1.385,0.363
15,50,49,1.3738e+005,1.155,-0.101
15,50,49,1.3742e+005,0.829,0.038
15,50,49,1.3746e+005,0.246,0.424
15,50,49,1.375e+005,-0.372,0.356
15,50,49,1.3754e+005,-0.306,0.16
15,50,49,1.3758e+005,-0.419,0.495
15,50,49,1.3762e+005,-0.052,-0.223
15,50,49,1.3766e+005,-0.159,0.065
15,50,49,1.377e+005,-0.556,0.315
15,50,49,1.3773e+005,-0.304,-0.354
15,50,49,1.3777e+005,-0.533,0.04
15,50,49,1.3781e+005,-0.783,-0.254
15,50,49,1.3785e+005,-1.078,-0.433
15,50,49,1.3789e+005,-1.697,-0.062
15,50,49,1.3793e+005,-1.294,-0.454
15,50,49,1.3797e+005,-1.379,0.077
15,50,49,1.3801e+005,-1.211,0.756
15,50,49,1.3805e+005,-0.933,-0.062
15,50,49,1.3808e+005,-0.834,0.485
15,50,49,1.3812e+005,-0.219,-0.154
15,50,49,1.3816e+005,-0.42,-0.128
15,50,49,1.382e+005,-0.29,0.566
15,50,49,1.3824e+005,-1.003,-0.192
15,50,49,1.3828e+005,-0.579,0.377
15,50,49,1.3832e+005,-1.211,-0.136
15,50,49,1.3836e+005,-0.81,-0.241
15,50,49,1.384e+005,-1.013,-0.678
15,50,49,1.3844e+005,-1.016,0.346
15,50,49,1.3848e+005,-0.946,0.447
15,50,49,1.3852e+005,-0.773,-0.436
15,50,49,1.3855e+005,-0.618,-0.194
15,50,49,1.3859e+005,-0.132,-0.047
15,50,49,1.3863e+005,-0.395,0.24
15,50,49,1.3867e+005,-0.275,0.141
15,50,49,1.3871e+005,-0.365,-0.305
15,50,49,1.3875e+005,-0.22,-0.035
15,50,49,1.3879e+005,-0.193,0.013
15,50,49,1.3883e+005,-0.181,-0.259
15,50,49,1.3887e+005,-0.103,0.326
15,50,49,1.3891e+005,0.401,0.326
15,50,49,1.3894e+005,0.63,-0.217
15,50,49,1.3898e+005,0.795,-0.085
15,50,49,1.3902e+005,1.182,-0.182
15,50,49,1.3906e+005,1.275,0.205
15,50,49,1.391e+005,1.453,-0.138
15,50,49,1.3914e+005,0.792,-0.106
15,50,49,1.3918e+005,0.674,-0.051
15,50,49,1.3922e+005,0.583,-0.208
15,50,49,1.3926e+005,0.254,0.621
15,50,49,1.393e+005,0.043,0.319
15,50,49,1.3934e+005,-0.037,0.079
15,50,49,1.3937e+005,0.062,0.153
15,50,49,1.3941e+005,0.053,0.408
15,50,49,1.3945e+005,0.155,-0.065
15,50,49,1.3949e+005,0.119,-0.254
15,50,49,1.3953e+005,0.156,0.391
15,50,49,1.3957e+005,0.103,-0.111
15,50,49,1.3961e+005,0.251,-0.333
15,50,49,1.3965e+005,0.373,-0.006
15,50,49,1.3969e+005,0.371,0.257
15,50,49,1.3973e+005,0.363,0.05
15,50,49,1.3976e+005,0.778,-0.188
15,50,49,1.398e+005,0.732,0.398
15,50,49,1.3984e+005,1.172,0.402
15,50,49,1.3988e+005,0.817,0.121
15,50,49,1.3992e+005,1.028,0.434
15,50,49,1.3996e+005,0.783,-0.04
15,50,49,1.4e+005,1.02,-0.159
15,50,49,1.4004e+005,0.983,-0.28
15,50,49,1.4008e+005,0.584,0.518
15,50,49,1.4012e+005,0.563,0.136
15,50,49,1.4016e+005,0.543,-0.219
15,50,49,1.402e+005,0.416,0.574
15,50,49,1.4023e+005,0.231,-0.249
15,50,49,1.4027e+005,-0.27,-0.183
15,50,49,1.4031e+005,-0.528,-0.161
15,50,49,1.4035e+005,-1.019,0.009
15,50,49,1.4039e+005,-1.424,0.379
15,50,49,1.4043e+005,-1.476,-0.652
15,50,49,1.4047e+005,-1.188,0.04
15,50,49,1.4051e+005,-0.961,0.268
15,50,49,1.4055e+005,-0.167,-0.628
15,50,49,1.4058e+005,-0.056,0.236
15,50,49,1.4062e+005,0.66,0.024
15,50,49,1.4066e+005,0.594,0.136
15,50,49,1.407e+005,0.905,0.255
15,50,49,1.4074e+005,0.833,-0.356
15,50,49,1.4078e+005,0.722,0.493
15,50,49,1.4082e+005,0.385,-0.085
15,50,49,1.4086e+005,0.14,0.142
15,50,49,1.409e+005,-0.371,0.432
15,50,49,1.4094e+005,-0.32,-0.463
15,50,49,1.4098e+005,-0.286,-0.314
15,50,49,1.4102e+005,-0.987,0.489
15,50,49,1.4105e+005,-0.995,-0.136
15,50,49,1.4109e+005,-1.68,-0.222
15,50,49,1.4113e+005,-1.045,-0.515
15,50,49,1.4117e+005,-1.261,-0.548
15,50,49,1.4121e+005,-1.135,0.466
15,50,49,1.4125e+005,-1.406,-0.059
15,50,49,1.4129e+005,-0.719,0.221
15,50,49,1.4133e+005,-0.478,-0.169
15,50,49,1.4137e+005,0.359,-0.66
15,50,49,1.4141e+005,0.38,0.467
15,50,49,1.4144e+005,0.514,0.89
15,50,49,1.4148e+005,0.638,-0.259
15,50,49,1.4152e+005,0.668,0.168
15,50,49,1.4156e+005,1.164,-0.099
15,50,49,1.416e+005,0.621,0.465
15,50,49,1.4164e+005,0.241,0.785
15,50,49,1.4168e+005,-0.286,-0.273
15,50,49,1.4172e+005,-0.566,0.354
15,50,49,1.4176e+005,-0.461,-0.478
15,50,49,1.418e+005,-0.962,-0.003
15,50,49,1.4184e+005,-1.202,0.635
15,50,49,1.4187e+005,-1.294,-0.142
15,50,49,1.4191e+005,-0.831,-0.344
15,50,49,1.4195e+005,-0.762,-0.336
15,50,49,1.4199e+005,-0.145,-0.035
15,50,49,1.4203e+005,-0.226,0.142
15,50,49,1.4207e+005,0.148,-0.047
15,50,49,1.4211e+005,0.45,-0.364
15,50,49,1.4215e+005,0.381,0.512
15,50,49,1.4219e+005,0.528,-0.338
15,50,49,1.4223e+005,0.73,-0.145
15,50,49,1.4226e+005,0.313,1.028
15,50,49,1.423e+005,0.557,-0.346
15,50,49,1.4234e+005,0.232,-0.397
15,50,49,1.4238e+005,0.687,0.127
15,50,49,1.4242e+005,0.379,0.111
15,50,49,1.4246e+005,0.459,-0.108
15,50,49,1.425e+005,0.343,-0.481
15,50,49,1.4254e+005,0.221,0.525
15,50,49,1.4258e+005,0.557,-0.601
15,50,49,1.4262e+005,0.272,-0.063
15,50,49,1.4266e+005,0.608,0.164
15,50,49,1.427e+005,0.545,-0.383
15,50,49,1.4273e+005,0.703,0.232
15,50,49,1.4277e+005,0.827,-0.197
15,50,49,1.4281e+005,0.721,0.332
15,50,49,1.4285e+005,1.3,-0.525
15,50,49,1.4289e+005,0.709,-0.026
15,50,49,1.4293e+005,0.805,0.517
15,50,49,1.4297e+005,-0.004,-0.145
15,50,49,1.4301e+005,0.071,0.079
15,50,49,1.4305e+005,-0.116,-0.209
15,50,49,1.4308e+005,-0.142,0.467
15,50,49,1.4312e+005,-0.623,0.38
15,50,49,1.4316e+005,-0.56,0.066
15,50,49,1.432e+005,-0.564,-0.019
15,50,49,1.4324e+005,-0.745,0.041
15,50,49,1.4328e+005,-0.13,-0.354
15,50,49,1.4332e+005,-0.749,0.648
15,50,49,1.4336e+005,-0.139,0.192
15,50,49,1.434e+005,0.034,-0.893
15,50,49,1.4344e+005,0.464,0.354
15,50,49,1.4348e+005,0.385,0.25
15,50,49,1.4352e+005,0.988,-0.221
15,50,49,1.4355e+005,0.771,0.064
15,50,49,1.4359e+005,1.676,0.212
15,50,49,1.4363e+005,1.292,0.034
15,50,49,1.4367e+005,1.803,-0.159
15,50,49,1.4371e+005,1.401,-0.116
15,50,49,1.4375e+005,2.1,-0.051
15,50,49,1.4379e+005,1.5,-0.399
15,50,49,1.4383e+005,2.004,-0.441
15,50,49,1.4387e+005,0.995,0.014
15,50,49,1.4391e+005,1.093,-0.004
15,50,49,1.4394e+005,0.458,-0.681
15,50,49,1.4398e+005,0.168,0.738
15,50,49,1.4402e+005,-0.416,0.177
15,50,49,1.4406e+005,-0.61,-0.273
15,50,49,1.441e+005,-0.621,-0.058
15,50,49,1.4414e+005,-0.765,0.025
15,50,49,1.4418e+005,-0.494,-0.228
15,50,49,1.4422e+005,-1.191,0.315
15,50,49,1.4426e+005,-0.762,0.076
15,50,49,1.443e+005,-1.006,-0.302
15,50,49,1.4434e+005,-0.597,0.02
15,50,49,1.4437e+005,-0.539,-0.37
15,50,49,1.4441e+005,-0.871,0.829
15,50,49,1.4445e+005,-0.547,-0.038
15,50,49,1.4449e+005,-0.329,-0.27
15,50,49,1.4453e+005,0.645,0.161
15,50,49,1.4457e+005,0.589,0.292
15,50,49,1.4461e+005,0.902,0.761
15,50,49,1.4465e+005,0.89,-0.131
15,50,49,1.4469e+005,1.483,-0.389
15,50,49,1.4473e+005,1.34,0.287
15,50,49,1.4476e+005,1.359,-0.163
15,50,49,1.448e+005,0.527,0.368
15,50,49,1.4484e+005,0.06,0.596
15,50,49,1.4488e+005,-0.757,-0.478
15,50,49,1.4492e+005,-0.949,0.486
15,50,49,1.4496e+005,-1.83,0.466
15,50,49,1.45e+005,-2.135,0.972
15,50,49,1.4504e+005,-2.104,-0.13
15,50,49,1.4508e+005,-1.648,-0.193
15,50,49,1.4512e+005,-1.741,0.652
15,50,49,1.4516e+005,-0.917,-0.22
15,50,49,1.452e+005,-0.685,0.178
15,50,49,1.4523e+005,-0.487,0.293
15,50,49,1.4527e+005,-0.418,-0.239
15,50,49,1.4531e+005,-0.429,0.299
15,50,49,1.4535e+005,-0.365,0.454
15,50,49,1.4539e+005,-0.575,0.801
15,50,49,1.4543e+005,0.038,-0.369
15,50,49,1.4547e+005,-0.293,0.255
15,50,49,1.4551e+005,0.678,0.477
15,50,49,1.4555e+005,0.35,-0.029
15,50,49,1.4558e+005,1.15,0.477
15,50,49,1.4562e+005,0.913,-0.112
15,50,49,1.4566e+005,1.062,-0.148
15,50,49,1.457e+005,0.499,0.266
15,50,49,1.4574e+005,0.458,0.181
15,50,49,1.4578e+005,-0.25,0.576
15,50,49,1.4582e+005,0.152,-0.647
15,50,49,1.4586e+005,-0.505,-0.066
15,50,49,1.459e+005,0.106,0.27
15,50,49,1.4594e+005,0.028,-0.779
15,50,49,1.4598e+005,0.652,0.316
15,50,49,1.4602e+005,0.666,-0.394
15,50,49,1.4605e+005,1.038,-0.384
15,50,49,1.4609e+005,0.294,0.207
15,50,49,1.4613e+005,0.446,0.108
15,50,49,1.4617e+005,-0.529,0.145
15,50,49,1.4621e+005,-0.471,-0.083
15,50,49,1.4625e+005,-1.519,0.248
15,50,49,1.4629e+005,-1.053,0.25
15,50,49,1.4633e+005,-1.352,-0.2
15,50,49,1.4637e+005,-0.996,0.489
15,50,49,1.4641e+005,-0.229,-0.599
15,50,49,1.4644e+005,-0.325,0.107
15,50,49,1.4648e+005,0.587,-0.129
15,50,49,1.4652e+005,0.149,-0.259
15,50,49,1.4656e+005,0.687,0.239
15,50,49,1.466e+005,0.387,-0.762
15,50,49,1.4664e+005,0.536,0.391
15,50,49,1.4668e+005,-0.266,-0.09
15,50,49,1.4672e+005,0.21,-0.104
15,50,49,1.4676e+005,-0.322,0.092
15,50,49,1.468e+005,0.105,-0.162
15,50,49,1.4684e+005,-0,-0.147
15,50,49,1.4687e+005,0.137,0.107
15,50,49,1.4691e+005,0.179,0.088
15,50,49,1.4695e+005,0.238,0.179
15,50,49,1.4699e+005,0.157,-0.445
15,50,49,1.4703e+005,0.266,-0.266
15,50,49,1.4707e+005,-0.159,0.166
15,50,49,1.4711e+005,-0.061,-0.322
15,50,49,1.4715e+005,-0.359,0.086
15,50,49,1.4719e+005,-0.299,-0.209
15,50,49,1.4723e+005,-0.101,-0.271
15,50,49,1.4726e+005,-0.164,0.354
15,50,49,1.473e+005,0.036,0.03
15,50,49,1.4734e+005,-0.155,0.424
15,50,49,1.4738e+005,0.334,-0.324
15,50,49,1.4742e+005,0.158,0.085
15,50,49,1.4746e+005,0.339,0.635
15,50,49,1.475e+005,0.304,-0.624
15,50,49,1.4754e+005,0.297,-0.185
15,50,49,1.4758e+005,0.68,-0.296
15,50,49,1.4762e+005,0.172,-0.464
15,50,49,1.4766e+005,0.792,-0.56
15,50,49,1.477e+005,0.753,-0.49
15,50,49,1.4773e+005,0.932,0.29
15,50,49,1.4777e+005,0.933,-0.633
15,50,49,1.4781e+005,0.987,-0.804
15,50,49,1.4785e+005,1.048,0.646
15,50,49,1.4789e+005,0.946,0.325
15,50,49,1.4793e+005,0.433,-0.147
15,50,49,1.4797e+005,0.581,-0.024
15,50,49,1.4801e+005,0.025,0.318
15,50,49,1.4805e+005,0.289,-0.324
15,50,49,1.4808e+005,-0.587,-0.361
15,50,49,1.4812e+005,-0.357,0.456
15,50,49,1.4816e+005,-0.704,-0.368
15,50,49,1.482e+005,-0.548,0.006
15,50,49,1.4824e+005,-1.188,-0.33
15,50,49,1.4828e+005,-0.737,0.291
15,50,49,1.4832e+005,-1.283,0.469
15,50,49,1.4836e+005,-0.889,-0.121
15,50,49,1.484e+005,-1.143,0.521
15,50,49,1.4844e+005,-1.021,-0.056
15,50,49,1.4848e+005,-0.344,-0.462
15,50,49,1.4852e+005,-0.473,0.652
15,50,49,1.4855e+005,-0.433,0.204
15,50,49,1.4859e+005,-0.265,-0.135
15,50,49,1.4863e+005,-0.329,0.205
15,50,49,1.4867e+005,-0.748,0.802
15,50,49,1.4871e+005,-0.749,0.31
15,50,49,1.4875e+005,-1.437,0.228
15,50,49,1.4879e+005,-0.471,0.07
15,50,49,1.4883e+005,-1.455,0.774
15,50,49,1.4887e+005,-0.86,0.113
15,50,49,1.4891e+005,-1.135,-0.201
15,50,49,1.4894e+005,-0.509,0.852
15,50,49,1.4898e+005,-0.408,-0.383
15,50,49,1.4902e+005,-0.493,0.421
15,50,49,1.4906e+005,-0.735,0.443
15,50,49,1.491e+005,-0.74,0.639
15,50,49,1.4914e+005,-1.08,0.304
15,50,49,1.4918e+005,-0.826,-0.531
15,50,49,1.4922e+005,-0.921,0.447
15,50,49,1.4926e+005,-0.877,0.297
15,50,49,1.493e+005,-0.89,-0.604
15,50,49,1.4934e+005,-0.519,0.123
15,50,49,1.4937e+005,-0.311,-0.284
15,50,49,1.4941e+005,-0.185,0.618
15,50,49,1.4945e+005,-0.007,0.335
15,50,49,1.4949e+005,-0.297,0.413
15,50,49,1.4953e+005,0.067,0.215
15,50,49,1.4957e+005,-0.607,-0.4
15,50,49,1.4961e+005,0.088,0.384
15,50,49,1.4965e+005,-0.727,0.282
15,50,49,1.4969e+005,0.145,-0.434
15,50,49,1.4973e+005,-0.129,-0.719
15,50,49,1.4976e+005,0.449,0.192
15,50,49,1.498e+005,0.176,-0.26
15,50,49,1.4984e+005,0.458,0.073
15,50,49,1.4988e+005,0.082,0.405
15,50,49,1.4992e+005,0.101,0.178
15,50,49,1.4996e+005,0.206,-0.298
15,50,49,1.5e+005,0.06,0.006
15,50,49,1.5004e+005,0.092,0.388
15,50,49,1.5008e+005,0.242,-0.367
15,50,49,1.5012e+005,0.375,-0.654
15,50,49,1.5016e+005,0.74,-0.128
15,50,49,1.502e+005,0.809,-0.148
15,50,49,1.5023e+005,0.913,0.295
15,50,49,1.5027e+005,0.62,0.3
15,50,49,1.5031e+005,0.687,0.032
15,50,49,1.5035e+005,0.809,0.014
15,50,49,1.5039e+005,0.757,-0.029
15,50,49,1.5043e+005,0.467,0.634
15,50,49,1.5047e+005,0.304,0.124
15,50,49,1.5051e+005,0.408,-0.653
15,50,49,1.5055e+005,0.723,-0.301
15,50,49,1.5058e+005,0.831,0.045
15,50,49,1.5062e+005,0.837,-0.385
15,50,49,1.5066e+005,0.753,0.139
15,50,49,1.507e+005,0.985,-0.021
15,50,49,1.5074e+005,1.153,-0.414
15,50,49,1.5078e+005,0.857,0.208
15,50,49,1.5082e+005,0.782,0.042
15,50,49,1.5086e+005,0.466,0.439
15,50,49,1.509e+005,0.543,0.062
15,50,49,1.5094e+005,0.387,-0.455
15,50,49,1.5098e+005,0.322,0.35
15,50,49,1.5102e+005,0.457,-0.181
15,50,49,1.5105e+005,-0.132,0.57
15,50,49,1.5109e+005,0.37,-0.21
15,50,49,1.5113e+005,-0.204,-0.323
15,50,49,1.5117e+005,0.662,0.541
15,50,49,1.5121e+005,-0.431,0.706
15,50,49,1.5125e+005,0.191,0.458
15,50,49,1.5129e+005,-0.056,-0.532
15,50,49,1.5133e+005,0.749,0.335
15,50,49,1.5137e+005,0.402,0.098
15,50,49,1.5141e+005,0.6,0.018
15,50,49,1.5144e+005,0.726,0.205
15,50,49,1.5148e+005,1.055,-0.146
15,50,49,1.5152e+005,1.076,0.081
15,50,49,1.5156e+005,1.014,-0.097
15,50,49,1.516e+005,1.144,0.243
15,50,49,1.5164e+005,1.211,0.635
15,50,49,1.5168e+005,0.943,-0.05
15,50,49,1.5172e+005,0.927,-0.019
15,50,49,1.5176e+005,0.736,-0.229
15,50,49,1.518e+005,0.718,0.637
15,50,49,1.5184e+005,0.356,0.158
15,50,49,1.5187e+005,0.079,-0.104
15,50,49,1.5191e+005,-0.269,0.378
15,50,49,1.5195e+005,0.114,-0.438
15,50,49,1.5199e+005,-0.038,0.123
15,50,49,1.5203e+005,-0.077,0.015
15,50,49,1.5207e+005,-0.391,-0.247
15,50,49,1.5211e+005,-0.722,-0.034
15,50,49,1.5215e+005,-0.721,-0.323
15,50,49,1.5219e+005,-1.293,0.009
15,50,49,1.5223e+005,-1.458,0
15,50,49,1.5226e+005,-2.067,0.818
15,50,49,1.523e+005,-1.955,-0.094
15,50,49,1.5234e+005,-1.927,-0.569
15,50,49,1.5238e+005,-1.678,0.79
15,50,49,1.5242e+005,-1.387,-0.063
15,50,49,1.5246e+005,-1.117,0.106
15,50,49,1.525e+005,-0.826,-0.316
15,50,49,1.5254e+005,-0.43,-0.138
15,50,49,1.5258e+005,-0.349,0.461
15,50,49,1.5262e+005,-0.57,-0.129
15,50,49,1.5266e+005,0.101,0.239
15,50,49,1.527e+005,0.186,0.036
15,50,49,1.5273e+005,0.697,-0.327
15,50,49,1.5277e+005,0.028,0.715
15,50,49,1.5281e+005,0.728,-0.076
15,50,49,1.5285e+005,0.968,-1.023
15,50,49,1.5289e+005,0.867,0.362
15,50,49,1.5293e+005,0.817,0.137
15,50,49,1.5297e+005,0.444,-0.353
15,50,49,1.5301e+005,-0.027,0.171
15,50,49,1.5305e+005,0.238,-0.411
15,50,49,1.5308e+005,-0.765,0.66
15,50,49,1.5312e+005,-0.784,-0.137
15,50,49,1.5316e+005,-1.3,-0.014
15,50,49,1.532e+005,-1.336,1.451
15,50,49,1.5324e+005,-1.174,-1.382
15,50,49,1.5328e+005,-1.38,0.503
15,50,49,1.5332e+005,-1.1,0.746
15,50,49,1.5336e+005,-0.768,-0.256
15,50,49,1.534e+005,0.04,0.292
15,50,49,1.5344e+005,0.169,-1.024
15,50,49,1.5348e+005,0.596,0.445
15,50,49,1.5352e+005,0.125,-0.024
15,50,49,1.5355e+005,0.079,-0.18
15,50,49,1.5359e+005,-0.074,-0.004
15,50,49,1.5363e+005,-1.025,0.12
15,50,49,1.5367e+005,-0.798,-0.159
15,50,49,1.5371e+005,-1.13,-0.191
15,50,49,1.5375e+005,-0.936,0.98
15,50,49,1.5379e+005,-0.376,-0.888
15,50,49,1.5383e+005,0.14,-0.521
15,50,49,1.5387e+005,0.432,0.719
15,50,49,1.5391e+005,0.663,0.073
15,50,49,1.5394e+005,0.758,-0.081
15,50,49,1.5398e+005,0.652,-0.555
15,50,49,1.5402e+005,0.677,0.505
15,50,49,1.5406e+005,-0.041,0.407
15,50,49,1.541e+005,0.072,-0.491
15,50,49,1.5414e+005,0.043,-0.035
15,50,49,1.5418e+005,0.171,-0.162
15,50,49,1.5422e+005,0.754,-0.344
15,50,49,1.5426e+005,0.516,-0.097
15,50,49,1.543e+005,0.857,0.08
15,50,49,1.5434e+005,0.486,0.143
15,50,49,1.5437e+005,0.908,-0.659
15,50,49,1.5441e+005,0.468,-0.031
15,50,49,1.5445e+005,-0.162,0.832
15,50,49,1.5449e+005,0.159,-1.019
15,50,49,1.5453e+005,-0.799,0.275
15,50,49,1.5457e+005,-0.091,-0.202
15,50,49,1.5461e+005,-0.301,-0.924
15,50,49,1.5465e+005,0.037,0.951
15,50,49,1.5469e+005,0.008,-0.59
15,50,49,1.5473e+005,0.112,0.117
15,50,49,1.5476e+005,0.667,-0.601
15,50,49,1.548e+005,0.569,-0.328
15,50,49,1.5484e+005,0.717,0.886
15,50,49,1.5488e+005,0.202,-0.697
15,50,49,1.5492e+005,0.686,0.076
15,50,49,1.5496e+005,0.138,-0.043
15,50,49,1.55e+005,0.752,-0.421
15,50,49,1.5504e+005,0.397,0.419
15,50,49,1.5508e+005,0.569,0.464
15,50,49,1.5512e+005,0.874,-0.067
15,50,49,1.5516e+005,1.281,-0.77
15,50,49,1.552e+005,1.609,0.302
15,50,49,1.5523e+005,1.453,0.336
15,50,49,1.5527e+005,1.45,-0.105
15,50,49,1.5531e+005,1.356,-0.236
15,50,49,1.5535e+005,1.456,-0.027
15,50,49,1.5539e+005,1.151,0.207
15,50,49,1.5543e+005,0.727,-0.105
15,50,49,1.5547e+005,0.754,0.368
15,50,49,1.5551e+005,0.859,0.206
15,50,49,1.5555e+005,1.263,-0.64
15,50,49,1.5558e+005,0.831,0.469
15,50,49,1.5562e+005,0.573,0.517
15,50,49,1.5566e+005,0.23,0.241
15,50,49,1.557e+005,-0.087,0.471
15,50,49,1.5574e+005,-1.096,0.483
15,50,49,1.5578e+005,-1.363,0.485
15,50,49,1.5582e+005,-2.348,0.575
15,50,49,1.5586e+005,-1.929,0.789
15,50,49,1.559e+005,-2.589,0.21
15,50,49,1.5594e+005,-1.868,-0.165
15,50,49,1.5598e+005,-1.793,0.05
15,50,49,1.5602e+005,-1.124,0.533
15,50,49,1.5605e+005,-1.102,0.172
15,50,49,1.5609e+005,-0.588,-0.024
15,50,49,1.5613e+005,-0.59,0.423
15,50,49,1.5617e+005,0.053,0.189
15,50,49,1.5621e+005,-0.595,0.018
15,50,49,1.5625e+005,-0.217,0.215
15,50,49,1.5629e+005,0.049,0.212
15,50,49,1.5633e+005,-0.104,0.634
15,50,49,1.5637e+005,0.1,-0.165
15,50,49,1.5641e+005,-0.018,0.392
15,50,49,1.5644e+005,0.262,0.252
15,50,49,1.5648e+005,0.132,-0.699
15,50,49,1.5652e+005,-0.191,-0.139
15,50,49,1.5656e+005,-0.699,0.428
15,50,49,1.566e+005,-0.59,-0.365
15,50,49,1.5664e+005,-1.033,-0.202
15,50,49,1.5668e+005,-0.602,-0.309
15,50,49,1.5672e+005,-0.587,-0.165
15,50,49,1.5676e+005,-0.676,0.209
15,50,49,1.568e+005,-0.473,-0.141
15,50,49,1.5684e+005,-0.676,0.135
15,50,49,1.5687e+005,-0.056,-0.546
15,50,49,1.5691e+005,-0.758,0.415
15,50,49,1.5695e+005,-0.506,0.097
15,50,49,1.5699e+005,-0.839,-0.388
15,50,49,1.5703e+005,-0.32,0.492
15,50,49,1.5707e+005,-0.782,0.091
15,50,49,1.5711e+005,-0.416,-0.064
15,50,49,1.5715e+005,-0.614,-0.362
15,50,49,1.5719e+005,-0.569,0.062
15,50,49,1.5723e+005,-0.798,0.229
15,50,49,1.5726e+005,-1.123,-0.262
15,50,49,1.573e+005,-0.693,-0.135
15,50,49,1.5734e+005,-0.738,0.004
15,50,49,1.5738e+005,-0.031,-0.663
15,50,49,1.5742e+005,-0.077,-0.265
15,50,49,1.5746e+005,0.078,0.859
15,50,49,1.575e+005,0.313,-0.163
15,50,49,1.5754e+005,0.616,-0.249
15,50,49,1.5758e+005,0.697,0.327
15,50,49,1.5762e+005,0.429,0.258
15,50,49,1.5766e+005,0.698,0.181
15,50,49,1.577e+005,0.538,-0.345
15,50,49,1.5773e+005,1.181,-0.063
15,50,49,1.5777e+005,0.566,0.046
15,50,49,1.5781e+005,0.808,-0.328
15,50,49,1.5785e+005,0.345,0.062
15,50,49,1.5789e+005,0.594,0.169
15,50,49,1.5793e+005,0.566,-0.363
15,50,49,1.5797e+005,0.224,0.459
15,50,49,1.5801e+005,0.161,0.087
15,50,49,1.5805e+005,0.1,-0.26
15,50,49,1.5808e+005,0.504,-0.282
15,50,49,1.5812e+005,0.27,-0.321
15,50,49,1.5816e+005,0.244,0.453
15,50,49,1.582e+005,-0.258,-0.115
15,50,49,1.5824e+005,0.279,-0.557
15,50,49,1.5828e+005,-0.446,0.474
15,50,49,1.5832e+005,-0.308,0.046
15,50,49,1.5836e+005,-0.672,-0.152
15,50,49,1.584e+005,-0.757,0.495
15,50,49,1.5844e+005,-0.773,0.087
15,50,49,1.5848e+005,-0.681,0.197
15,50,49,1.5852e+005,-0.476,0.449
15,50,49,1.5855e+005,-0.322,0.137
15,50,49,1.5859e+005,-0.353,-0.099
15,50,49,1.5863e+005,-0.429,-0.366
15,50,49,1.5867e+005,-0.808,0.415
15,50,49,1.5871e+005,-0.627,0.011
15,50,49,1.5875e+005,-0.686,0.046
15,50,49,1.5879e+005,-0.734,0.609
15,50,49,1.5883e+005,-0.461,-0.462
15,50,49,1.5887e+005,-0.284,-0.045
15,50,49,1.5891e+005,0.273,0.1
15,50,49,1.5894e+005,0.346,0.194
15,50,49,1.5898e+005,0.745,-0.162
15,50,49,1.5902e+005,0.399,-0.398
15,50,49,1.5906e+005,0.822,-0.174
15,50,49,1.591e+005,0.172,0.088
15,50,49,1.5914e+005,-0.123,0.431
15,50,49,1.5918e+005,-0.158,-0.612
15,50,49,1.5922e+005,-0.486,0.295
15,50,49,1.5926e+005,-0.308,0.021
15,50,49,1.593e+005,-0.425,-0.232
15,50,49,1.5934e+005,-0.119,0.361
15,50,49,1.5937e+005,-0.003,-0.019
15,50,49,1.5941e+005,0.404,0.027
15,50,49,1.5945e+005,0.083,0.025
15,50,49,1.5949e+005,0.368,0.233
15,50,49,1.5953e+005,0.255,-0.1
15,50,49,1.5957e+005,0.347,-0.41
15,50,49,1.5961e+005,0.417,0.143
15,50,49,1.5965e+005,0.944,-0.696
15,50,49,1.5969e+005,0.937,-0.365
15,50,49,1.5973e+005,1.382,0.042
15,50,49,1.5976e+005,0.277,0.157
15,50,49,1.598e+005,1.154,-0.494
15,50,49,1.5984e+005,0.069,-0.094
15,50,49,1.5988e+005,0.238,1.107
15,50,49,1.5992e+005,-0.495,-0.186
15,50,49,1.5996e+005,-0.969,0.875
15,50,49,1.6e+005,-0.579,-0.299
15,50,49,1.6004e+005,-0.782,0.468
15,50,49,1.6008e+005,-0.712,0.418
15,50,49,1.6012e+005,-0.529,-0.873
15,50,49,1.6016e+005,-0.704,1.041
15,50,49,1.602e+005,-0.358,-0.454
15,50,49,1.6023e+005,-0.509,-0.085
15,50,49,1.6027e+005,-0.03,0.423
15,50,49,1.6031e+005,-0.013,-0.463
15,50,49,1.6035e+005,0.237,0.61
15,50,49,1.6039e+005,0.174,-0.634
15,50,49,1.6043e+005,0.6,0.196
15,50,49,1.6047e+005,0.443,0.179
15,50,49,1.6051e+005,0.578,-0.221
15,50,49,1.6055e+005,0.432,0.496
15,50,49,1.6058e+005,0.323,-0.309
15,50,49,1.6062e+005,0.494,0.119
15,50,49,1.6066e+005,-0.084,0.482
15,50,49,1.607e+005,0.423,-0.871
15,50,49,1.6074e+005,-0.273,0.282
15,50,49,1.6078e+005,0.264,-0.017
15,50,49,1.6082e+005,0.02,-0.586
15,50,49,1.6086e+005,0.428,0.084
15,50,49,1.609e+005,0.338,-0.082
15,50,49,1.6094e+005,0.116,0.378
15,50,49,1.6098e+005,0.202,-0.155
15,50,49,1.6102e+005,0.101,0.042
15,50,49,1.6105e+005,0.084,0.78
15,50,49,1.6109e+005,0.008,-0.228
15,50,49,1.6113e+005,-0.071,0.145
15,50,49,1.6117e+005,-0.217,0.127
15,50,49,1.6121e+005,0.024,-0.314
15,50,49,1.6125e+005,-0.087,0.071
15,50,49,1.6129e+005,0.186,-0.179
15,50,49,1.6133e+005,-0.037,0.29
15,50,49,1.6137e+005,-0.021,-0.222
15,50,49,1.6141e+005,0.411,-0.587
15,50,49,1.6144e+005,0.121,0.148
15,50,49,1.6148e+005,0.591,0.14
15,50,49,1.6152e+005,0.497,-0.221
15,50,49,1.6156e+005,0.627,0.39
15,50,49,1.616e+005,0.949,-0.246
15,50,49,1.6164e+005,1.173,-0.126
15,50,49,1.6168e+005,1.018,0.648
15,50,49,1.6172e+005,1.246,0.022
15,50,49,1.6176e+005,1.068,-0.021
15,50,49,1.618e+005,1.456,-0.374
15,50,49,1.6184e+005,1.041,0.135
15,50,49,1.6187e+005,1.033,0.091
15,50,49,1.6191e+005,1.071,-0.188
15,50,49,1.6195e+005,0.87,-0.089
15,50,49,1.6199e+005,0.97,-0.508
15,50,49,1.6203e+005,0.514,0.133
15,50,49,1.6207e+005,0.071,0.285
15,50,49,1.6211e+005,0.325,-0.305
15,50,49,1.6215e+005,0.268,-0.214
15,50,49,1.6219e+005,-0.146,0.024
15,50,49,1.6223e+005,-0.229,0.05
15,50,49,1.6226e+005,-0.814,0.344
15,50,49,1.623e+005,-0.81,0.336
15,50,49,1.6234e+005,-0.786,-0.376
15,50,49,1.6238e+005,-1.57,0.579
15,50,49,1.6242e+005,-1.331,0.046
15,50,49,1.6246e+005,-1.84,0.058
15,50,49,1.625e+005,-1.183,0.303
15,50,49,1.6254e+005,-1.245,-0.275
15,50,49,1.6258e+005,-0.679,0.514
15,50,49,1.6262e+005,-0.351,-0.189
15,50,49,1.6266e+005,0.081,0.48
15,50,49,1.627e+005,0.548,0.186
15,50,49,1.6273e+005,0.708,-0.253
15,50,49,1.6277e+005,0.617,0.789
15,50,49,1.6281e+005,0.686,-0.092
15,50,49,1.6285e+005,0.409,0.313
15,50,49,1.6289e+005,0.341,0.12
15,50,49,1.6293e+005,0.226,-0.532
15,50,49,1.6297e+005,0.09,0.905
15,50,49,1.6301e+005,-0.399,0.092
15,50,49,1.6305e+005,-0.054,-0.311
15,50,49,1.6308e+005,-0.373,0.63
15,50,49,1.6312e+005,0.057,0.402
15,50,49,1.6316e+005,-0.258,0.034
15,50,49,1.632e+005,0.024,0.06
15,50,49,1.6324e+005,0.206,0.14
15,50,49,1.6328e+005,0.489,-0.25
15,50,49,1.6332e+005,0.226,0.1
15,50,49,1.6336e+005,0.544,0.049
15,50,49,1.634e+005,0.732,-0.42
15,50,49,1.6344e+005,0.918,0.06
15,50,49,1.6348e+005,0.858,-0.392
15,50,49,1.6352e+005,0.552,0.589
15,50,49,1.6355e+005,0.875,0.146
15,50,49,1.6359e+005,0.562,-0.129
15,50,49,1.6363e+005,0.51,0.055
15,50,49,1.6367e+005,0.722,-1.057
15,50,49,1.6371e+005,-0.031,0.72
15,50,49,1.6375e+005,-0.061,0.6
15,50,49,1.6379e+005,-0.956,-0.527
15,50,49,1.6383e+005,-0.567,-0.026
15,50,49,1.6387e+005,-0.797,-0.423
15,50,49,1.6391e+005,-0.612,0.66
15,50,49,1.6394e+005,-1.141,0.17
15,50,49,1.6398e+005,-0.31,-0.416
15,50,49,1.6402e+005,0.066,0.187
15,50,49,1.6406e+005,0.768,-0.116
15,50,49,1.641e+005,0.832,-0.214
15,50,49,1.6414e+005,0.413,0.383
15,50,49,1.6418e+005,0.753,-0.279
15,50,49,1.6422e+005,0.069,-0.248
15,50,49,1.6426e+005,-0.212,-0.694
15,50,49,1.643e+005,-1.182,0.712
15,50,49,1.6434e+005,-1.73,1.106
15,50,49,1.6437e+005,-1.806,-0.53
15,50,49,1.6441e+005,-1.951,-0.087
15,50,49,1.6445e+005,-1.245,-0.246
15,50,49,1.6449e+005,-0.867,0.004
15,50,49,1.6453e+005,-0.825,0.241
15,50,49,1.6457e+005,-0.226,-0.766
15,50,49,1.6461e+005,0.138,-0.847
15,50,49,1.6465e+005,0.216,0.245
15,50,49,1.6469e+005,-0.022,0.113
15,50,49,1.6473e+005,-0.556,0.353
15,50,49,1.6476e+005,-0.425,0.101
15,50,49,1.648e+005,-0.18,-0.5
15,50,49,1.6484e+005,-0.527,0.655
15,50,49,1.6488e+005,-0.365,-0.265
15,50,49,1.6492e+005,-0.162,-0.335
15,50,49,1.6496e+005,0.471,-0.295
15,50,49,1.65e+005,0.334,-0.408
15,50,49,1.6504e+005,0.352,0.08
15,50,49,1.6508e+005,0.024,-0.132
15,50,49,1.6512e+005,0.056,0.415
15,50,49,1.6516e+005,-0.115,-0.228
15,50,49,1.652e+005,-0.475,-0.332
15,50,49,1.6523e+005,-0.398,0.266
15,50,49,1.6527e+005,-0.561,0.754
15,50,49,1.6531e+005,-0.138,0.012
15,50,49,1.6535e+005,0.215,-0.836
15,50,49,1.6539e+005,0.754,0.204
15,50,49,1.6543e+005,1.227,0.373
15,50,49,1.6547e+005,0.96,0.341
15,50,49,1.6551e+005,1.544,-0.209
15,50,49,1.6555e+005,0.943,-0.059
15,50,49,1.6558e+005,1.345,0.177
15,50,49,1.6562e+005,0.14,0.164
