12,18,37,5.7191e+05,-0.169,0.141
12,18,37,5.7195e+05,-0.053,0.05
12,18,37,5.7199e+05,0.273,0.235
12,18,37,5.7203e+05,0.162,-0.098
12,18,37,5.7207e+05,0.235,0.152
12,18,37,5.7211e+05,0.128,-0.034
12,18,37,5.7215e+05,0.114,-0.347
12,18,37,5.7219e+05,0.204,-0.06
12,18,37,5.7223e+05,-0.22,0.318
12,18,37,5.7226e+05,-0.071,0.183
12,18,37,5.723e+05,-0.118,-0.049
12,18,37,5.7234e+05,0.107,0.311
12,18,37,5.7238e+05,0.193,-0.333
12,18,37,5.7242e+05,0.062,0.263
12,18,37,5.7246e+05,0.095,-0.727
12,18,37,5.725e+05,-0.087,0.743
12,18,37,5.7254e+05,-0.06,-0.442
12,18,37,5.7258e+05,0.202,0.474
12,18,37,5.7262e+05,-0.374,-0.529
12,18,37,5.7266e+05,0.377,0.805
12,18,37,5.727e+05,-0.36,-1.783
12,18,37,5.7273e+05,1.927,5.653
12,18,37,5.7277e+05,1.27,-4.332
12,18,37,5.7281e+05,-3.11,-5.87
12,18,37,5.7285e+05,0.61,10.95
12,18,37,5.7289e+05,-1.743,-6.82
12,18,37,5.7293e+05,0.511,-0.358
12,18,37,5.7297e+05,-0.64,5.421
12,18,37,5.7301e+05,-0.589,-1.765
12,18,37,5.7305e+05,1.35,-4.867
12,18,37,5.7308e+05,-0.878,6.011
12,18,37,5.7312e+05,0.795,-1.742
12,18,37,5.7316e+05,-1.811,-3.431
12,18,37,5.732e+05,-0.346,3.463
12,18,37,5.7324e+05,0.935,-0.792
12,18,37,5.7328e+05,-1.622,0.488
12,18,37,5.7332e+05,2.024,-0.004
12,18,37,5.7336e+05,0.555,2.595
12,18,37,5.734e+05,0.168,-4.272
12,18,37,5.7344e+05,-0.507,-0.537
12,18,37,5.7348e+05,-1.168,4.356
12,18,37,5.7352e+05,-0.614,-3.431
12,18,37,5.7355e+05,0.275,2.057
12,18,37,5.7359e+05,-0.051,1.09
12,18,37,5.7363e+05,-0.277,-2.147
12,18,37,5.7367e+05,-0.184,0.736
12,18,37,5.7371e+05,0.102,-0.399
12,18,37,5.7375e+05,-1.088,0.481
12,18,37,5.7379e+05,-0.955,0.427
12,18,37,5.7383e+05,-0.106,-0.084
12,18,37,5.7387e+05,-0.06,0.634
12,18,37,5.7391e+05,0.847,-0.746
12,18,37,5.7394e+05,0.329,0.65
12,18,37,5.7398e+05,-0.148,-1.063
12,18,37,5.7402e+05,-0.888,0.093
12,18,37,5.7406e+05,-0.369,0.877
12,18,37,5.741e+05,-0.383,0.319
12,18,37,5.7414e+05,0.066,-0.133
12,18,37,5.7418e+05,-0.001,0.455
12,18,37,5.7422e+05,-0.088,0.33
12,18,37,5.7426e+05,0.297,-1.034
12,18,37,5.743e+05,-0.277,0.457
12,18,37,5.7434e+05,-0.786,-0.137
12,18,37,5.7437e+05,-0.596,0.187
12,18,37,5.7441e+05,-0.187,0.796
12,18,37,5.7445e+05,-0.021,-0.194
12,18,37,5.7449e+05,0.112,-0.302
12,18,37,5.7453e+05,-0.139,0.145
12,18,37,5.7457e+05,-0.31,0.199
12,18,37,5.7461e+05,-0.226,-0.281
12,18,37,5.7465e+05,-0.29,0.204
12,18,37,5.7469e+05,-0.142,-0.104
12,18,37,5.7473e+05,-0.058,-0.194
12,18,37,5.7476e+05,-0.096,0.059
12,18,37,5.748e+05,0.012,0.12
12,18,37,5.7484e+05,0.012,0.36
12,18,37,5.7488e+05,-0.196,0.053
12,18,37,5.7492e+05,-0.401,-0.13
12,18,37,5.7496e+05,-0.296,0.02
12,18,37,5.75e+05,-0.214,-0.225
12,18,37,5.7504e+05,-0.035,0.255
12,18,37,5.7508e+05,0.108,-0.009
12,18,37,5.7512e+05,-0.318,0.042
12,18,37,5.7516e+05,-0.016,0.398
12,18,37,5.752e+05,0.089,0.657
12,18,37,5.7523e+05,0.316,-0.409
12,18,37,5.7527e+05,-0.091,-0.286
12,18,37,5.7531e+05,-0.348,0.325
12,18,37,5.7535e+05,-0.072,-0.357
12,18,37,5.7539e+05,0.073,-0.138
12,18,37,5.7543e+05,0.04,-0.013
12,18,37,5.7547e+05,-0.486,0.268
12,18,37,5.7551e+05,-0.194,0.215
12,18,37,5.7555e+05,-0.052,0.074
12,18,37,5.7558e+05,-0.402,0.085
12,18,37,5.7562e+05,-0.403,0.101
12,18,37,5.7566e+05,-0.148,0.143
12,18,37,5.757e+05,0.115,-0.256
12,18,37,5.7574e+05,0.27,-0.285
12,18,37,5.7578e+05,0.109,0.109
12,18,37,5.7582e+05,-0.151,0.018
12,18,37,5.7586e+05,-0.092,-0.16
12,18,37,5.759e+05,-0.482,0.405
12,18,37,5.7594e+05,-0.027,0.345
12,18,37,5.7598e+05,0.39,-0.507
12,18,37,5.7602e+05,0.169,0.173
12,18,37,5.7605e+05,0.098,-0.57
12,18,37,5.7609e+05,-0.172,0.28
12,18,37,5.7613e+05,0.241,-0.087
12,18,37,5.7617e+05,-0.026,-0.125
12,18,37,5.7621e+05,-0.69,0.727
12,18,37,5.7625e+05,-0.264,-0.149
12,18,37,5.7629e+05,-0.07,-0.215
12,18,37,5.7633e+05,0.064,-0.349
12,18,37,5.7637e+05,-0.269,-0.032
12,18,37,5.7641e+05,-0.621,0.396
12,18,37,5.7644e+05,-0.055,-0.044
12,18,37,5.7648e+05,0.12,-0.036
12,18,37,5.7652e+05,0.505,-0.24
12,18,37,5.7656e+05,0.02,0.04
12,18,37,5.766e+05,0.107,-0.201
12,18,37,5.7664e+05,0.213,-0.306
12,18,37,5.7668e+05,0.244,0.537
12,18,37,5.7672e+05,0.533,-0.605
12,18,37,5.7676e+05,-0.268,0.133
12,18,37,5.768e+05,0.375,-0.43
12,18,37,5.7684e+05,-0.13,-0.064
12,18,37,5.7687e+05,-0.12,0.138
12,18,37,5.7691e+05,-0.498,0.009
12,18,37,5.7695e+05,-0.548,0.619
12,18,37,5.7699e+05,-0.118,-0.405
12,18,37,5.7703e+05,-0.126,0.062
12,18,37,5.7707e+05,0.104,-0.266
12,18,37,5.7711e+05,-0.134,0.059
12,18,37,5.7715e+05,-0.003,0.271
12,18,37,5.7719e+05,0.015,-0.305
12,18,37,5.7723e+05,-0.109,0.134
12,18,37,5.7726e+05,0.045,0.565
12,18,37,5.773e+05,0.302,-0.046
12,18,37,5.7734e+05,0.086,-0.067
12,18,37,5.7738e+05,0.332,-0.346
12,18,37,5.7742e+05,-0.037,0.195
12,18,37,5.7746e+05,0.227,-0.377
12,18,37,5.775e+05,-0.098,0.199
12,18,37,5.7754e+05,0.11,0.113
12,18,37,5.7758e+05,-0.077,0.131
12,18,37,5.7762e+05,0.296,-0.018
12,18,37,5.7766e+05,0.44,-0.956
12,18,37,5.777e+05,-0.143,0.389
12,18,37,5.7773e+05,-0.105,-0.055
12,18,37,5.7777e+05,-0.142,0.198
12,18,37,5.7781e+05,0.173,-0.091
12,18,37,5.7785e+05,-0.308,0.045
12,18,37,5.7789e+05,-0.456,0.194
12,18,37,5.7793e+05,-0.064,-0.419
12,18,37,5.7797e+05,-0.098,0.292
12,18,37,5.7801e+05,-0.034,-0.2
12,18,37,5.7805e+05,-0.364,0.273
12,18,37,5.7808e+05,0.088,-0.124
12,18,37,5.7812e+05,0.195,-0.35
12,18,37,5.7816e+05,-0.199,0.317
12,18,37,5.782e+05,-0.223,-0.113
12,18,37,5.7824e+05,-0.144,0.528
12,18,37,5.7828e+05,0.343,0.03
12,18,37,5.7832e+05,0.199,0.008
12,18,37,5.7836e+05,0.095,-0.164
12,18,37,5.784e+05,0.253,-0.024
12,18,37,5.7844e+05,0.24,-0.2
12,18,37,5.7848e+05,-0.087,0.122
12,18,37,5.7852e+05,-0.3,0.115
12,18,37,5.7855e+05,-0.348,0.044
12,18,37,5.7859e+05,-0.099,0.12
12,18,37,5.7863e+05,-0.078,0.311
12,18,37,5.7867e+05,-0.254,0.082
12,18,37,5.7871e+05,0.162,-0.579
12,18,37,5.7875e+05,-0.233,0.036
12,18,37,5.7879e+05,-0.079,-0.039
12,18,37,5.7883e+05,-0.061,0.423
12,18,37,5.7887e+05,0.224,0.131
12,18,37,5.7891e+05,0.485,-0.133
12,18,37,5.7894e+05,0.494,-0.26
12,18,37,5.7898e+05,0.327,-0.28
12,18,37,5.7902e+05,0.054,-0.06
12,18,37,5.7906e+05,-0.098,-0.375
12,18,37,5.791e+05,-0.077,0.205
12,18,37,5.7914e+05,-0.029,0.028
12,18,37,5.7918e+05,-0.165,0.54
12,18,37,5.7922e+05,0.166,-0.319
12,18,37,5.7926e+05,-0.099,-0.342
12,18,37,5.793e+05,-0.326,0.135
12,18,37,5.7934e+05,-0.213,0.289
12,18,37,5.7937e+05,-0.386,-0.046
12,18,37,5.7941e+05,-0.168,-0.182
12,18,37,5.7945e+05,-0.157,-0.152
12,18,37,5.7949e+05,0.057,-0.229
12,18,37,5.7953e+05,0.027,0.336
12,18,37,5.7957e+05,0.118,0.208
12,18,37,5.7961e+05,0.056,0.266
12,18,37,5.7965e+05,0.176,0.089
12,18,37,5.7969e+05,0.147,-0.328
12,18,37,5.7973e+05,0.156,-0.186
12,18,37,5.7976e+05,0.336,-0.068
12,18,37,5.798e+05,0.274,0.122
12,18,37,5.7984e+05,0.141,-0.104
12,18,37,5.7988e+05,-0.129,0.027
12,18,37,5.7992e+05,0.03,0.074
12,18,37,5.7996e+05,0.022,0.161
12,18,37,5.8e+05,-0.114,0.43
12,18,37,5.8004e+05,-0.475,-0.079
12,18,37,5.8008e+05,-0.093,-0.4
12,18,37,5.8012e+05,-0.086,0.144
12,18,37,5.8016e+05,-0.068,-0.012
12,18,37,5.802e+05,-0.3,0.323
12,18,37,5.8023e+05,-0.111,0.138
12,18,37,5.8027e+05,-0.12,0.041
12,18,37,5.8031e+05,0.064,-0.075
12,18,37,5.8035e+05,-0.311,-0.25
12,18,37,5.8039e+05,-0.602,0.344
12,18,37,5.8043e+05,-0.392,-0.134
12,18,37,5.8047e+05,-0.107,0.202
12,18,37,5.8051e+05,0.153,0.097
12,18,37,5.8055e+05,0.106,0.01
12,18,37,5.8058e+05,-0.222,-0.383
12,18,37,5.8062e+05,0.097,-0.257
12,18,37,5.8066e+05,-0.068,0.261
12,18,37,5.807e+05,0,0.051
12,18,37,5.8074e+05,0.048,-0.145
12,18,37,5.8078e+05,0.054,0.438
12,18,37,5.8082e+05,0.454,-0.379
12,18,37,5.8086e+05,0.197,0.032
12,18,37,5.809e+05,0.027,-0.035
12,18,37,5.8094e+05,-0.561,0.487
12,18,37,5.8098e+05,-0.526,0.35
12,18,37,5.8102e+05,-0.398,0.11
12,18,37,5.8105e+05,-0.173,0.08
12,18,37,5.8109e+05,0.004,-0.225
12,18,37,5.8113e+05,-0.049,-0.003
12,18,37,5.8117e+05,-0.345,-0.393
12,18,37,5.8121e+05,-0.51,0.106
12,18,37,5.8125e+05,-0.548,0.163
12,18,37,5.8129e+05,-0.005,0.129
12,18,37,5.8133e+05,0.365,-0.231
12,18,37,5.8137e+05,0.193,0.192
12,18,37,5.8141e+05,0.197,-0.212
12,18,37,5.8144e+05,0.084,-0.183
12,18,37,5.8148e+05,0.171,-0.185
12,18,37,5.8152e+05,-0.134,0.409
12,18,37,5.8156e+05,-0.276,0.699
12,18,37,5.816e+05,0.156,-0.092
12,18,37,5.8164e+05,0.356,-0.327
12,18,37,5.8168e+05,0.376,0.03
12,18,37,5.8172e+05,0.215,-0.117
12,18,37,5.8176e+05,-0.438,-0.003
12,18,37,5.818e+05,-0.496,0.307
12,18,37,5.8184e+05,-0.263,-0.115
12,18,37,5.8187e+05,-0.282,0.581
12,18,37,5.8191e+05,0.087,-0.08
12,18,37,5.8195e+05,-0.368,0.007
12,18,37,5.8199e+05,-0.082,-0.209
12,18,37,5.8203e+05,0.162,-0.464
12,18,37,5.8207e+05,-0.35,0.529
12,18,37,5.8211e+05,-0.256,0.034
12,18,37,5.8215e+05,-0.339,-0.019
12,18,37,5.8219e+05,0.007,-0.143
12,18,37,5.8223e+05,0.422,-0
12,18,37,5.8226e+05,0.208,0.004
12,18,37,5.823e+05,-0.025,-0.304
12,18,37,5.8234e+05,-0.224,0.194
12,18,37,5.8238e+05,-0.019,0.274
12,18,37,5.8242e+05,0.393,-0.072
12,18,37,5.8246e+05,0.2,0.097
12,18,37,5.825e+05,-0.097,-0.162
12,18,37,5.8254e+05,0.068,-0.155
12,18,37,5.8258e+05,0.29,0.267
12,18,37,5.8262e+05,0.333,-0.192
12,18,37,5.8266e+05,-0.15,-0.14
12,18,37,5.827e+05,-0.39,0.073
12,18,37,5.8273e+05,0.086,-0.264
12,18,37,5.8277e+05,0.334,0.422
12,18,37,5.8281e+05,0.412,-0.276
12,18,37,5.8285e+05,-0.276,-0.021
12,18,37,5.8289e+05,-0.465,0.094
12,18,37,5.8293e+05,-0.088,-0.337
12,18,37,5.8297e+05,-0.018,0.597
12,18,37,5.8301e+05,0.004,0.084
12,18,37,5.8305e+05,-0.205,0.118
12,18,37,5.8308e+05,-0.05,0.071
12,18,37,5.8312e+05,0.592,-0.312
12,18,37,5.8316e+05,0.103,-0.322
12,18,37,5.832e+05,-0.205,-0.126
12,18,37,5.8324e+05,-0.196,0.372
12,18,37,5.8328e+05,0.221,0.032
12,18,37,5.8332e+05,0.501,-0.403
12,18,37,5.8336e+05,0.579,-0.2
12,18,37,5.834e+05,0.237,-0.497
12,18,37,5.8344e+05,0.117,0.051
12,18,37,5.8348e+05,-0.026,0.15
12,18,37,5.8352e+05,0.328,-0.33
12,18,37,5.8355e+05,-0.11,0.072
12,18,37,5.8359e+05,-0.09,0.248
12,18,37,5.8363e+05,0.088,-0.349
12,18,37,5.8367e+05,0.174,0.195
12,18,37,5.8371e+05,0.308,-0.441
12,18,37,5.8375e+05,-0.365,0.356
12,18,37,5.8379e+05,-0.123,-0.156
12,18,37,5.8383e+05,0.014,-0.196
12,18,37,5.8387e+05,0.013,0.29
12,18,37,5.8391e+05,0.275,-0.066
12,18,37,5.8394e+05,-0.025,0.145
12,18,37,5.8398e+05,0.427,-0.381
12,18,37,5.8402e+05,0.079,0.215
12,18,37,5.8406e+05,0.184,0.033
12,18,37,5.841e+05,0.247,-0.259
12,18,37,5.8414e+05,0.244,0.526
12,18,37,5.8418e+05,0.449,-0.336
12,18,37,5.8422e+05,0.187,0.268
12,18,37,5.8426e+05,0.611,-0.959
12,18,37,5.843e+05,0.063,0.07
12,18,37,5.8434e+05,0.033,0.344
12,18,37,5.8437e+05,-0.31,-0.083
12,18,37,5.8441e+05,-0.209,0.296
12,18,37,5.8445e+05,0.114,-0.471
12,18,37,5.8449e+05,-0.071,0.486
12,18,37,5.8453e+05,0.111,-0.195
12,18,37,5.8457e+05,-0.198,0.041
12,18,37,5.8461e+05,-0.074,-0.106
12,18,37,5.8465e+05,-0.275,-0.101
12,18,37,5.8469e+05,-0.234,0.061
12,18,37,5.8473e+05,0.301,0.043
12,18,37,5.8476e+05,0.352,0.2
12,18,37,5.848e+05,0.527,-0.256
12,18,37,5.8484e+05,0.219,-0.477
12,18,37,5.8488e+05,0.106,0.017
12,18,37,5.8492e+05,0.069,0.104
12,18,37,5.8496e+05,-0.069,0.577
12,18,37,5.85e+05,-0.042,-0.14
12,18,37,5.8504e+05,0.146,0.029
12,18,37,5.8508e+05,0.222,0.175
12,18,37,5.8512e+05,0.308,-0.374
12,18,37,5.8516e+05,0.109,-0.263
12,18,37,5.852e+05,-0.19,-0.179
12,18,37,5.8523e+05,-0.722,0.471
12,18,37,5.8527e+05,0.023,-0.151
12,18,37,5.8531e+05,0.026,-0.11
12,18,37,5.8535e+05,-0.016,0.124
12,18,37,5.8539e+05,-0.125,-0.131
12,18,37,5.8543e+05,-0.073,-0.323
12,18,37,5.8547e+05,0.059,0.041
12,18,37,5.8551e+05,0.137,0.444
12,18,37,5.8555e+05,0.328,-0.058
12,18,37,5.8558e+05,0.389,0.227
12,18,37,5.8562e+05,0.471,-0.535
12,18,37,5.8566e+05,0.059,0.163
12,18,37,5.857e+05,0.284,-0.11
12,18,37,5.8574e+05,-0.031,-0.098
12,18,37,5.8578e+05,-0.01,0.536
12,18,37,5.8582e+05,0.086,-0.27
12,18,37,5.8586e+05,0.203,0.001
12,18,37,5.859e+05,0.372,-0.186
12,18,37,5.8594e+05,0.605,-0.404
12,18,37,5.8598e+05,0.053,0.263
12,18,37,5.8602e+05,-0.229,-0.329
12,18,37,5.8605e+05,-0.643,-0.109
12,18,37,5.8609e+05,-0.45,0.623
12,18,37,5.8613e+05,-0.067,0.241
12,18,37,5.8617e+05,-0.135,0.641
12,18,37,5.8621e+05,0.095,-0.721
12,18,37,5.8625e+05,-0.135,-0.227
12,18,37,5.8629e+05,-0.151,0.161
12,18,37,5.8633e+05,-0.429,0.033
12,18,37,5.8637e+05,-0.433,0.429
12,18,37,5.8641e+05,-0.12,-0.27
12,18,37,5.8644e+05,-0.224,0.385
12,18,37,5.8648e+05,0.29,0.053
12,18,37,5.8652e+05,0.248,-0.293
12,18,37,5.8656e+05,0.094,0.126
12,18,37,5.866e+05,0.119,-0.014
12,18,37,5.8664e+05,-0.307,0.455
12,18,37,5.8668e+05,0.211,-0.213
12,18,37,5.8672e+05,-0.001,0.336
12,18,37,5.8676e+05,-0.049,0.057
12,18,37,5.868e+05,-0.342,-0.146
12,18,37,5.8684e+05,-0.35,0.559
12,18,37,5.8687e+05,-0.122,-0.339
12,18,37,5.8691e+05,-0.513,0.634
12,18,37,5.8695e+05,-0.21,-0.329
12,18,37,5.8699e+05,-0.112,-0.396
12,18,37,5.8703e+05,0.004,0.168
12,18,37,5.8707e+05,-0.152,0.24
12,18,37,5.8711e+05,-0.225,0.038
12,18,37,5.8715e+05,-0.005,-0.16
12,18,37,5.8719e+05,-0.086,0.163
12,18,37,5.8723e+05,-0.049,0.379
12,18,37,5.8726e+05,-0.074,0.057
12,18,37,5.873e+05,0.183,-0.083
12,18,37,5.8734e+05,0.238,-0.197
12,18,37,5.8738e+05,0.056,0.155
12,18,37,5.8742e+05,0.014,-0.186
12,18,37,5.8746e+05,-0.212,0.023
12,18,37,5.875e+05,-0.364,0.276
12,18,37,5.8754e+05,-0.189,0.021
12,18,37,5.8758e+05,0.194,-0.096
12,18,37,5.8762e+05,-0.206,-0.126
12,18,37,5.8766e+05,-0.362,0.183
12,18,37,5.877e+05,-0.274,0.07
12,18,37,5.8773e+05,0.153,-0.081
12,18,37,5.8777e+05,0.105,-0.088
12,18,37,5.8781e+05,-0.025,0.153
12,18,37,5.8785e+05,0.072,0.008
12,18,37,5.8789e+05,0.291,0.048
12,18,37,5.8793e+05,0.362,-0.332
12,18,37,5.8797e+05,-0.111,0.133
12,18,37,5.8801e+05,0.01,-0.37
12,18,37,5.8805e+05,-0.168,0.501
12,18,37,5.8808e+05,0.267,-0.184
12,18,37,5.8812e+05,0.043,-0.251
12,18,37,5.8816e+05,-0.193,0.055
12,18,37,5.882e+05,-0.138,-0.171
12,18,37,5.8824e+05,-0.028,0.161
12,18,37,5.8828e+05,-0.091,-0.2
12,18,37,5.8832e+05,-0.168,0.301
12,18,37,5.8836e+05,-0.203,-0.177
12,18,37,5.884e+05,0.07,-0.014
12,18,37,5.8844e+05,0.117,0.359
12,18,37,5.8848e+05,0.264,-0.516
12,18,37,5.8852e+05,-0.032,0.145
12,18,37,5.8855e+05,0.034,-0.286
12,18,37,5.8859e+05,-0.209,0.055
12,18,37,5.8863e+05,-0.029,0.357
12,18,37,5.8867e+05,0.112,-0.399
12,18,37,5.8871e+05,-0.196,0.554
12,18,37,5.8875e+05,0.091,-0.186
12,18,37,5.8879e+05,-0.253,0.13
12,18,37,5.8883e+05,0.152,-0.168
12,18,37,5.8887e+05,0.007,-0.414
12,18,37,5.8891e+05,-0.103,0.403
12,18,37,5.8894e+05,0.103,-0.15
12,18,37,5.8898e+05,-0.023,0.139
12,18,37,5.8902e+05,0.288,-0.641
12,18,37,5.8906e+05,-0.114,0.092
12,18,37,5.891e+05,0.096,-0.098
12,18,37,5.8914e+05,-0.107,0.127
12,18,37,5.8918e+05,0.22,-0.12
12,18,37,5.8922e+05,0.137,-0.081
12,18,37,5.8926e+05,0.129,0.192
12,18,37,5.893e+05,0.285,-0.65
12,18,37,5.8934e+05,-0.045,0.52
12,18,37,5.8937e+05,0.603,-0.337
12,18,37,5.8941e+05,0.086,-0.104
12,18,37,5.8945e+05,0.063,-0.153
12,18,37,5.8949e+05,-0.122,-0.115
12,18,37,5.8953e+05,-0.134,0.443
12,18,37,5.8957e+05,0.577,-0.594
12,18,37,5.8961e+05,-0.082,0.165
12,18,37,5.8965e+05,0.117,-0.871
12,18,37,5.8969e+05,-0.003,-0.051
12,18,37,5.8973e+05,0.021,0.637
12,18,37,5.8976e+05,0.019,-0.378
12,18,37,5.898e+05,-0.193,0.66
12,18,37,5.8984e+05,0.052,-0.5
12,18,37,5.8988e+05,-0.226,0.325
12,18,37,5.8992e+05,0.074,-0.452
12,18,37,5.8996e+05,-0.166,-0.147
12,18,37,5.9e+05,-0.435,0.567
12,18,37,5.9004e+05,-0.069,-0.497
12,18,37,5.9008e+05,-0.125,0.514
12,18,37,5.9012e+05,0.453,-0.632
12,18,37,5.9016e+05,0.082,-0.294
12,18,37,5.902e+05,0.094,-0.147
12,18,37,5.9023e+05,-0.076,-0.393
12,18,37,5.9027e+05,0.023,0.476
12,18,37,5.9031e+05,0.158,-0.645
12,18,37,5.9035e+05,-0.091,0.353
12,18,37,5.9039e+05,0.194,-0.102
12,18,37,5.9043e+05,-0.034,0.124
12,18,37,5.9047e+05,0.495,-0.191
12,18,37,5.9051e+05,-0.18,0.296
12,18,37,5.9055e+05,0.199,-0.208
12,18,37,5.9058e+05,-0.01,0.338
12,18,37,5.9062e+05,0.408,0.002
12,18,37,5.9066e+05,0.181,-0.486
12,18,37,5.907e+05,0.249,-0.035
12,18,37,5.9074e+05,0.299,-0.512
12,18,37,5.9078e+05,-0.112,0.588
12,18,37,5.9082e+05,-0.025,-0.243
12,18,37,5.9086e+05,-0.219,0.233
12,18,37,5.909e+05,0.152,-0.021
12,18,37,5.9094e+05,0.013,-0.181
12,18,37,5.9098e+05,-0.122,-0.183
12,18,37,5.9102e+05,-0.06,-0.146
12,18,37,5.9105e+05,0.137,0.004
12,18,37,5.9109e+05,-0.096,0.023
12,18,37,5.9113e+05,-0.016,0.093
12,18,37,5.9117e+05,-0.059,0.001
12,18,37,5.9121e+05,0.221,0.079
12,18,37,5.9125e+05,0.316,-0.031
12,18,37,5.9129e+05,0.364,-0.107
12,18,37,5.9133e+05,0.149,-0.241
12,18,37,5.9137e+05,0.096,-0.002
12,18,37,5.9141e+05,0.21,-0.136
12,18,37,5.9144e+05,0.239,0.436
12,18,37,5.9148e+05,0.381,0.014
12,18,37,5.9152e+05,0.149,-0.172
12,18,37,5.9156e+05,-0.003,0.151
12,18,37,5.916e+05,0.175,-0.147
12,18,37,5.9164e+05,0.099,0.036
12,18,37,5.9168e+05,0.014,-0.005
12,18,37,5.9172e+05,0.217,-0.069
12,18,37,5.9176e+05,0.239,-0.014
12,18,37,5.918e+05,0.149,-0.434
12,18,37,5.9184e+05,-0.077,0.371
12,18,37,5.9187e+05,0.117,-0.099
12,18,37,5.9191e+05,0.042,0.008
12,18,37,5.9195e+05,0.119,0.365
12,18,37,5.9199e+05,-0.1,-0.449
12,18,37,5.9203e+05,-0.017,0.652
12,18,37,5.9207e+05,0.425,-0.814
12,18,37,5.9211e+05,0.419,0.173
12,18,37,5.9215e+05,0,0.311
12,18,37,5.9219e+05,-0.456,-0.181
12,18,37,5.9223e+05,-0.318,0.218
12,18,37,5.9226e+05,0.094,-0.284
12,18,37,5.923e+05,0.151,0.289
12,18,37,5.9234e+05,0.047,0.151
12,18,37,5.9238e+05,-0.282,-0.064
12,18,37,5.9242e+05,-0.082,-0.113
12,18,37,5.9246e+05,0.066,0.15
12,18,37,5.925e+05,0.043,0.133
12,18,37,5.9254e+05,-0.278,0.349
12,18,37,5.9258e+05,-0.22,-0.262
12,18,37,5.9262e+05,-0.256,0.176
12,18,37,5.9266e+05,0.031,-0.118
12,18,37,5.927e+05,-0.296,0.447
12,18,37,5.9273e+05,-0.244,0.267
12,18,37,5.9277e+05,-0.148,-0.018
12,18,37,5.9281e+05,-0.233,0.42
12,18,37,5.9285e+05,0.054,-0.379
12,18,37,5.9289e+05,-0.664,0.169
12,18,37,5.9293e+05,-0.563,-0.247
12,18,37,5.9297e+05,-0.407,-0.073
12,18,37,5.9301e+05,0.045,0.165
12,18,37,5.9305e+05,0.046,-0.491
12,18,37,5.9308e+05,-0.141,-0.037
12,18,37,5.9312e+05,0.008,-0.224
12,18,37,5.9316e+05,0.138,0.158
12,18,37,5.932e+05,0.291,0.108
12,18,37,5.9324e+05,-0.042,0.147
12,18,37,5.9328e+05,0.087,0.179
12,18,37,5.9332e+05,0.3,0.08
12,18,37,5.9336e+05,0.247,0.287
12,18,37,5.934e+05,-0.125,0.367
12,18,37,5.9344e+05,-0.345,0.411
12,18,37,5.9348e+05,0.012,0.071
12,18,37,5.9352e+05,0.147,-0.14
12,18,37,5.9355e+05,-0.2,0.212
12,18,37,5.9359e+05,-0.282,-0.116
12,18,37,5.9363e+05,-0.508,-0.207
12,18,37,5.9367e+05,-0.335,0.518
12,18,37,5.9371e+05,-0.211,0.181
12,18,37,5.9375e+05,-0.233,-0.506
12,18,37,5.9379e+05,-0.012,-0.026
12,18,37,5.9383e+05,-0.122,0.105
12,18,37,5.9387e+05,0.123,-0.023
12,18,37,5.9391e+05,-0.034,0.049
12,18,37,5.9394e+05,0.263,-0.154
12,18,37,5.9398e+05,0.461,-0.085
12,18,37,5.9402e+05,0.256,0.252
12,18,37,5.9406e+05,0.336,-0.102
12,18,37,5.941e+05,0.175,0.16
12,18,37,5.9414e+05,0.246,-0.222
12,18,37,5.9418e+05,0.02,0.222
12,18,37,5.9422e+05,-0.017,-0.026
12,18,37,5.9426e+05,-0.206,-0.005
12,18,37,5.943e+05,-0.04,-0
12,18,37,5.9434e+05,-0.188,-0.318
12,18,37,5.9437e+05,-0.061,0.46
12,18,37,5.9441e+05,-0.06,-0.26
12,18,37,5.9445e+05,-0.046,0.018
12,18,37,5.9449e+05,-0.093,0.225
12,18,37,5.9453e+05,0.067,-0.248
12,18,37,5.9457e+05,0.258,-0.004
12,18,37,5.9461e+05,0.349,-0.013
12,18,37,5.9465e+05,0.317,0.01
12,18,37,5.9469e+05,0.3,-0.061
12,18,37,5.9473e+05,-0.132,0.002
12,18,37,5.9476e+05,-0.093,0.557
12,18,37,5.948e+05,0.294,-0.224
12,18,37,5.9484e+05,0.294,0.089
12,18,37,5.9488e+05,0.231,-0.37
12,18,37,5.9492e+05,-0.2,-0.316
12,18,37,5.9496e+05,-0.111,-0.17
12,18,37,5.95e+05,-0.022,-0.008
12,18,37,5.9504e+05,-0.293,0.324
12,18,37,5.9508e+05,-0.664,0.143
12,18,37,5.9512e+05,-0.161,-0.099
12,18,37,5.9516e+05,0.32,-0.209
12,18,37,5.952e+05,0.349,0.171
12,18,37,5.9523e+05,0.024,-0.146
12,18,37,5.9527e+05,-0.196,0.288
12,18,37,5.9531e+05,0.194,-0.067
12,18,37,5.9535e+05,0.489,-0.316
12,18,37,5.9539e+05,0.401,0.231
12,18,37,5.9543e+05,0.093,-0.162
12,18,37,5.9547e+05,-0.05,-0.044
12,18,37,5.9551e+05,0.287,-0.125
12,18,37,5.9555e+05,0.328,-0.098
12,18,37,5.9558e+05,-0.048,-0.103
12,18,37,5.9562e+05,-0.101,-0.248
12,18,37,5.9566e+05,-0.18,0.33
12,18,37,5.957e+05,0.514,-0.471
12,18,37,5.9574e+05,0.35,-0.087
12,18,37,5.9578e+05,0.268,0.034
12,18,37,5.9582e+05,0.063,0.028
12,18,37,5.9586e+05,-0.148,0.421
12,18,37,5.959e+05,0.031,-0.396
12,18,37,5.9594e+05,-0.145,0.349
12,18,37,5.9598e+05,0.089,-0.242
12,18,37,5.9602e+05,0.01,0.059
12,18,37,5.9605e+05,0.22,-0.065
12,18,37,5.9609e+05,0.217,-0.416
12,18,37,5.9613e+05,0.005,-0.001
12,18,37,5.9617e+05,-0.109,-0.217
12,18,37,5.9621e+05,0.057,0.054
12,18,37,5.9625e+05,0.056,0.339
12,18,37,5.9629e+05,0.412,-0.535
12,18,37,5.9633e+05,0.072,0.164
12,18,37,5.9637e+05,0.188,0.104
12,18,37,5.9641e+05,-0.016,-0.045
12,18,37,5.9644e+05,-0.018,0.391
12,18,37,5.9648e+05,0.069,-0.215
12,18,37,5.9652e+05,-0.085,0.5
12,18,37,5.9656e+05,0.051,-0.441
12,18,37,5.966e+05,-0.286,-0.029
12,18,37,5.9664e+05,-0.242,-0.12
12,18,37,5.9668e+05,-0.373,0.017
12,18,37,5.9672e+05,-0.162,0.38
12,18,37,5.9676e+05,0.215,-0.544
12,18,37,5.968e+05,0.12,0.063
12,18,37,5.9684e+05,0.161,-0.011
12,18,37,5.9687e+05,0.307,-0.555
12,18,37,5.9691e+05,0.309,0.174
12,18,37,5.9695e+05,0.312,0.197
12,18,37,5.9699e+05,0.325,0.147
12,18,37,5.9703e+05,0.624,-0.387
12,18,37,5.9707e+05,0.455,0.005
12,18,37,5.9711e+05,0.242,0.206
12,18,37,5.9715e+05,0.197,-0.182
12,18,37,5.9719e+05,-0.166,0.445
12,18,37,5.9723e+05,0.08,-0.027
12,18,37,5.9726e+05,0.185,-0.049
12,18,37,5.973e+05,-0.036,-0.021
12,18,37,5.9734e+05,0.066,-0.142
12,18,37,5.9738e+05,-0.313,0.223
12,18,37,5.9742e+05,-0.157,0.09
12,18,37,5.9746e+05,-0.144,0.104
12,18,37,5.975e+05,-0.151,0.259
12,18,37,5.9754e+05,0.133,-0.177
12,18,37,5.9758e+05,0.132,0.085
12,18,37,5.9762e+05,0.497,-0.122
12,18,37,5.9766e+05,0.599,-0.217
12,18,37,5.977e+05,0.045,0.349
12,18,37,5.9773e+05,0.095,0.126
12,18,37,5.9777e+05,0.319,-0.128
12,18,37,5.9781e+05,0.455,0.397
12,18,37,5.9785e+05,0.523,-0.241
12,18,37,5.9789e+05,-0.028,0.304
12,18,37,5.9793e+05,0.154,-0.525
12,18,37,5.9797e+05,-0.098,0.19
12,18,37,5.9801e+05,0.147,0.246
12,18,37,5.9805e+05,0.077,-0.19
12,18,37,5.9808e+05,-0.373,0.402
12,18,37,5.9812e+05,-0.231,-0.252
12,18,37,5.9816e+05,-0.149,0.248
12,18,37,5.982e+05,0.375,-0.078
12,18,37,5.9824e+05,0.252,0.096
12,18,37,5.9828e+05,0.243,0.149
12,18,37,5.9832e+05,0.236,-0.391
12,18,37,5.9836e+05,0.344,0.19
12,18,37,5.984e+05,0.641,-0.293
12,18,37,5.9844e+05,0.059,0.509
12,18,37,5.9848e+05,-0.098,0.391
12,18,37,5.9852e+05,-0.114,-0.32
12,18,37,5.9855e+05,0.077,0.184
12,18,37,5.9859e+05,0.252,0.007
12,18,37,5.9863e+05,-0.39,0.377
12,18,37,5.9867e+05,0.065,-0.381
12,18,37,5.9871e+05,-0.186,0.239
12,18,37,5.9875e+05,-0.032,-0.073
12,18,37,5.9879e+05,-0.016,-0.127
12,18,37,5.9883e+05,-0.223,0.477
12,18,37,5.9887e+05,0.415,-0.385
12,18,37,5.9891e+05,0.034,-0.171
12,18,37,5.9894e+05,0.031,0.371
12,18,37,5.9898e+05,0.195,-0.164
12,18,37,5.9902e+05,-0.015,0.311
12,18,37,5.9906e+05,0.33,-0.18
12,18,37,5.991e+05,-0.227,0.276
12,18,37,5.9914e+05,0.122,0.042
12,18,37,5.9918e+05,0.221,-0.518
12,18,37,5.9922e+05,-0.169,0.894
12,18,37,5.9926e+05,0.199,-0.394
12,18,37,5.993e+05,-0.101,-0.107
12,18,37,5.9934e+05,0.06,0.199
12,18,37,5.9937e+05,-0.104,-0.219
12,18,37,5.9941e+05,-0.409,0.433
12,18,37,5.9945e+05,0.228,-0.057
12,18,37,5.9949e+05,-0.26,0.124
12,18,37,5.9953e+05,-0.05,-0.071
12,18,37,5.9957e+05,-0.181,-0.259
12,18,37,5.9961e+05,-0.09,0.969
12,18,37,5.9965e+05,0.348,-0.603
12,18,37,5.9969e+05,-0.317,0.596
12,18,37,5.9973e+05,0.035,0.057
12,18,37,5.9976e+05,-0.221,-0.457
12,18,37,5.998e+05,-0.066,0.665
12,18,37,5.9984e+05,0.198,-0.268
12,18,37,5.9988e+05,-0.14,0.417
12,18,37,5.9992e+05,0.01,-0.203
12,18,37,5.9996e+05,-0.004,-0.124
12,18,37,6e+05,-0.138,0.273
12,18,37,6.0004e+05,-0.177,-0.11
12,18,37,6.0008e+05,-0.235,0.229
12,18,37,6.0012e+05,-0.086,-0.409
12,18,37,6.0016e+05,-0.077,0.341
12,18,37,6.002e+05,0.234,-0.147
12,18,37,6.0023e+05,-0.07,-0.109
12,18,37,6.0027e+05,-0.173,0.097
12,18,37,6.0031e+05,-0.422,-0.306
12,18,37,6.0035e+05,-0.108,0.559
12,18,37,6.0039e+05,-0.021,0.003
12,18,37,6.0043e+05,-0.049,-0.046
12,18,37,6.0047e+05,-0.32,0.066
12,18,37,6.0051e+05,0.173,0.022
12,18,37,6.0055e+05,0.209,-0.033
12,18,37,6.0058e+05,-0.012,0.251
12,18,37,6.0062e+05,-0.446,-0.297
12,18,37,6.0066e+05,-0.344,0.316
12,18,37,6.007e+05,0.367,-0.188
12,18,37,6.0074e+05,-0.244,0.317
12,18,37,6.0078e+05,-0.073,-0.039
12,18,37,6.0082e+05,-0.217,-0.394
12,18,37,6.0086e+05,0.135,0.289
12,18,37,6.009e+05,0.085,-0.133
12,18,37,6.0094e+05,-0.119,0.243
12,18,37,6.0098e+05,-0.3,-0.086
12,18,37,6.0102e+05,-0.209,-0.316
12,18,37,6.0105e+05,0.015,0.209
12,18,37,6.0109e+05,-0.014,-0.135
12,18,37,6.0113e+05,-0.466,0.194
12,18,37,6.0117e+05,-0.533,0.251
12,18,37,6.0121e+05,-0.611,0.473
12,18,37,6.0125e+05,0.215,0.042
12,18,37,6.0129e+05,0.113,-0.321
12,18,37,6.0133e+05,0.038,-0.014
12,18,37,6.0137e+05,-0.046,-0.311
12,18,37,6.0141e+05,0.048,-0.181
12,18,37,6.0144e+05,0.201,-0.105
12,18,37,6.0148e+05,0.146,-0.067
12,18,37,6.0152e+05,0.063,0.069
12,18,37,6.0156e+05,0.022,0.201
12,18,37,6.016e+05,0.456,-0.523
12,18,37,6.0164e+05,0.092,-0.285
12,18,37,6.0168e+05,0.023,0.284
12,18,37,6.0172e+05,-0.103,-0.091
12,18,37,6.0176e+05,0.178,0.048
12,18,37,6.018e+05,0.068,0.072
12,18,37,6.0184e+05,-0.155,0.136
12,18,37,6.0187e+05,-0.052,-0.118
12,18,37,6.0191e+05,-0.078,0.244
12,18,37,6.0195e+05,0.145,0.043
12,18,37,6.0199e+05,-0.157,0.031
12,18,37,6.0203e+05,-0.115,0.003
12,18,37,6.0207e+05,-0.048,-0.024
12,18,37,6.0211e+05,0.423,-0.206
12,18,37,6.0215e+05,0.272,-0.167
12,18,37,6.0219e+05,0.124,0.234
12,18,37,6.0223e+05,0.015,-0.29
12,18,37,6.0226e+05,-0.059,0.399
12,18,37,6.023e+05,0.458,-0.419
12,18,37,6.0234e+05,0.226,0.127
12,18,37,6.0238e+05,0.71,-0.305
12,18,37,6.0242e+05,0.126,0.048
12,18,37,6.0246e+05,0.32,-0.162
12,18,37,6.025e+05,0.043,-0.417
12,18,37,6.0254e+05,-0.286,0.506
12,18,37,6.0258e+05,-0.033,-0.12
12,18,37,6.0262e+05,-0.226,0.331
12,18,37,6.0266e+05,0.363,-0.167
12,18,37,6.027e+05,0.047,-0.123
12,18,37,6.0273e+05,0.189,-0.33
12,18,37,6.0277e+05,0.163,0.023
12,18,37,6.0281e+05,0.334,0.085
12,18,37,6.0285e+05,0.546,-0.475
12,18,37,6.0289e+05,0.229,-0.011
12,18,37,6.0293e+05,-0.02,0.069
12,18,37,6.0297e+05,0.006,-0.059
12,18,37,6.0301e+05,0.278,0.045
12,18,37,6.0305e+05,0.247,0.267
12,18,37,6.0308e+05,0.291,-0.137
12,18,37,6.0312e+05,-0.275,-0.226
12,18,37,6.0316e+05,-0.446,-0.107
12,18,37,6.032e+05,-0.195,-0.025
12,18,37,6.0324e+05,0.08,0.345
12,18,37,6.0328e+05,0.032,0.188
12,18,37,6.0332e+05,0.034,-0.05
12,18,37,6.0336e+05,0.367,-0.358
12,18,37,6.034e+05,0.606,-0.388
12,18,37,6.0344e+05,0.24,-0.151
12,18,37,6.0348e+05,0.168,0.604
12,18,37,6.0352e+05,0.36,-0.187
12,18,37,6.0355e+05,0.475,0.042
12,18,37,6.0359e+05,0.336,-0.065
12,18,37,6.0363e+05,-0.054,0.104
12,18,37,6.0367e+05,0.102,0.112
12,18,37,6.0371e+05,-0.104,-0.203
12,18,37,6.0375e+05,-0.054,0.073
12,18,37,6.0379e+05,-0.099,-0.404
12,18,37,6.0383e+05,-0.337,0.299
12,18,37,6.0387e+05,-0.126,-0.216
12,18,37,6.0391e+05,0.028,0.11
12,18,37,6.0394e+05,0.104,-0.124
12,18,37,6.0398e+05,-0.085,0.304
12,18,37,6.0402e+05,-0.195,0.126
12,18,37,6.0406e+05,-0.038,-0.121
12,18,37,6.041e+05,0.376,0.404
12,18,37,6.0414e+05,0.438,-0.245
12,18,37,6.0418e+05,-0.026,0.25
12,18,37,6.0422e+05,0.059,-0.091
12,18,37,6.0426e+05,0.252,-0.068
12,18,37,6.043e+05,0.48,-0.048
12,18,37,6.0434e+05,0.156,-0.135
12,18,37,6.0437e+05,-0.176,0.165
12,18,37,6.0441e+05,0.027,-0.167
12,18,37,6.0445e+05,0.018,0.281
12,18,37,6.0449e+05,0.053,0.019
12,18,37,6.0453e+05,0.074,0.067
12,18,37,6.0457e+05,-0.023,0.454
12,18,37,6.0461e+05,0.418,-0.47
12,18,37,6.0465e+05,-0.048,0.291
12,18,37,6.0469e+05,0.352,-0.244
12,18,37,6.0473e+05,-0.084,-0.149
12,18,37,6.0476e+05,-0.196,0.494
12,18,37,6.048e+05,-0.131,-0.316
12,18,37,6.0484e+05,-0.441,0.597
12,18,37,6.0488e+05,0.141,-0.429
12,18,37,6.0492e+05,-0.12,0.304
12,18,37,6.0496e+05,-0.227,0.324
12,18,37,6.05e+05,-0.004,-0.411
12,18,37,6.0504e+05,0.042,0.622
12,18,37,6.0508e+05,0.435,-0.396
12,18,37,6.0512e+05,0.04,0.613
12,18,37,6.0516e+05,0.576,-0.194
12,18,37,6.052e+05,0.39,-0.366
12,18,37,6.0523e+05,0.465,0.529
12,18,37,6.0527e+05,0.457,-0.61
12,18,37,6.0531e+05,-0.325,0.536
12,18,37,6.0535e+05,0.069,-0.258
12,18,37,6.0539e+05,-0.331,0.162
12,18,37,6.0543e+05,-0.118,0.28
12,18,37,6.0547e+05,-0.279,0.051
12,18,37,6.0551e+05,-0.505,-0.092
12,18,37,6.0555e+05,-0.239,-0.033
12,18,37,6.0558e+05,-0.097,0.229
12,18,37,6.0562e+05,-0.041,-0.02
12,18,37,6.0566e+05,-0.212,0.223
12,18,37,6.057e+05,-0.257,0.04
12,18,37,6.0574e+05,-0.002,-0.25
12,18,37,6.0578e+05,-0.069,0.558
12,18,37,6.0582e+05,0.454,-0.359
12,18,37,6.0586e+05,-0.058,0.177
12,18,37,6.059e+05,0.017,0.242
12,18,37,6.0594e+05,0.091,-0.249
12,18,37,6.0598e+05,-0.013,0.3
12,18,37,6.0602e+05,-0.047,-0.076
12,18,37,6.0605e+05,-0.336,0.442
12,18,37,6.0609e+05,-0.23,0.074
12,18,37,6.0613e+05,-0.164,-0.05
12,18,37,6.0617e+05,-0.212,0.333
12,18,37,6.0621e+05,-0.045,-0.067
12,18,37,6.0625e+05,-0.265,0.051
12,18,37,6.0629e+05,-0.15,0.273
12,18,37,6.0633e+05,-0.003,-0.29
12,18,37,6.0637e+05,-0.082,0.179
12,18,37,6.0641e+05,-0.129,0.217
12,18,37,6.0644e+05,-0.03,0.19
12,18,37,6.0648e+05,0.143,-0.101
12,18,37,6.0652e+05,0.018,0.08
12,18,37,6.0656e+05,-0.445,0.045
12,18,37,6.066e+05,-0.221,0.429
12,18,37,6.0664e+05,0.044,0.126
12,18,37,6.0668e+05,-0.025,0.323
12,18,37,6.0672e+05,-0.13,0.07
12,18,37,6.0676e+05,0.082,0.016
12,18,37,6.068e+05,0.387,-0.322
12,18,37,6.0684e+05,0.08,-0.03
12,18,37,6.0687e+05,-0.011,0.474
12,18,37,6.0691e+05,-0.175,-0.252
12,18,37,6.0695e+05,-0.27,0.374
12,18,37,6.0699e+05,0.031,0.01
12,18,37,6.0703e+05,-0.006,0.167
12,18,37,6.0707e+05,0.01,0.336
12,18,37,6.0711e+05,-0.206,-0.354
12,18,37,6.0715e+05,-0.361,0.51
12,18,37,6.0719e+05,0.069,0.098
12,18,37,6.0723e+05,-0.12,0.148
12,18,37,6.0726e+05,-0.065,0.232
12,18,37,6.073e+05,0.014,0.092
12,18,37,6.0734e+05,0.048,-0.009
12,18,37,6.0738e+05,0.326,-0.097
12,18,37,6.0742e+05,0.014,0.142
12,18,37,6.0746e+05,-0.062,-0.122
12,18,37,6.075e+05,-0.106,0.253
12,18,37,6.0754e+05,0.127,0.085
12,18,37,6.0758e+05,0.132,-0.032
12,18,37,6.0762e+05,0.248,-0.043
12,18,37,6.0766e+05,0.055,-0.333
12,18,37,6.077e+05,-0.169,0.001
12,18,37,6.0773e+05,0.088,-0.102
12,18,37,6.0777e+05,-0.009,0.026
12,18,37,6.0781e+05,-0.381,0.235
12,18,37,6.0785e+05,-0.286,-0.07
12,18,37,6.0789e+05,-0.349,-0.214
12,18,37,6.0793e+05,-0.272,0.067
12,18,37,6.0797e+05,-0.149,0.046
12,18,37,6.0801e+05,-0.673,0.404
12,18,37,6.0805e+05,-0.309,-0.258
12,18,37,6.0808e+05,-0.054,0.101
12,18,37,6.0812e+05,0.203,-0.203
12,18,37,6.0816e+05,0.098,-0.156
12,18,37,6.082e+05,-0.169,0.411
12,18,37,6.0824e+05,0.158,-0.27
12,18,37,6.0828e+05,0.193,-0.109
12,18,37,6.0832e+05,0.057,0.448
12,18,37,6.0836e+05,0.247,-0.335
12,18,37,6.084e+05,-0.124,0.369
12,18,37,6.0844e+05,0.236,-0.128
12,18,37,6.0848e+05,0.098,-0.429
12,18,37,6.0852e+05,-0.141,0.347
12,18,37,6.0855e+05,-0.127,-0.198
12,18,37,6.0859e+05,-0.257,0.38
12,18,37,6.0863e+05,-0.226,-0.208
12,18,37,6.0867e+05,0.12,-0.366
12,18,37,6.0871e+05,-0.275,-0.09
12,18,37,6.0875e+05,-0.265,-0.092
12,18,37,6.0879e+05,-0.011,-0.116
12,18,37,6.0883e+05,0.083,0.251
12,18,37,6.0887e+05,0.22,-0.402
12,18,37,6.0891e+05,0.018,-0.351
12,18,37,6.0894e+05,0.063,-0.006
12,18,37,6.0898e+05,0.207,0.227
12,18,37,6.0902e+05,0.495,-0.17
12,18,37,6.0906e+05,0.026,-0.11
12,18,37,6.091e+05,0.067,-0.675
12,18,37,6.0914e+05,-0.262,0.72
12,18,37,6.0918e+05,0.462,-0.401
12,18,37,6.0922e+05,0.059,-0.001
12,18,37,6.0926e+05,-0.114,0.283
12,18,37,6.093e+05,-0.186,-0.782
12,18,37,6.0934e+05,-0.008,0.547
12,18,37,6.0937e+05,0.21,-0.533
12,18,37,6.0941e+05,-0.223,0.348
12,18,37,6.0945e+05,-0.05,-0.423
12,18,37,6.0949e+05,-0.313,0.448
12,18,37,6.0953e+05,0.069,-0.373
12,18,37,6.0957e+05,-0.08,0.31
12,18,37,6.0961e+05,0.233,0.271
12,18,37,6.0965e+05,0.032,-0.253
12,18,37,6.0969e+05,0.013,-0.051
12,18,37,6.0973e+05,-0.1,-0.076
12,18,37,6.0976e+05,0.084,0.062
12,18,37,6.098e+05,0.024,0.245
12,18,37,6.0984e+05,0.157,0.065
12,18,37,6.0988e+05,-0.128,-0.289
12,18,37,6.0992e+05,-0.013,-0.077
12,18,37,6.0996e+05,0.282,-0.4
12,18,37,6.1e+05,-0.112,0.373
12,18,37,6.1004e+05,0.022,-0.022
12,18,37,6.1008e+05,-0.37,0.246
12,18,37,6.1012e+05,0.055,-0.41
12,18,37,6.1016e+05,0.244,0.268
12,18,37,6.102e+05,0.091,0.066
12,18,37,6.1023e+05,-0.004,-0.06
12,18,37,6.1027e+05,-0.097,0.132
12,18,37,6.1031e+05,0.039,-0.145
12,18,37,6.1035e+05,0.106,0.515
12,18,37,6.1039e+05,0.15,-0.085
12,18,37,6.1043e+05,0.108,0.155
12,18,37,6.1047e+05,0.077,-0.089
12,18,37,6.1051e+05,0.033,-0.221
12,18,37,6.1055e+05,-0.089,0.012
12,18,37,6.1058e+05,-0.075,-0.184
12,18,37,6.1062e+05,0.09,-0.06
12,18,37,6.1066e+05,-0.124,0.106
12,18,37,6.107e+05,0.258,-0.283
12,18,37,6.1074e+05,-0.201,0.143
12,18,37,6.1078e+05,0.203,-0.539
12,18,37,6.1082e+05,-0.025,-0.344
12,18,37,6.1086e+05,0.201,0.003
12,18,37,6.109e+05,0.11,-0.2
12,18,37,6.1094e+05,-0.09,0.622
12,18,37,6.1098e+05,0.347,-0.729
12,18,37,6.1102e+05,-0.308,0.277
12,18,37,6.1105e+05,-0.077,-0.005
12,18,37,6.1109e+05,-0.263,0.402
12,18,37,6.1113e+05,-0.062,0.157
12,18,37,6.1117e+05,0.155,-0.303
12,18,37,6.1121e+05,0.037,0.317
12,18,37,6.1125e+05,0.03,-0.028
12,18,37,6.1129e+05,0.128,-0.278
12,18,37,6.1133e+05,0.103,0.37
12,18,37,6.1137e+05,-0.128,0.006
12,18,37,6.1141e+05,0.103,0.186
12,18,37,6.1144e+05,0.145,-0.175
12,18,37,6.1148e+05,0.263,-0.009
12,18,37,6.1152e+05,0.138,-0.133
12,18,37,6.1156e+05,0.367,-0.639
12,18,37,6.116e+05,0.258,0.3
12,18,37,6.1164e+05,0.033,0.025
12,18,37,6.1168e+05,-0.201,-0.085
12,18,37,6.1172e+05,-0.245,0.112
12,18,37,6.1176e+05,-0.267,-0.032
12,18,37,6.118e+05,-0.331,0.452
12,18,37,6.1184e+05,-0.279,0.25
12,18,37,6.1187e+05,-0.244,-0.36
12,18,37,6.1191e+05,-0.158,0.234
12,18,37,6.1195e+05,-0.515,0.075
12,18,37,6.1199e+05,-0.458,0.178
12,18,37,6.1203e+05,-0.389,0.145
12,18,37,6.1207e+05,-0.326,0.012
12,18,37,6.1211e+05,-0.107,0.214
12,18,37,6.1215e+05,0.137,-0.22
12,18,37,6.1219e+05,-0.075,0.318
12,18,37,6.1223e+05,-0.056,-0.015
12,18,37,6.1226e+05,-0.21,0.399
12,18,37,6.123e+05,-0.2,0.301
12,18,37,6.1234e+05,-0.039,-0.353
12,18,37,6.1238e+05,-0.342,0.495
12,18,37,6.1242e+05,-0.09,0.146
12,18,37,6.1246e+05,-0.267,-0.116
12,18,37,6.125e+05,-0.517,0.516
12,18,37,6.1254e+05,-0.308,0.053
12,18,37,6.1258e+05,-0.309,0.062
12,18,37,6.1262e+05,-0.287,0.079
12,18,37,6.1266e+05,-0.195,-0.058
12,18,37,6.127e+05,-0.148,0.276
12,18,37,6.1273e+05,0.062,-0.314
12,18,37,6.1277e+05,-0.303,-0.252
12,18,37,6.1281e+05,-0.362,0.424
12,18,37,6.1285e+05,0.202,-0.163
12,18,37,6.1289e+05,0.031,0.224
12,18,37,6.1293e+05,0.007,-0.075
12,18,37,6.1297e+05,-0.319,-0.131
12,18,37,6.1301e+05,-0.138,0.16
12,18,37,6.1305e+05,-0.153,0.217
12,18,37,6.1308e+05,-0.098,0.047
12,18,37,6.1312e+05,-0.519,-0.162
12,18,37,6.1316e+05,-0.631,0.578
12,18,37,6.132e+05,-0.053,-0.466
12,18,37,6.1324e+05,-0.111,0.315
12,18,37,6.1328e+05,-0.214,-0.074
12,18,37,6.1332e+05,-0.336,0.2
12,18,37,6.1336e+05,-0.289,0.113
12,18,37,6.134e+05,0.018,-0.345
12,18,37,6.1344e+05,-0.225,0.46
12,18,37,6.1348e+05,-0.06,-0.306
12,18,37,6.1352e+05,0.128,-0.095
12,18,37,6.1355e+05,-0.089,0.067
12,18,37,6.1359e+05,0.277,-0.267
12,18,37,6.1363e+05,0.08,0.098
12,18,37,6.1367e+05,-0.257,-0.003
12,18,37,6.1371e+05,-0.1,0.168
12,18,37,6.1375e+05,-0.336,0.352
12,18,37,6.1379e+05,-0.225,-0.094
12,18,37,6.1383e+05,-0.157,-0.246
12,18,37,6.1387e+05,-0.285,0.045
12,18,37,6.1391e+05,-0.126,-0.194
12,18,37,6.1394e+05,-0.327,0.343
12,18,37,6.1398e+05,-0.017,-0.305
12,18,37,6.1402e+05,-0.217,0.003
12,18,37,6.1406e+05,0.029,0.351
12,18,37,6.141e+05,-0.026,-0.359
12,18,37,6.1414e+05,0.004,0.389
12,18,37,6.1418e+05,0.263,-0.443
12,18,37,6.1422e+05,0.171,0.108
12,18,37,6.1426e+05,0.021,0.239
12,18,37,6.143e+05,0.134,-0.338
12,18,37,6.1434e+05,-0.136,0.337
12,18,37,6.1437e+05,-0.07,0.201
12,18,37,6.1441e+05,0.009,0.239
12,18,37,6.1445e+05,0.065,0.055
12,18,37,6.1449e+05,0.301,-0.353
12,18,37,6.1453e+05,-0.248,0.145
12,18,37,6.1457e+05,-0.109,-0.377
12,18,37,6.1461e+05,-0.324,-0.344
12,18,37,6.1465e+05,-0.445,-0.034
12,18,37,6.1469e+05,-0.613,0.022
12,18,37,6.1473e+05,-0.612,0.281
12,18,37,6.1476e+05,-0.04,0.019
12,18,37,6.148e+05,0.193,-0.216
12,18,37,6.1484e+05,0.223,0.079
12,18,37,6.1488e+05,0.039,-0.053
12,18,37,6.1492e+05,0.162,-0.168
12,18,37,6.1496e+05,0.417,0.123
12,18,37,6.15e+05,0.506,-0.074
12,18,37,6.1504e+05,0.168,0.25
12,18,37,6.1508e+05,0.305,-0.013
12,18,37,6.1512e+05,0.173,0.168
12,18,37,6.1516e+05,0.544,-0.12
12,18,37,6.152e+05,0.349,-0.288
12,18,37,6.1523e+05,-0.127,0.109
12,18,37,6.1527e+05,-0.252,-0.217
12,18,37,6.1531e+05,-0.245,0.401
12,18,37,6.1535e+05,0.156,-0.393
12,18,37,6.1539e+05,-0.256,0.342
12,18,37,6.1543e+05,-0.128,0.025
12,18,37,6.1547e+05,-0.458,-0.033
12,18,37,6.1551e+05,-0.084,-0.091
12,18,37,6.1555e+05,0.095,-0.232
12,18,37,6.1558e+05,0.06,0.242
12,18,37,6.1562e+05,0.118,-0.291
12,18,37,6.1566e+05,0.117,0.188
12,18,37,6.157e+05,0.517,-0.315
12,18,37,6.1574e+05,0.579,-0.104
12,18,37,6.1578e+05,0.459,-0.072
12,18,37,6.1582e+05,-0.108,-0.116
12,18,37,6.1586e+05,-0.013,0.083
12,18,37,6.159e+05,0.129,0.116
12,18,37,6.1594e+05,0.407,-0.454
12,18,37,6.1598e+05,0.154,0.341
12,18,37,6.1602e+05,0.24,-0.14
12,18,37,6.1605e+05,-0.026,-0.156
12,18,37,6.1609e+05,0.106,0.111
12,18,37,6.1613e+05,-0.017,-0.269
12,18,37,6.1617e+05,-0.144,0.238
12,18,37,6.1621e+05,-0.119,-0.161
12,18,37,6.1625e+05,-0.063,-0.055
12,18,37,6.1629e+05,0.099,0.085
12,18,37,6.1633e+05,0.017,0.177
12,18,37,6.1637e+05,0.089,-0.281
12,18,37,6.1641e+05,-0.062,0.11
12,18,37,6.1644e+05,-0.141,0.222
12,18,37,6.1648e+05,0.05,-0.104
12,18,37,6.1652e+05,0.006,0.064
12,18,37,6.1656e+05,0.304,-0.082
12,18,37,6.166e+05,-0.138,0.219
12,18,37,6.1664e+05,0.164,-0.273
12,18,37,6.1668e+05,0.053,0.243
12,18,37,6.1672e+05,0.273,0.234
12,18,37,6.1676e+05,0.102,-0.535
12,18,37,6.168e+05,-0.305,0.736
12,18,37,6.1684e+05,0.268,-0.454
12,18,37,6.1687e+05,0.239,0.316
12,18,37,6.1691e+05,0.495,-0.198
12,18,37,6.1695e+05,-0.142,-0.129
12,18,37,6.1699e+05,-0.194,0.362
12,18,37,6.1703e+05,-0.054,0.137
12,18,37,6.1707e+05,0.161,0.182
12,18,37,6.1711e+05,0.011,-0.127
12,18,37,6.1715e+05,-0.163,0.247
12,18,37,6.1719e+05,0.032,-0.441
12,18,37,6.1723e+05,0.13,0.252
12,18,37,6.1726e+05,0.26,-0.047
12,18,37,6.173e+05,-0.081,0.254
12,18,37,6.1734e+05,-0.125,-0.106
12,18,37,6.1738e+05,-0.014,-0.053
12,18,37,6.1742e+05,0.162,0.342
12,18,37,6.1746e+05,0.161,-0.065
12,18,37,6.175e+05,0.381,0.037
12,18,37,6.1754e+05,0.368,-0.085
12,18,37,6.1758e+05,0.188,0.227
12,18,37,6.1762e+05,-0.029,0.03
12,18,37,6.1766e+05,-0.505,0.177
12,18,37,6.177e+05,-0.354,0.304
12,18,37,6.1773e+05,-0.166,0.118
12,18,37,6.1777e+05,-0.077,-0.056
12,18,37,6.1781e+05,-0.156,-0.192
12,18,37,6.1785e+05,-0.115,-0.168
12,18,37,6.1789e+05,-0.111,-0.375
12,18,37,6.1793e+05,-0.27,0.397
12,18,37,6.1797e+05,-0.393,0.276
12,18,37,6.1801e+05,0.111,-0.528
12,18,37,6.1805e+05,-0.066,0.577
12,18,37,6.1808e+05,0.253,-0.15
12,18,37,6.1812e+05,0.159,-0.132
12,18,37,6.1816e+05,0.194,0.307
12,18,37,6.182e+05,0.03,-0.445
12,18,37,6.1824e+05,-0.121,0.617
12,18,37,6.1828e+05,0.175,-0.142
12,18,37,6.1832e+05,-0.07,0.103
12,18,37,6.1836e+05,0.243,0.14
12,18,37,6.184e+05,0.36,-0.506
12,18,37,6.1844e+05,-0.146,0.418
12,18,37,6.1848e+05,-0.197,-0.231
12,18,37,6.1852e+05,-0.326,0.017
12,18,37,6.1855e+05,-0.156,0.483
12,18,37,6.1859e+05,0.246,-0.27
12,18,37,6.1863e+05,-0.136,0.509
12,18,37,6.1867e+05,0.261,-0.502
12,18,37,6.1871e+05,0.102,-0.328
12,18,37,6.1875e+05,-0.274,0.334
12,18,37,6.1879e+05,-0.179,-0.171
12,18,37,6.1883e+05,-0.441,0.603
12,18,37,6.1887e+05,0.055,0.096
12,18,37,6.1891e+05,0.06,-0.149
12,18,37,6.1894e+05,-0.004,0.221
12,18,37,6.1898e+05,0.122,-0.393
12,18,37,6.1902e+05,-0.136,0.317
12,18,37,6.1906e+05,-0.21,-0.098
12,18,37,6.191e+05,-0.496,0.207
12,18,37,6.1914e+05,-0.354,0.409
12,18,37,6.1918e+05,0.074,-0.218
12,18,37,6.1922e+05,0.115,0.258
12,18,37,6.1926e+05,0.087,-0.691
12,18,37,6.193e+05,-0.373,0.197
12,18,37,6.1934e+05,-0.236,0.085
12,18,37,6.1937e+05,-0.14,0.22
12,18,37,6.1941e+05,0.016,0.333
12,18,37,6.1945e+05,0.133,-0.489
12,18,37,6.1949e+05,-0.165,0.298
12,18,37,6.1953e+05,0.069,-0.211
12,18,37,6.1957e+05,-0.191,-0.024
12,18,37,6.1961e+05,-0.225,0.05
12,18,37,6.1965e+05,-0.387,0.18
12,18,37,6.1969e+05,-0.128,0.148
12,18,37,6.1973e+05,-0.03,-0.116
12,18,37,6.1976e+05,0.149,-0.119
12,18,37,6.198e+05,-0.179,0.053
12,18,37,6.1984e+05,-0.196,-0.049
12,18,37,6.1988e+05,-0.306,0.167
12,18,37,6.1992e+05,0.059,-0.202
12,18,37,6.1996e+05,0.238,0.017
12,18,37,6.2e+05,0.123,0.367
12,18,37,6.2004e+05,0.225,-0.467
12,18,37,6.2008e+05,-0.229,0.085
12,18,37,6.2012e+05,-0.044,-0.186
12,18,37,6.2016e+05,-0.473,0.394
12,18,37,6.202e+05,-0.312,0.496
12,18,37,6.2023e+05,-0.084,-0.108
12,18,37,6.2027e+05,0.081,-0.122
12,18,37,6.2031e+05,0.26,-0.423
12,18,37,6.2035e+05,0.276,-0.135
12,18,37,6.2039e+05,-0.309,0.078
12,18,37,6.2043e+05,-0.319,-0.393
12,18,37,6.2047e+05,-0.423,0.542
12,18,37,6.2051e+05,0.12,0.215
12,18,37,6.2055e+05,0.264,0.05
12,18,37,6.2058e+05,0.133,0.045
12,18,37,6.2062e+05,0.165,-0.695
12,18,37,6.2066e+05,-0.178,0.223
12,18,37,6.207e+05,-0,-0.285
12,18,37,6.2074e+05,-0.438,0.523
12,18,37,6.2078e+05,-0.166,0.033
12,18,37,6.2082e+05,-0.212,-0.138
12,18,37,6.2086e+05,-0.052,0.174
12,18,37,6.209e+05,0.048,-0.413
12,18,37,6.2094e+05,-0.132,0.049
12,18,37,6.2098e+05,0.051,-0.241
12,18,37,6.2102e+05,-0.049,0.059
12,18,37,6.2105e+05,-0.007,0.049
12,18,37,6.2109e+05,0.252,-0.048
12,18,37,6.2113e+05,0.201,0.113
12,18,37,6.2117e+05,0.366,-0.263
12,18,37,6.2121e+05,0.014,-0.115
12,18,37,6.2125e+05,-0.342,0.125
12,18,37,6.2129e+05,-0.132,-0.092
12,18,37,6.2133e+05,-0.07,0.143
12,18,37,6.2137e+05,-0.008,-0.275
12,18,37,6.2141e+05,-0.013,0.146
12,18,37,6.2144e+05,0.12,-0.092
12,18,37,6.2148e+05,0.274,-0.475
12,18,37,6.2152e+05,-0.173,0.246
12,18,37,6.2156e+05,0.166,-0.1
12,18,37,6.216e+05,0.115,-0.036
12,18,37,6.2164e+05,0.167,-0.076
12,18,37,6.2168e+05,0.361,-0.673
12,18,37,6.2172e+05,0.278,0.19
12,18,37,6.2176e+05,0.36,-0.137
12,18,37,6.218e+05,-0.096,-0.015
12,18,37,6.2184e+05,-0.162,0.216
12,18,37,6.2187e+05,0.098,-0.292
12,18,37,6.2191e+05,0.133,0.138
12,18,37,6.2195e+05,-0.053,-0.036
12,18,37,6.2199e+05,-0.116,-0.084
12,18,37,6.2203e+05,0.236,-0.38
12,18,37,6.2207e+05,0.096,-0.023
12,18,37,6.2211e+05,0.329,-0.227
12,18,37,6.2215e+05,0.155,0.012
12,18,37,6.2219e+05,0.289,-0.295
12,18,37,6.2223e+05,0.165,-0.023
12,18,37,6.2226e+05,0.27,0.099
12,18,37,6.223e+05,0.163,-0.422
12,18,37,6.2234e+05,-0.057,0.613
12,18,37,6.2238e+05,0.204,-0.484
12,18,37,6.2242e+05,0.039,0.041
12,18,37,6.2246e+05,0.346,-0.218
12,18,37,6.225e+05,0.182,-0.223
12,18,37,6.2254e+05,0.183,0.265
12,18,37,6.2258e+05,0.248,-0.232
12,18,37,6.2262e+05,0.12,0.167
12,18,37,6.2266e+05,0.353,-0.151
12,18,37,6.227e+05,-0.008,0.082
12,18,37,6.2273e+05,-0.067,0.199
12,18,37,6.2277e+05,0.089,-0.337
12,18,37,6.2281e+05,0.11,0.347
12,18,37,6.2285e+05,0.185,-0.556
12,18,37,6.2289e+05,-0.308,-0.004
12,18,37,6.2293e+05,-0.196,-0.029
12,18,37,6.2297e+05,-0.079,-0.118
12,18,37,6.2301e+05,-0.089,0.429
12,18,37,6.2305e+05,-0.04,-0.148
12,18,37,6.2308e+05,-0.218,0.083
12,18,37,6.2312e+05,0.289,-0.615
12,18,37,6.2316e+05,0.217,0.292
12,18,37,6.232e+05,0.253,0.057
12,18,37,6.2324e+05,0.107,-0.215
12,18,37,6.2328e+05,0.1,0.17
12,18,37,6.2332e+05,0.397,0.056
12,18,37,6.2336e+05,0.394,0.147
12,18,37,6.234e+05,0.187,-0.225
12,18,37,6.2344e+05,-0.072,0.07
12,18,37,6.2348e+05,0.286,-0.111
12,18,37,6.2352e+05,0.397,-0.344
12,18,37,6.2355e+05,0.138,0.243
12,18,37,6.2359e+05,0.006,-0.572
12,18,37,6.2363e+05,-0.444,0.309
12,18,37,6.2367e+05,0.135,-0.1
12,18,37,6.2371e+05,0.284,0.204
12,18,37,6.2375e+05,-0.088,0.283
12,18,37,6.2379e+05,-0.001,-0.375
12,18,37,6.2383e+05,-0.067,0.393
12,18,37,6.2387e+05,0.276,-0.448
12,18,37,6.2391e+05,0.015,0.565
12,18,37,6.2394e+05,0.144,-0.118
12,18,37,6.2398e+05,0.135,-0.051
12,18,37,6.2402e+05,0.247,0.303
12,18,37,6.2406e+05,0.223,-0.332
12,18,37,6.241e+05,0.149,0.133
12,18,37,6.2414e+05,0.194,-0.128
12,18,37,6.2418e+05,0.122,0.354
12,18,37,6.2422e+05,0.252,-0.555
12,18,37,6.2426e+05,0.092,-0.031
12,18,37,6.243e+05,0.201,-0.181
12,18,37,6.2434e+05,-0.238,-0.011
12,18,37,6.2437e+05,0.375,0.016
12,18,37,6.2441e+05,0.521,-0.362
12,18,37,6.2445e+05,-0.014,0.311
12,18,37,6.2449e+05,-0.151,-0.32
12,18,37,6.2453e+05,-0.224,0.22
12,18,37,6.2457e+05,-0.179,0.305
12,18,37,6.2461e+05,0.002,0.13
12,18,37,6.2465e+05,-0.342,0.358
12,18,37,6.2469e+05,-0.15,-0.002
12,18,37,6.2473e+05,0.126,-0.38
12,18,37,6.2476e+05,-0.104,0.29
12,18,37,6.248e+05,-0.18,-0.08
12,18,37,6.2484e+05,-0.186,-0.037
12,18,37,6.2488e+05,-0.112,-0.038
12,18,37,6.2492e+05,-0.044,0.058
12,18,37,6.2496e+05,-0.13,0.452
12,18,37,6.25e+05,-0.14,-0.327
12,18,37,6.2504e+05,-0.24,0.34
12,18,37,6.2508e+05,0.076,-0.217
12,18,37,6.2512e+05,-0.052,-0.023
12,18,37,6.2516e+05,-0.265,0.338
12,18,37,6.252e+05,-0.026,-0.381
12,18,37,6.2523e+05,-0.299,0.782
12,18,37,6.2527e+05,-0.02,-0.141
12,18,37,6.2531e+05,-0.211,0.033
12,18,37,6.2535e+05,-0.366,0.266
12,18,37,6.2539e+05,-0.107,-0.226
12,18,37,6.2543e+05,-0.034,0.07
12,18,37,6.2547e+05,-0.165,0.272
12,18,37,6.2551e+05,-0.156,-0.276
12,18,37,6.2555e+05,-0.205,0.223
12,18,37,6.2558e+05,-0.063,0.006
12,18,37,6.2562e+05,0.024,-0.174
12,18,37,6.2566e+05,-0.312,0.425
12,18,37,6.257e+05,-0.114,-0.096
12,18,37,6.2574e+05,-0.101,0.436
12,18,37,6.2578e+05,0.091,-0.414
12,18,37,6.2582e+05,-0.044,-0.026
12,18,37,6.2586e+05,-0.247,0.333
12,18,37,6.259e+05,0.01,-0.286
12,18,37,6.2594e+05,-0.069,0.083
12,18,37,6.2598e+05,-0.142,-0.255
12,18,37,6.2602e+05,-0.453,0.614
12,18,37,6.2605e+05,-0.092,0.233
12,18,37,6.2609e+05,-0.115,-0.157
12,18,37,6.2613e+05,-0.128,0.326
12,18,37,6.2617e+05,0.126,-0.658
12,18,37,6.2621e+05,-0.128,0.06
12,18,37,6.2625e+05,-0.15,0.115
12,18,37,6.2629e+05,-0.134,-0.093
12,18,37,6.2633e+05,-0.164,0.066
12,18,37,6.2637e+05,-0.125,-0.318
12,18,37,6.2641e+05,-0.273,0.371
12,18,37,6.2644e+05,0.029,-0.122
12,18,37,6.2648e+05,-0.21,-0.002
12,18,37,6.2652e+05,-0.141,0.065
12,18,37,6.2656e+05,-0.245,-0.139
12,18,37,6.266e+05,-0.209,0.419
12,18,37,6.2664e+05,0.077,-0.223
12,18,37,6.2668e+05,-0.11,0.044
12,18,37,6.2672e+05,0.104,0.141
12,18,37,6.2676e+05,-0.043,-0.045
12,18,37,6.268e+05,-0.15,0.373
12,18,37,6.2684e+05,-0.074,-0.198
12,18,37,6.2687e+05,0.152,0.177
12,18,37,6.2691e+05,0.016,-0.468
12,18,37,6.2695e+05,-0.082,-0.37
12,18,37,6.2699e+05,-0.458,0.543
12,18,37,6.2703e+05,-0.177,0.103
12,18,37,6.2707e+05,0.009,-0.106
12,18,37,6.2711e+05,-0.192,0.178
12,18,37,6.2715e+05,-0.019,-0.402
12,18,37,6.2719e+05,-0.116,-0.145
12,18,37,6.2723e+05,-0.11,-0.225
12,18,37,6.2726e+05,-0.334,0.051
12,18,37,6.273e+05,-0.485,0.472
12,18,37,6.2734e+05,-0.138,-0.328
12,18,37,6.2738e+05,0.124,0.137
12,18,37,6.2742e+05,0.305,-0.19
12,18,37,6.2746e+05,0.133,-0.282
12,18,37,6.275e+05,0.063,-0.122
12,18,37,6.2754e+05,-0.024,0.093
12,18,37,6.2758e+05,-0.036,-0.089
12,18,37,6.2762e+05,0.271,0.296
12,18,37,6.2766e+05,0.134,-0.189
12,18,37,6.277e+05,0.062,-0.06
12,18,37,6.2773e+05,0.284,-0.068
12,18,37,6.2777e+05,0.118,-0.055
12,18,37,6.2781e+05,0.16,0.232
12,18,37,6.2785e+05,-0.049,-0.088
12,18,37,6.2789e+05,-0.347,-0.1
12,18,37,6.2793e+05,-0.074,0.001
12,18,37,6.2797e+05,0.258,-0.232
12,18,37,6.2801e+05,-0.094,-0.154
12,18,37,6.2805e+05,-0.381,0.171
12,18,37,6.2808e+05,-0.387,-0.086
12,18,37,6.2812e+05,-0.225,0.096
12,18,37,6.2816e+05,-0.004,0.024
12,18,37,6.282e+05,-0.167,-0.029
12,18,37,6.2824e+05,-0.398,-0.068
12,18,37,6.2828e+05,0.013,0.131
12,18,37,6.2832e+05,0.23,-0.031
12,18,37,6.2836e+05,0.238,-0.021
12,18,37,6.284e+05,-0.05,0.117
12,18,37,6.2844e+05,0.293,-0.095
12,18,37,6.2848e+05,0.345,-0.017
12,18,37,6.2852e+05,0.479,-0.087
12,18,37,6.2855e+05,0.181,-0.357
12,18,37,6.2859e+05,-0.175,0.399
12,18,37,6.2863e+05,0.321,-0.408
12,18,37,6.2867e+05,-0.172,-0.004
12,18,37,6.2871e+05,-0.011,-0.085
12,18,37,6.2875e+05,-0.162,0.017
12,18,37,6.2879e+05,0.023,-0.042
12,18,37,6.2883e+05,0.152,0.126
12,18,37,6.2887e+05,0.393,-0.312
12,18,37,6.2891e+05,0.283,-0.361
12,18,37,6.2894e+05,0.676,-0.115
12,18,37,6.2898e+05,0.691,-0.235
12,18,37,6.2902e+05,0.602,0.291
12,18,37,6.2906e+05,0.263,-0.219
12,18,37,6.291e+05,-0.074,0.402
12,18,37,6.2914e+05,0.32,-0.32
12,18,37,6.2918e+05,0.141,0.085
12,18,37,6.2922e+05,-0.105,0.229
12,18,37,6.2926e+05,-0.212,-0.278
12,18,37,6.293e+05,-0.055,0.277
12,18,37,6.2934e+05,0.124,-0.38
12,18,37,6.2937e+05,0.276,-0.053
12,18,37,6.2941e+05,0.13,0.154
12,18,37,6.2945e+05,0.503,-0.217
12,18,37,6.2949e+05,0.323,0.361
12,18,37,6.2953e+05,0.678,-0.311
12,18,37,6.2957e+05,0.324,-0.578
12,18,37,6.2961e+05,0.045,0.276
12,18,37,6.2965e+05,-0.134,-0.385
12,18,37,6.2969e+05,-0.265,-0
12,18,37,6.2973e+05,-0.133,-0.157
12,18,37,6.2976e+05,-0.339,-0.389
12,18,37,6.298e+05,-0.391,0.183
12,18,37,6.2984e+05,-0.123,-0.126
12,18,37,6.2988e+05,0.212,-0.159
12,18,37,6.2992e+05,0.06,-0.002
12,18,37,6.2996e+05,0.049,-0.14
12,18,37,6.3e+05,0.3,0.069
12,18,37,6.3004e+05,0.92,-0.165
12,18,37,6.3008e+05,0.874,0.625
12,18,37,6.3012e+05,0.842,-0.145
12,18,37,6.3016e+05,0.47,-0.108
12,18,37,6.302e+05,0.893,0.032
12,18,37,6.3023e+05,0.542,-0.031
12,18,37,6.3027e+05,0.412,0.243
12,18,37,6.3031e+05,0.015,-0.24
12,18,37,6.3035e+05,-0.104,0.229
12,18,37,6.3039e+05,-0,-0.065
12,18,37,6.3043e+05,-0.292,0.041
12,18,37,6.3047e+05,-0.362,-0.295
12,18,37,6.3051e+05,-0.351,0.212
12,18,37,6.3055e+05,-0.308,-0.313
12,18,37,6.3058e+05,-0.22,-0.039
12,18,37,6.3062e+05,-0.128,-0.383
12,18,37,6.3066e+05,-0.582,0.652
12,18,37,6.307e+05,0.218,0.098
12,18,37,6.3074e+05,0.185,-0.318
12,18,37,6.3078e+05,0.44,-0.049
12,18,37,6.3082e+05,0.659,-0.115
12,18,37,6.3086e+05,0.954,-0.158
12,18,37,6.309e+05,1.004,-0.231
12,18,37,6.3094e+05,0.926,0.176
12,18,37,6.3098e+05,0.175,-0.299
12,18,37,6.3102e+05,-0.028,0.394
12,18,37,6.3105e+05,-0.056,0.266
12,18,37,6.3109e+05,0.008,0.291
12,18,37,6.3113e+05,-0.242,0.087
12,18,37,6.3117e+05,0.013,-0.258
12,18,37,6.3121e+05,-0.326,-0.102
12,18,37,6.3125e+05,-0.44,0.114
12,18,37,6.3129e+05,-0.118,-0.126
12,18,37,6.3133e+05,-0.508,0.495
12,18,37,6.3137e+05,-0.311,0.15
12,18,37,6.3141e+05,-0.527,0.296
12,18,37,6.3144e+05,-0.111,-0.229
12,18,37,6.3148e+05,-0.098,-0.103
12,18,37,6.3152e+05,-0.158,-0.269
12,18,37,6.3156e+05,-0.493,0.067
12,18,37,6.316e+05,-0.585,0.455
12,18,37,6.3164e+05,0.026,-0.117
12,18,37,6.3168e+05,0.107,-0.114
12,18,37,6.3172e+05,0.028,0.303
12,18,37,6.3176e+05,0.228,-0.183
12,18,37,6.318e+05,-0.046,0.067
12,18,37,6.3184e+05,0.242,0.178
12,18,37,6.3187e+05,0.494,0.024
12,18,37,6.3191e+05,0.028,0.207
12,18,37,6.3195e+05,0.178,0.275
12,18,37,6.3199e+05,0.323,-0.157
12,18,37,6.3203e+05,-0.072,0.265
12,18,37,6.3207e+05,-0.098,-0.006
12,18,37,6.3211e+05,-0.498,-0.009
12,18,37,6.3215e+05,-0.746,0.576
12,18,37,6.3219e+05,-0.437,-0.361
12,18,37,6.3223e+05,-0.742,-0.071
12,18,37,6.3226e+05,-0.415,-0.001
12,18,37,6.323e+05,-0.599,-0.165
12,18,37,6.3234e+05,-0.671,0.084
12,18,37,6.3238e+05,-0.148,0.207
12,18,37,6.3242e+05,0.373,-0.164
12,18,37,6.3246e+05,0.459,-0.025
12,18,37,6.325e+05,0.582,-0.09
12,18,37,6.3254e+05,0.215,0.102
12,18,37,6.3258e+05,0.596,0.172
12,18,37,6.3262e+05,0.956,-0.188
12,18,37,6.3266e+05,0.629,0.356
12,18,37,6.327e+05,0.476,-0.296
12,18,37,6.3273e+05,0.086,0.037
12,18,37,6.3277e+05,0.193,-0.184
12,18,37,6.3281e+05,-0.136,-0.066
12,18,37,6.3285e+05,-0.612,0.094
12,18,37,6.3289e+05,-0.61,0.194
12,18,37,6.3293e+05,-0.642,0.148
12,18,37,6.3297e+05,-0.658,0.085
12,18,37,6.3301e+05,-0.257,-0.195
12,18,37,6.3305e+05,-0.493,0.212
12,18,37,6.3308e+05,-0.014,-0.045
12,18,37,6.3312e+05,0.015,0.227
12,18,37,6.3316e+05,0.334,-0.064
12,18,37,6.332e+05,0.314,0.043
12,18,37,6.3324e+05,0.159,0.231
12,18,37,6.3328e+05,0.206,0.086
12,18,37,6.3332e+05,0.104,0.433
12,18,37,6.3336e+05,0.306,-0.247
12,18,37,6.334e+05,0.107,0.27
12,18,37,6.3344e+05,0.008,0.197
12,18,37,6.3348e+05,-0.044,-0.334
12,18,37,6.3352e+05,0.108,0.048
12,18,37,6.3355e+05,0.149,-0.023
12,18,37,6.3359e+05,-0.014,-0.19
12,18,37,6.3363e+05,-0.39,-0.12
12,18,37,6.3367e+05,0.029,-0.147
12,18,37,6.3371e+05,0.154,0.121
12,18,37,6.3375e+05,0.469,0.185
12,18,37,6.3379e+05,0.221,-0.412
12,18,37,6.3383e+05,-0.072,0.025
12,18,37,6.3387e+05,0.218,-0.145
12,18,37,6.3391e+05,0.404,0.436
12,18,37,6.3394e+05,0.543,-0.238
12,18,37,6.3398e+05,-0.08,0.123
12,18,37,6.3402e+05,-0.246,0.081
12,18,37,6.3406e+05,0.098,0.035
12,18,37,6.341e+05,0.062,0.35
12,18,37,6.3414e+05,-0.088,-0.453
12,18,37,6.3418e+05,-0.577,0.238
12,18,37,6.3422e+05,-0.194,0.254
12,18,37,6.3426e+05,0.379,-0.088
12,18,37,6.343e+05,0.418,-0.138
12,18,37,6.3434e+05,-0.007,0.017
12,18,37,6.3437e+05,-0.204,-0.027
12,18,37,6.3441e+05,0.051,-0.116
12,18,37,6.3445e+05,0.674,-0.001
12,18,37,6.3449e+05,0.429,-0.034
12,18,37,6.3453e+05,0.191,-0.194
12,18,37,6.3457e+05,-0.205,-0.195
12,18,37,6.3461e+05,-0.249,0.242
12,18,37,6.3465e+05,0.003,0.126
12,18,37,6.3469e+05,-0.087,0.258
12,18,37,6.3473e+05,-0.22,-0.07
12,18,37,6.3476e+05,-0.062,-0.113
12,18,37,6.348e+05,-0.033,-0.169
12,18,37,6.3484e+05,0.1,-0.204
12,18,37,6.3488e+05,-0.068,0.076
12,18,37,6.3492e+05,-0.072,0.303
12,18,37,6.3496e+05,0.221,-0.035
12,18,37,6.35e+05,0.648,0.061
12,18,37,6.3504e+05,0.743,-0.578
12,18,37,6.3508e+05,0.502,0.052
12,18,37,6.3512e+05,0.489,-0.428
12,18,37,6.3516e+05,-0.07,0.14
12,18,37,6.352e+05,-0.008,0.061
12,18,37,6.3523e+05,-0.467,0.077
12,18,37,6.3527e+05,-0.229,0.608
12,18,37,6.3531e+05,0.143,-0.604
12,18,37,6.3535e+05,-0.054,-0.046
12,18,37,6.3539e+05,0.019,-0.108
12,18,37,6.3543e+05,0.011,-0.308
12,18,37,6.3547e+05,-0.167,0.345
12,18,37,6.3551e+05,0.076,-0.018
12,18,37,6.3555e+05,-0.178,0.327
12,18,37,6.3558e+05,0.584,-0.351
12,18,37,6.3562e+05,0.184,0.314
12,18,37,6.3566e+05,0.45,-0.349
12,18,37,6.357e+05,0.248,-0.361
12,18,37,6.3574e+05,0.058,0.556
12,18,37,6.3578e+05,-0.044,-0.151
12,18,37,6.3582e+05,-0.343,0.611
12,18,37,6.3586e+05,0.045,-0.225
12,18,37,6.359e+05,-0.014,0.508
12,18,37,6.3594e+05,0.494,-0.486
12,18,37,6.3598e+05,-0.004,0.016
12,18,37,6.3602e+05,-0.038,-0.086
12,18,37,6.3605e+05,-0.159,-0.272
12,18,37,6.3609e+05,-0.248,0.57
12,18,37,6.3613e+05,0.034,-0.003
12,18,37,6.3617e+05,0.08,0.257
12,18,37,6.3621e+05,0.181,-0.078
12,18,37,6.3625e+05,0.07,-0.059
12,18,37,6.3629e+05,0.175,-0.323
12,18,37,6.3633e+05,0.077,0.212
12,18,37,6.3637e+05,-0.057,0.351
12,18,37,6.3641e+05,-0.005,-0.392
12,18,37,6.3644e+05,0.097,0.045
12,18,37,6.3648e+05,0.188,-0.249
12,18,37,6.3652e+05,0.244,0.032
12,18,37,6.3656e+05,0.064,-0.012
12,18,37,6.366e+05,0.1,-0.009
12,18,37,6.3664e+05,0.056,0.147
12,18,37,6.3668e+05,0.43,0.044
12,18,37,6.3672e+05,0.297,-0.22
12,18,37,6.3676e+05,0.307,-0.23
12,18,37,6.368e+05,0.019,0.191
12,18,37,6.3684e+05,0.273,0.022
12,18,37,6.3687e+05,-0.175,0.045
12,18,37,6.3691e+05,-0.311,0.235
12,18,37,6.3695e+05,-0.047,0.006
12,18,37,6.3699e+05,-0.124,0.478
12,18,37,6.3703e+05,0.068,-0.292
12,18,37,6.3707e+05,-0.439,0.299
12,18,37,6.3711e+05,0.073,-0.121
12,18,37,6.3715e+05,0.053,0.187
12,18,37,6.3719e+05,-0.047,0.34
12,18,37,6.3723e+05,0.133,-0.396
12,18,37,6.3726e+05,-0.131,0.658
12,18,37,6.373e+05,0.314,-0.232
12,18,37,6.3734e+05,0.22,0.061
12,18,37,6.3738e+05,0.377,-0.169
12,18,37,6.3742e+05,-0.039,0.316
12,18,37,6.3746e+05,-0.131,0.366
12,18,37,6.375e+05,0.146,-0.587
12,18,37,6.3754e+05,-0.011,0.201
12,18,37,6.3758e+05,0.347,-0.285
12,18,37,6.3762e+05,0.108,-0.446
12,18,37,6.3766e+05,0.047,0.209
12,18,37,6.377e+05,0.235,-0.02
12,18,37,6.3773e+05,0.301,0.189
12,18,37,6.3777e+05,0.585,-0.239
12,18,37,6.3781e+05,0.31,-0.05
12,18,37,6.3785e+05,0.206,0.019
12,18,37,6.3789e+05,0.126,0.255
12,18,37,6.3793e+05,-0.061,0.276
12,18,37,6.3797e+05,0.153,-0.026
12,18,37,6.3801e+05,-0.193,0.37
12,18,37,6.3805e+05,-0.082,-0.183
12,18,37,6.3808e+05,-0.084,0.196
12,18,37,6.3812e+05,-0.039,-0.367
12,18,37,6.3816e+05,-0.579,0.222
12,18,37,6.382e+05,-0.497,-0.065
12,18,37,6.3824e+05,-0.325,-0.114
12,18,37,6.3828e+05,-0.125,0.425
12,18,37,6.3832e+05,-0.032,0.108
12,18,37,6.3836e+05,0.112,0.376
12,18,37,6.384e+05,0.189,-0.138
12,18,37,6.3844e+05,0.212,-0.179
12,18,37,6.3848e+05,-0.023,0.265
12,18,37,6.3852e+05,-0.218,0.605
12,18,37,6.3855e+05,-0.233,-0.055
12,18,37,6.3859e+05,-0.125,-0.089
12,18,37,6.3863e+05,-0.065,0.218
12,18,37,6.3867e+05,-0.362,-0.071
12,18,37,6.3871e+05,-0.457,0.154
12,18,37,6.3875e+05,-0.211,0.014
12,18,37,6.3879e+05,-0.3,-0.087
12,18,37,6.3883e+05,-0.196,0.183
12,18,37,6.3887e+05,0.126,-0.383
12,18,37,6.3891e+05,0.164,0.04
12,18,37,6.3894e+05,0.136,0.19
12,18,37,6.3898e+05,-0.095,0.192
12,18,37,6.3902e+05,0.204,0.056
12,18,37,6.3906e+05,0.024,0.093
12,18,37,6.391e+05,-0.069,-0.075
12,18,37,6.3914e+05,0.076,0.066
12,18,37,6.3918e+05,-0.107,0.013
12,18,37,6.3922e+05,-0.091,0.147
12,18,37,6.3926e+05,-0.134,0.025
12,18,37,6.393e+05,-0.318,-0.233
12,18,37,6.3934e+05,-0.437,0.133
12,18,37,6.3937e+05,-0.306,-0.151
12,18,37,6.3941e+05,-0.402,0.385
12,18,37,6.3945e+05,-0.199,0.107
12,18,37,6.3949e+05,0.088,-0.134
12,18,37,6.3953e+05,0.212,0.042
12,18,37,6.3957e+05,0.378,-0.043
12,18,37,6.3961e+05,0.188,0.07
12,18,37,6.3965e+05,0.317,-0.103
12,18,37,6.3969e+05,0.018,0.288
12,18,37,6.3973e+05,0.301,-0.229
12,18,37,6.3976e+05,0.237,0.048
12,18,37,6.398e+05,0.254,0.022
12,18,37,6.3984e+05,-0.108,-0.12
12,18,37,6.3988e+05,-0.264,0.283
12,18,37,6.3992e+05,-0.324,-0.076
12,18,37,6.3996e+05,-0.426,0.173
12,18,37,6.4e+05,-0.153,0.153
12,18,37,6.4004e+05,-0.119,-0.204
12,18,37,6.4008e+05,-0.37,0.181
12,18,37,6.4012e+05,-0.385,-0.452
12,18,37,6.4016e+05,-0.179,0.01
12,18,37,6.402e+05,-0.014,0.355
12,18,37,6.4023e+05,0.065,0.063
12,18,37,6.4027e+05,0.152,-0.116
12,18,37,6.4031e+05,0.356,-0.448
12,18,37,6.4035e+05,0.115,0.492
12,18,37,6.4039e+05,0.327,-0.374
12,18,37,6.4043e+05,0.151,-0.106
12,18,37,6.4047e+05,0.06,0.371
12,18,37,6.4051e+05,0.106,-0.132
12,18,37,6.4055e+05,0.342,-0.114
12,18,37,6.4058e+05,0.186,-0.276
12,18,37,6.4062e+05,0.192,-0.085
12,18,37,6.4066e+05,0.025,0.143
12,18,37,6.407e+05,0.067,0.038
12,18,37,6.4074e+05,0.171,-0.167
12,18,37,6.4078e+05,-0.059,0.038
12,18,37,6.4082e+05,0.064,-0.064
12,18,37,6.4086e+05,-0.086,0.363
12,18,37,6.409e+05,0.142,-0.187
12,18,37,6.4094e+05,-0.169,0.184
12,18,37,6.4098e+05,-0.147,-0.038
12,18,37,6.4102e+05,-0.107,-0.266
12,18,37,6.4105e+05,0.064,0.168
12,18,37,6.4109e+05,0.075,-0.441
12,18,37,6.4113e+05,0.059,0.112
12,18,37,6.4117e+05,0.309,-0.194
12,18,37,6.4121e+05,0.101,0.064
12,18,37,6.4125e+05,0.355,0.101
12,18,37,6.4129e+05,0.543,-0.415
12,18,37,6.4133e+05,0.415,0.441
12,18,37,6.4137e+05,0.695,-0.515
12,18,37,6.4141e+05,0.325,-0.121
12,18,37,6.4144e+05,0.167,0.162
12,18,37,6.4148e+05,0.49,-0.211
12,18,37,6.4152e+05,-0.124,0.243
12,18,37,6.4156e+05,-0.241,0.187
12,18,37,6.416e+05,-0.218,0.055
12,18,37,6.4164e+05,0.454,-0.472
12,18,37,6.4168e+05,0.236,-0.236
12,18,37,6.4172e+05,-0.274,0.168
12,18,37,6.4176e+05,-0.329,-0.288
12,18,37,6.418e+05,-0.118,-0.066
12,18,37,6.4184e+05,-0.035,0.277
12,18,37,6.4187e+05,-0.256,-0.044
12,18,37,6.4191e+05,-0.052,0.063
12,18,37,6.4195e+05,0.486,-0.192
12,18,37,6.4199e+05,0.555,-0.147
12,18,37,6.4203e+05,0.621,0.064
12,18,37,6.4207e+05,0.274,-0.356
12,18,37,6.4211e+05,-0.023,0.13
12,18,37,6.4215e+05,0.288,0.481
12,18,37,6.4219e+05,0.383,0.155
12,18,37,6.4223e+05,0.396,-0.171
12,18,37,6.4226e+05,0.223,0.459
12,18,37,6.423e+05,0.344,-0.576
12,18,37,6.4234e+05,-0.03,0.315
12,18,37,6.4238e+05,0.038,-0.019
12,18,37,6.4242e+05,-0.403,0.256
12,18,37,6.4246e+05,-0.149,0.174
12,18,37,6.425e+05,0.162,-0.334
12,18,37,6.4254e+05,0.351,-0.009
12,18,37,6.4258e+05,0.051,-0.378
12,18,37,6.4262e+05,-0.624,0.529
12,18,37,6.4266e+05,-0.391,-0.1
12,18,37,6.427e+05,-0.101,0.564
12,18,37,6.4273e+05,0.365,0.094
12,18,37,6.4277e+05,0.08,0.273
12,18,37,6.4281e+05,0.148,-0.221
12,18,37,6.4285e+05,0.231,-0.23
12,18,37,6.4289e+05,0.493,-0.039
12,18,37,6.4293e+05,0.087,0.32
12,18,37,6.4297e+05,0.035,0.213
12,18,37,6.4301e+05,0.034,-0.253
12,18,37,6.4305e+05,0.309,0.62
12,18,37,6.4308e+05,0.474,-0.772
12,18,37,6.4312e+05,0.111,-0.093
12,18,37,6.4316e+05,-0.175,0.279
12,18,37,6.432e+05,-0.083,-0.006
12,18,37,6.4324e+05,-0.118,0.319
12,18,37,6.4328e+05,-0.027,-0.494
12,18,37,6.4332e+05,-0.111,0.245
12,18,37,6.4336e+05,-0.354,0.308
12,18,37,6.434e+05,-0.016,-0.189
12,18,37,6.4344e+05,-0.184,0.239
12,18,37,6.4348e+05,0.11,-0.366
12,18,37,6.4352e+05,-0.371,0.762
12,18,37,6.4355e+05,0.108,-0.26
12,18,37,6.4359e+05,0.279,0.126
12,18,37,6.4363e+05,0.228,0.263
12,18,37,6.4367e+05,-0.021,-0.291
12,18,37,6.4371e+05,0.194,0.331
12,18,37,6.4375e+05,0.046,-0.139
12,18,37,6.4379e+05,0.347,0.613
12,18,37,6.4383e+05,0.307,0.04
12,18,37,6.4387e+05,0.03,0.011
12,18,37,6.4391e+05,0.082,-0.379
12,18,37,6.4394e+05,-0.507,0.611
12,18,37,6.4398e+05,-0.396,-0.208
12,18,37,6.4402e+05,-0.428,0.371
12,18,37,6.4406e+05,-0.198,0.337
12,18,37,6.441e+05,-0.197,-0.172
12,18,37,6.4414e+05,-0.135,-0.012
12,18,37,6.4418e+05,-0.277,-0.192
12,18,37,6.4422e+05,-0.229,0.281
12,18,37,6.4426e+05,-0.527,0.29
12,18,37,6.443e+05,-0.337,0.094
12,18,37,6.4434e+05,-0.024,-0.058
12,18,37,6.4437e+05,0.156,0.341
12,18,37,6.4441e+05,0.163,-0.003
12,18,37,6.4445e+05,0.038,-0.058
12,18,37,6.4449e+05,0.059,0.08
12,18,37,6.4453e+05,0.16,-0.191
12,18,37,6.4457e+05,-0.178,0.871
12,18,37,6.4461e+05,-0.259,0.025
12,18,37,6.4465e+05,-0.056,-0.398
12,18,37,6.4469e+05,-0.19,0.478
12,18,37,6.4473e+05,-0.203,-0.114
12,18,37,6.4476e+05,-0.445,-0.114
12,18,37,6.448e+05,-0.721,0.619
12,18,37,6.4484e+05,-0.377,-0.283
12,18,37,6.4488e+05,-0.534,0.585
12,18,37,6.4492e+05,-0.251,-0.092
12,18,37,6.4496e+05,-0.257,-0.396
12,18,37,6.45e+05,-0.34,0.296
12,18,37,6.4504e+05,0.112,-0.54
12,18,37,6.4508e+05,-0.111,0.447
12,18,37,6.4512e+05,-0.046,0.166
12,18,37,6.4516e+05,0.131,-0.182
12,18,37,6.452e+05,0.318,0.293
12,18,37,6.4523e+05,0.267,-0.308
12,18,37,6.4527e+05,-0.152,0.19
12,18,37,6.4531e+05,-0.34,0.432
12,18,37,6.4535e+05,-0.376,-0.007
12,18,37,6.4539e+05,-0.233,0.071
12,18,37,6.4543e+05,-0,-0.216
12,18,37,6.4547e+05,-0.119,0.168
12,18,37,6.4551e+05,0.188,-0.131
12,18,37,6.4555e+05,-0.083,-0.166
12,18,37,6.4558e+05,-0.294,0.388
12,18,37,6.4562e+05,-0.163,-0.176
12,18,37,6.4566e+05,-0.362,0.613
12,18,37,6.457e+05,0.062,-0.584
12,18,37,6.4574e+05,-0.34,0.072
12,18,37,6.4578e+05,-0.017,-0.137
12,18,37,6.4582e+05,0.04,-0.131
12,18,37,6.4586e+05,-0.194,0.401
12,18,37,6.459e+05,-0.184,-0.152
12,18,37,6.4594e+05,-0.155,0.487
12,18,37,6.4598e+05,0.099,-0.285
12,18,37,6.4602e+05,-0.105,-0.218
12,18,37,6.4605e+05,-0.04,0.074
12,18,37,6.4609e+05,-0.052,-0.287
12,18,37,6.4613e+05,-0.143,0.418
12,18,37,6.4617e+05,0.058,-0.315
12,18,37,6.4621e+05,-0.197,-0.166
12,18,37,6.4625e+05,-0.068,0.21
12,18,37,6.4629e+05,-0.189,-0.039
12,18,37,6.4633e+05,-0.109,0.21
12,18,37,6.4637e+05,-0.16,-0.099
12,18,37,6.4641e+05,-0.13,-0.157
12,18,37,6.4644e+05,-0.231,0.232
12,18,37,6.4648e+05,0.061,-0.218
12,18,37,6.4652e+05,0.136,-0.06
12,18,37,6.4656e+05,-0.123,-0.007
12,18,37,6.466e+05,-0.565,-0.161
12,18,37,6.4664e+05,-0.317,-0.071
12,18,37,6.4668e+05,0.085,0.081
12,18,37,6.4672e+05,-0.036,0.405
12,18,37,6.4676e+05,0.169,-0.083
12,18,37,6.468e+05,-0.074,-0.451
12,18,37,6.4684e+05,-0.032,-0.079
12,18,37,6.4687e+05,-0.059,0.233
12,18,37,6.4691e+05,-0.008,0.02
12,18,37,6.4695e+05,-0.256,0.036
12,18,37,6.4699e+05,-0.329,-0.004
12,18,37,6.4703e+05,0.133,0.029
12,18,37,6.4707e+05,0.536,-0.197
12,18,37,6.4711e+05,0.076,-0.002
12,18,37,6.4715e+05,-0.128,0.038
12,18,37,6.4719e+05,-0.378,0.055
12,18,37,6.4723e+05,-0.155,-0.019
12,18,37,6.4726e+05,0.098,0.119
12,18,37,6.473e+05,-0.033,0.024
12,18,37,6.4734e+05,0.158,-0.061
12,18,37,6.4738e+05,0.021,0.105
12,18,37,6.4742e+05,0.043,-0.161
12,18,37,6.4746e+05,0.038,-0.068
12,18,37,6.475e+05,-0.261,0.253
12,18,37,6.4754e+05,-0.153,-0.396
12,18,37,6.4758e+05,-0.279,0.087
12,18,37,6.4762e+05,-0.126,-0.202
12,18,37,6.4766e+05,0.015,0.212
12,18,37,6.477e+05,0.098,0.04
12,18,37,6.4773e+05,0.162,-0.242
12,18,37,6.4777e+05,-0.027,0.344
12,18,37,6.4781e+05,-0.116,-0.604
12,18,37,6.4785e+05,0.048,0.195
12,18,37,6.4789e+05,-0.102,0.255
12,18,37,6.4793e+05,-0.109,-0.023
12,18,37,6.4797e+05,0.19,-0.211
12,18,37,6.4801e+05,0.186,0.237
12,18,37,6.4805e+05,0.369,-0.763
12,18,37,6.4808e+05,-0.018,0.283
12,18,37,6.4812e+05,0.082,0.097
12,18,37,6.4816e+05,-0.118,-0.062
12,18,37,6.482e+05,-0.116,0.17
12,18,37,6.4824e+05,0.174,-0.208
12,18,37,6.4828e+05,0.109,0.038
12,18,37,6.4832e+05,0.373,-0.139
12,18,37,6.4836e+05,0.276,0.207
12,18,37,6.484e+05,0.316,-0.188
12,18,37,6.4844e+05,-0.04,0.057
12,18,37,6.4848e+05,-0.351,0.27
12,18,37,6.4852e+05,-0.346,0.124
12,18,37,6.4855e+05,-0.419,-0.313
12,18,37,6.4859e+05,-0.391,0.201
12,18,37,6.4863e+05,-0.479,-0.068
12,18,37,6.4867e+05,-0.386,-0.117
12,18,37,6.4871e+05,0.012,0.204
12,18,37,6.4875e+05,-0.143,-0.048
12,18,37,6.4879e+05,0.065,0.286
12,18,37,6.4883e+05,0.218,-0.383
12,18,37,6.4887e+05,0.125,-0.032
12,18,37,6.4891e+05,0.395,-0.402
12,18,37,6.4894e+05,0.197,0.008
12,18,37,6.4898e+05,0.06,0.009
12,18,37,6.4902e+05,0.334,0.128
12,18,37,6.4906e+05,0.343,-0.119
12,18,37,6.491e+05,0.364,0.063
12,18,37,6.4914e+05,0.022,0.084
12,18,37,6.4918e+05,-0.361,-0.629
12,18,37,6.4922e+05,-0.388,0.479
12,18,37,6.4926e+05,0.157,-0.251
12,18,37,6.493e+05,-0.053,0.07
12,18,37,6.4934e+05,-0.365,-0.009
12,18,37,6.4937e+05,-0.455,-0.168
12,18,37,6.4941e+05,0.001,-0.003
12,18,37,6.4945e+05,-0.28,0.376
12,18,37,6.4949e+05,-0.212,0.03
12,18,37,6.4953e+05,-0.527,0.36
12,18,37,6.4957e+05,0.021,-0.112
12,18,37,6.4961e+05,0.726,-0.292
12,18,37,6.4965e+05,0.266,0.623
12,18,37,6.4969e+05,0.432,-0.564
12,18,37,6.4973e+05,-0.154,0.445
12,18,37,6.4976e+05,0.439,-0.278
12,18,37,6.498e+05,0.196,0.294
12,18,37,6.4984e+05,0.14,0.298
12,18,37,6.4988e+05,-0.036,-0.245
12,18,37,6.4992e+05,0.067,-0.077
12,18,37,6.4996e+05,0.287,-0.084
12,18,37,6.5e+05,0.002,-0.181
12,18,37,6.5004e+05,-0.46,-0.351
12,18,37,6.5008e+05,-0.446,-0.29
12,18,37,6.5012e+05,-0.48,0.046
12,18,37,6.5016e+05,-0.52,0.404
12,18,37,6.502e+05,-0.223,0.066
12,18,37,6.5023e+05,-0.379,0.205
12,18,37,6.5027e+05,-0.191,0.061
12,18,37,6.5031e+05,-0.055,-0.217
12,18,37,6.5035e+05,0.076,-0.283
12,18,37,6.5039e+05,-0.164,0.201
12,18,37,6.5043e+05,0.03,0.412
12,18,37,6.5047e+05,0.199,0.306
12,18,37,6.5051e+05,0.399,0.019
12,18,37,6.5055e+05,0.188,0.04
12,18,37,6.5058e+05,-0.035,0.603
12,18,37,6.5062e+05,0.252,-0.212
12,18,37,6.5066e+05,0.011,0.24
12,18,37,6.507e+05,0.321,-0.36
12,18,37,6.5074e+05,-0.36,-0.051
12,18,37,6.5078e+05,-0.069,0.135
12,18,37,6.5082e+05,-0.067,-0.3
12,18,37,6.5086e+05,-0.107,-0.089
12,18,37,6.509e+05,-0.55,0.133
12,18,37,6.5094e+05,-0.43,0.331
12,18,37,6.5098e+05,-0.283,-0.401
12,18,37,6.5102e+05,-0.149,0.303
12,18,37,6.5105e+05,0.075,-0.165
12,18,37,6.5109e+05,-0.096,-0.275
12,18,37,6.5113e+05,-0.014,-0.033
12,18,37,6.5117e+05,-0.328,0.662
12,18,37,6.5121e+05,-0.037,-0.004
12,18,37,6.5125e+05,-0.379,0.252
12,18,37,6.5129e+05,0.078,0.044
12,18,37,6.5133e+05,-0.021,0.354
12,18,37,6.5137e+05,0.14,0.033
12,18,37,6.5141e+05,-0.002,-0.327
12,18,37,6.5144e+05,-0.008,0.03
12,18,37,6.5148e+05,0.126,-0.474
12,18,37,6.5152e+05,-0.067,0.372
12,18,37,6.5156e+05,-0.052,0.327
12,18,37,6.516e+05,-0.137,-0.282
12,18,37,6.5164e+05,-0.262,0.19
12,18,37,6.5168e+05,-0.021,0.439
12,18,37,6.5172e+05,-0.159,-0.303
12,18,37,6.5176e+05,-0.319,0.118
12,18,37,6.518e+05,-0.021,-0.326
12,18,37,6.5184e+05,-0.294,0.532
12,18,37,6.5187e+05,0.452,-0.342
12,18,37,6.5191e+05,-0.236,0.22
12,18,37,6.5195e+05,-0.144,0.325
12,18,37,6.5199e+05,-0.114,-0.19
12,18,37,6.5203e+05,-0.229,0.307
12,18,37,6.5207e+05,-0.038,-0.256
12,18,37,6.5211e+05,-0.4,0.561
12,18,37,6.5215e+05,0.159,-0.23
12,18,37,6.5219e+05,0.217,-0.187
12,18,37,6.5223e+05,0.076,-0.151
12,18,37,6.5226e+05,-0.178,-0.035
12,18,37,6.523e+05,-0.322,0.271
12,18,37,6.5234e+05,-0.387,0.233
12,18,37,6.5238e+05,0.217,-0.09
12,18,37,6.5242e+05,-0.083,0.226
12,18,37,6.5246e+05,0.155,-0.212
12,18,37,6.525e+05,-0.045,-0.121
12,18,37,6.5254e+05,-0.091,0.159
12,18,37,6.5258e+05,-0.054,-0.206
12,18,37,6.5262e+05,-0.443,0.655
12,18,37,6.5266e+05,-0.081,-0.107
12,18,37,6.527e+05,-0.348,0.496
12,18,37,6.5273e+05,0.362,-0.389
12,18,37,6.5277e+05,-0.058,-0.112
12,18,37,6.5281e+05,-0.134,0.337
12,18,37,6.5285e+05,-0.139,-0.243
12,18,37,6.5289e+05,-0.218,0.386
12,18,37,6.5293e+05,0.201,-0.597
12,18,37,6.5297e+05,0.232,0.144
12,18,37,6.5301e+05,0.074,-0.077
12,18,37,6.5305e+05,0.039,-0.383
12,18,37,6.5308e+05,-0.081,-0.068
12,18,37,6.5312e+05,-0.031,-0.009
12,18,37,6.5316e+05,-0.175,0.267
12,18,37,6.532e+05,-0.343,-0.035
12,18,37,6.5324e+05,-0.008,-0.165
12,18,37,6.5328e+05,0.117,-0.024
12,18,37,6.5332e+05,0.587,-0.279
12,18,37,6.5336e+05,-0.017,0.21
12,18,37,6.534e+05,0.16,-0.191
12,18,37,6.5344e+05,-0.062,-0.026
12,18,37,6.5348e+05,0.005,0.23
12,18,37,6.5352e+05,0.016,0.196
12,18,37,6.5355e+05,-0.071,0.252
12,18,37,6.5359e+05,-0.103,-0.092
12,18,37,6.5363e+05,0.021,-0.031
12,18,37,6.5367e+05,0.119,-0.317
12,18,37,6.5371e+05,-0.167,-0.1
12,18,37,6.5375e+05,-0.338,0.009
12,18,37,6.5379e+05,-0.306,-0.034
12,18,37,6.5383e+05,0.239,-0.156
12,18,37,6.5387e+05,0.066,-0.387
12,18,37,6.5391e+05,-0.074,0.388
12,18,37,6.5394e+05,-0.317,0.138
12,18,37,6.5398e+05,0.054,-0.207
12,18,37,6.5402e+05,0.169,-0.063
12,18,37,6.5406e+05,0.127,-0.126
12,18,37,6.541e+05,0.1,-0.15
12,18,37,6.5414e+05,-0.068,0.123
12,18,37,6.5418e+05,0.058,-0.22
12,18,37,6.5422e+05,0.038,0.083
12,18,37,6.5426e+05,0.028,0.143
12,18,37,6.543e+05,0.128,-0.364
12,18,37,6.5434e+05,0.105,0.197
12,18,37,6.5437e+05,0.252,-0.227
12,18,37,6.5441e+05,0.209,-0.101
12,18,37,6.5445e+05,0.253,-0.431
12,18,37,6.5449e+05,0.126,0.031
12,18,37,6.5453e+05,-0.206,0.208
12,18,37,6.5457e+05,0.038,-0.463
12,18,37,6.5461e+05,-0.045,-0.201
12,18,37,6.5465e+05,-0.148,0.243
12,18,37,6.5469e+05,0.09,0.362
12,18,37,6.5473e+05,0.103,-0.172
12,18,37,6.5476e+05,0.178,-0.251
12,18,37,6.548e+05,0.064,0.054
12,18,37,6.5484e+05,-0.21,0.3
12,18,37,6.5488e+05,0.179,-0.06
12,18,37,6.5492e+05,0.091,0.173
12,18,37,6.5496e+05,0.297,-0.018
12,18,37,6.55e+05,0.224,0.238
12,18,37,6.5504e+05,0.327,0.22
12,18,37,6.5508e+05,0.265,-0.664
12,18,37,6.5512e+05,-0.287,0.672
12,18,37,6.5516e+05,-0.129,-0.478
12,18,37,6.552e+05,-0.364,0.441
12,18,37,6.5523e+05,-0.238,0.165
12,18,37,6.5527e+05,-0.063,-0.055
12,18,37,6.5531e+05,0.126,-0.191
12,18,37,6.5535e+05,0.075,-0.195
12,18,37,6.5539e+05,-0.121,-0.155
12,18,37,6.5543e+05,-0.407,-0.176
12,18,37,6.5547e+05,-0.1,0.421
12,18,37,6.5551e+05,0.252,0.132
12,18,37,6.5555e+05,0.336,-0.132
12,18,37,6.5558e+05,0.054,-0.178
12,18,37,6.5562e+05,-0.002,-0.003
12,18,37,6.5566e+05,0.161,0.288
12,18,37,6.557e+05,0.504,-0.302
12,18,37,6.5574e+05,-0.015,0.271
12,18,37,6.5578e+05,-0.193,0.403
12,18,37,6.5582e+05,0.147,-0.306
12,18,37,6.5586e+05,0.275,-0.048
12,18,37,6.559e+05,0.242,0.334
12,18,37,6.5594e+05,-0.384,-0.024
12,18,37,6.5598e+05,-0.67,0.018
12,18,37,6.5602e+05,-0.15,-0.298
12,18,37,6.5605e+05,-0.129,0.07
12,18,37,6.5609e+05,0.105,-0.062
12,18,37,6.5613e+05,-0.177,-0.166
12,18,37,6.5617e+05,-0.314,0.049
12,18,37,6.5621e+05,0.209,-0.358
12,18,37,6.5625e+05,0.015,0.465
12,18,37,6.5629e+05,0.192,0.196
12,18,37,6.5633e+05,-0.164,0.092
12,18,37,6.5637e+05,0.116,0.019
12,18,37,6.5641e+05,0.824,-0.177
12,18,37,6.5644e+05,0.513,-0.01
12,18,37,6.5648e+05,-0.114,0.074
12,18,37,6.5652e+05,-0.232,0.184
12,18,37,6.5656e+05,0.069,-0.147
12,18,37,6.566e+05,0.326,-0.064
12,18,37,6.5664e+05,-0.075,0.441
12,18,37,6.5668e+05,-0.177,-0.14
12,18,37,6.5672e+05,-0.042,-0.342
12,18,37,6.5676e+05,0.165,-0.081
12,18,37,6.568e+05,-0.195,-0.213
12,18,37,6.5684e+05,-0.493,-0.036
12,18,37,6.5687e+05,-0.202,0.309
12,18,37,6.5691e+05,0.184,0.092
12,18,37,6.5695e+05,0.373,0.038
12,18,37,6.5699e+05,0.352,-0.081
12,18,37,6.5703e+05,0.12,-0.052
12,18,37,6.5707e+05,0.36,-0.043
12,18,37,6.5711e+05,0.167,-0.111
12,18,37,6.5715e+05,-0.068,0.303
12,18,37,6.5719e+05,-0.182,0.067
12,18,37,6.5723e+05,-0.488,-0.003
12,18,37,6.5726e+05,-0.071,0.288
12,18,37,6.573e+05,0.177,-0.248
12,18,37,6.5734e+05,-0.196,0.108
12,18,37,6.5738e+05,-0.405,0.139
12,18,37,6.5742e+05,-0.272,-0.101
12,18,37,6.5746e+05,0.101,0.092
12,18,37,6.575e+05,0.374,-0.168
12,18,37,6.5754e+05,-0.002,-0.15
12,18,37,6.5758e+05,-0.076,-0.204
12,18,37,6.5762e+05,0.168,0.157
12,18,37,6.5766e+05,0.413,0.357
12,18,37,6.577e+05,0.273,0.016
12,18,37,6.5773e+05,-0.082,0.036
12,18,37,6.5777e+05,-0.376,0.381
12,18,37,6.5781e+05,-0.012,-0.122
12,18,37,6.5785e+05,0.013,-0.197
12,18,37,6.5789e+05,-0.196,0.286
12,18,37,6.5793e+05,-0.629,0.078
12,18,37,6.5797e+05,-0.371,0.05
12,18,37,6.5801e+05,-0.256,-0.269
12,18,37,6.5805e+05,-0.312,0.263
12,18,37,6.5808e+05,-0.301,-0.077
12,18,37,6.5812e+05,-0.499,0.031
12,18,37,6.5816e+05,0.011,-0.155
12,18,37,6.582e+05,0.117,-0.114
12,18,37,6.5824e+05,0.545,0.084
12,18,37,6.5828e+05,0.59,0.078
12,18,37,6.5832e+05,0.463,-0.067
12,18,37,6.5836e+05,0.873,-0.05
12,18,37,6.584e+05,0.521,-0.072
12,18,37,6.5844e+05,0.336,-0.126
12,18,37,6.5848e+05,0.01,0.247
12,18,37,6.5852e+05,-0.242,0.072
12,18,37,6.5855e+05,-0.445,-0.111
12,18,37,6.5859e+05,-0.63,0.019
12,18,37,6.5863e+05,-0.617,-0.23
12,18,37,6.5867e+05,-0.652,0.213
12,18,37,6.5871e+05,-0.453,-0.173
12,18,37,6.5875e+05,-0.615,0.087
12,18,37,6.5879e+05,-0.262,-0.38
12,18,37,6.5883e+05,-0.11,0.282
12,18,37,6.5887e+05,0.242,-0.024
12,18,37,6.5891e+05,0.102,-0.102
12,18,37,6.5894e+05,0.25,0.209
12,18,37,6.5898e+05,0.31,-0.109
12,18,37,6.5902e+05,0.292,0.608
12,18,37,6.5906e+05,0.428,-0.237
12,18,37,6.591e+05,0.24,-0.057
12,18,37,6.5914e+05,0.206,0.181
12,18,37,6.5918e+05,0.128,-0.318
12,18,37,6.5922e+05,-0.133,0.14
12,18,37,6.5926e+05,-0.061,0.172
12,18,37,6.593e+05,-0.201,-0.321
12,18,37,6.5934e+05,-0.297,0.191
12,18,37,6.5937e+05,-0.15,-0.304
12,18,37,6.5941e+05,-0.322,-0.136
12,18,37,6.5945e+05,-0.103,-0.24
12,18,37,6.5949e+05,-0.142,0.072
12,18,37,6.5953e+05,-0.135,0.364
12,18,37,6.5957e+05,-0.04,-0.366
12,18,37,6.5961e+05,-0.379,0.085
12,18,37,6.5965e+05,-0.199,0.442
12,18,37,6.5969e+05,0.351,-0.555
12,18,37,6.5973e+05,0.028,0.42
12,18,37,6.5976e+05,0.269,-0.339
12,18,37,6.598e+05,-0.075,-0.237
12,18,37,6.5984e+05,0.27,-0.168
12,18,37,6.5988e+05,0.246,-0.451
12,18,37,6.5992e+05,-0.148,0.655
12,18,37,6.5996e+05,-0.152,-0.396
12,18,37,6.6e+05,-0.385,0.613
12,18,37,6.6004e+05,0.316,-0.195
12,18,37,6.6008e+05,0.247,-0.048
12,18,37,6.6012e+05,0.111,0.157
12,18,37,6.6016e+05,0.12,-0.449
12,18,37,6.602e+05,-0.039,0.312
12,18,37,6.6023e+05,0.168,-0.304
12,18,37,6.6027e+05,-0.072,0.351
12,18,37,6.6031e+05,0.012,-0.059
12,18,37,6.6035e+05,0.101,0.019
12,18,37,6.6039e+05,0.34,-0.169
12,18,37,6.6043e+05,-0.076,-0.191
12,18,37,6.6047e+05,-0.15,-0.09
12,18,37,6.6051e+05,-0.1,-0.262
12,18,37,6.6055e+05,0.247,0.051
12,18,37,6.6058e+05,0.103,0.243
12,18,37,6.6062e+05,0.03,-0.182
12,18,37,6.6066e+05,-0.297,-0.147
12,18,37,6.607e+05,0.068,-0.078
12,18,37,6.6074e+05,0.344,-0.095
12,18,37,6.6078e+05,0.338,0.134
12,18,37,6.6082e+05,0.44,-0.243
12,18,37,6.6086e+05,0.263,-0.174
12,18,37,6.609e+05,0.531,-0.543
12,18,37,6.6094e+05,0.461,-0.04
12,18,37,6.6098e+05,0.31,0.492
12,18,37,6.6102e+05,0.358,0.047
12,18,37,6.6105e+05,0.003,0.089
12,18,37,6.6109e+05,-0.022,-0.09
12,18,37,6.6113e+05,-0.025,-0.377
12,18,37,6.6117e+05,-0.07,0.13
12,18,37,6.6121e+05,-0.373,-0.324
12,18,37,6.6125e+05,-0.533,-0.067
12,18,37,6.6129e+05,-0.254,-0.314
12,18,37,6.6133e+05,-0.19,0.076
12,18,37,6.6137e+05,0.053,-0.177
12,18,37,6.6141e+05,-0.131,-0.078
12,18,37,6.6144e+05,0.062,0.099
12,18,37,6.6148e+05,0.278,-0.239
12,18,37,6.6152e+05,0.171,0.363
12,18,37,6.6156e+05,0.259,-0.044
12,18,37,6.616e+05,0.291,0.166
12,18,37,6.6164e+05,0.547,-0.427
12,18,37,6.6168e+05,0.615,-0.178
12,18,37,6.6172e+05,0.524,0.064
12,18,37,6.6176e+05,0.353,-0.149
12,18,37,6.618e+05,0.073,0.071
12,18,37,6.6184e+05,-0.048,-0.337
12,18,37,6.6187e+05,-0.19,0.232
12,18,37,6.6191e+05,-0.146,-0.519
12,18,37,6.6195e+05,-0.173,-0.21
12,18,37,6.6199e+05,-0.475,-0.085
12,18,37,6.6203e+05,-0.738,0.077
12,18,37,6.6207e+05,-0.412,-0.056
12,18,37,6.6211e+05,-0.329,0.326
12,18,37,6.6215e+05,-0.055,-0.134
12,18,37,6.6219e+05,0.206,-0.168
12,18,37,6.6223e+05,0.203,-0.033
12,18,37,6.6226e+05,0.327,-0.314
12,18,37,6.623e+05,0.512,0.166
12,18,37,6.6234e+05,0.384,-0.285
12,18,37,6.6238e+05,0.424,0.057
12,18,37,6.6242e+05,0.662,0.175
12,18,37,6.6246e+05,0.498,-0.301
12,18,37,6.625e+05,0.016,-0.057
12,18,37,6.6254e+05,-0.067,0.017
12,18,37,6.6258e+05,-0.417,0.307
12,18,37,6.6262e+05,0.032,0.191
12,18,37,6.6266e+05,-0.3,0.402
12,18,37,6.627e+05,-0.541,-0.208
12,18,37,6.6273e+05,-0.485,-0.06
12,18,37,6.6277e+05,-0.057,-0.17
12,18,37,6.6281e+05,-0.409,-0.169
12,18,37,6.6285e+05,-0.568,0.461
12,18,37,6.6289e+05,-0.396,-0.137
12,18,37,6.6293e+05,-0.464,0.032
12,18,37,6.6297e+05,-0.003,0.103
12,18,37,6.6301e+05,-0.053,0.295
12,18,37,6.6305e+05,-0.082,-0.248
12,18,37,6.6308e+05,-0.081,-0.044
12,18,37,6.6312e+05,0.02,0.379
12,18,37,6.6316e+05,-0.009,-0.146
12,18,37,6.632e+05,0.018,0.403
12,18,37,6.6324e+05,0.342,-0.382
12,18,37,6.6328e+05,0.092,0.003
12,18,37,6.6332e+05,0.197,0.489
12,18,37,6.6336e+05,0.201,-0.213
12,18,37,6.634e+05,0.062,0.062
12,18,37,6.6344e+05,0.186,-0.237
12,18,37,6.6348e+05,-0.246,0.576
12,18,37,6.6352e+05,-0.263,-0.024
12,18,37,6.6355e+05,-0.176,0.072
12,18,37,6.6359e+05,-0.299,0.041
12,18,37,6.6363e+05,-0.124,0.044
12,18,37,6.6367e+05,-0.386,0.179
12,18,37,6.6371e+05,-0.322,0.17
12,18,37,6.6375e+05,-0.162,0.059
12,18,37,6.6379e+05,-0.24,0.099
12,18,37,6.6383e+05,0.09,-0.255
12,18,37,6.6387e+05,-0.125,-0.035
12,18,37,6.6391e+05,-0.043,0.162
12,18,37,6.6394e+05,0.135,0.019
12,18,37,6.6398e+05,0.321,0.266
12,18,37,6.6402e+05,0.259,0.263
12,18,37,6.6406e+05,0.036,-0.148
12,18,37,6.641e+05,-0.126,-0.073
12,18,37,6.6414e+05,0.039,0.157
12,18,37,6.6418e+05,-0.218,0.352
12,18,37,6.6422e+05,-0.123,0.048
12,18,37,6.6426e+05,-0.074,-0.171
12,18,37,6.643e+05,0.077,-0.352
12,18,37,6.6434e+05,0.054,0.287
12,18,37,6.6437e+05,0.03,-0.065
12,18,37,6.6441e+05,-0.431,-0.004
12,18,37,6.6445e+05,-0.251,0.241
12,18,37,6.6449e+05,0.054,-0.322
12,18,37,6.6453e+05,-0.037,-0.103
12,18,37,6.6457e+05,0.039,0.112
12,18,37,6.6461e+05,-0.049,0.064
12,18,37,6.6465e+05,0.219,-0.176
12,18,37,6.6469e+05,0.4,-0.339
12,18,37,6.6473e+05,0.017,0.136
12,18,37,6.6476e+05,-0.056,0.124
12,18,37,6.648e+05,0.13,0.136
12,18,37,6.6484e+05,0.235,0.073
12,18,37,6.6488e+05,0.331,-0.12
12,18,37,6.6492e+05,0.096,0.166
12,18,37,6.6496e+05,0.019,-0.502
12,18,37,6.65e+05,-0.087,0.449
12,18,37,6.6504e+05,0.134,-0.108
12,18,37,6.6508e+05,0.051,-0.288
12,18,37,6.6512e+05,-0.036,0.421
12,18,37,6.6516e+05,0.021,-0.39
12,18,37,6.652e+05,-0.235,0.131
12,18,37,6.6523e+05,-0.137,0.152
12,18,37,6.6527e+05,-0.189,-0.176
12,18,37,6.6531e+05,-0.222,0.358
12,18,37,6.6535e+05,-0.028,-0.274
12,18,37,6.6539e+05,0.041,0.137
12,18,37,6.6543e+05,0.242,-0.309
12,18,37,6.6547e+05,-0.211,0.183
12,18,37,6.6551e+05,-0.126,0.14
12,18,37,6.6555e+05,-0.174,0.01
12,18,37,6.6558e+05,0.35,0.46
12,18,37,6.6562e+05,0.819,-0.596
12,18,37,6.6566e+05,0.29,0.305
12,18,37,6.657e+05,0.508,-0.47
12,18,37,6.6574e+05,0.092,-0.041
12,18,37,6.6578e+05,0.335,0.004
12,18,37,6.6582e+05,-0.041,0.241
12,18,37,6.6586e+05,-0.02,0.191
12,18,37,6.659e+05,0.134,-0.288
12,18,37,6.6594e+05,-0.05,0.354
12,18,37,6.6598e+05,0.105,-0.717
12,18,37,6.6602e+05,-0.523,0.342
12,18,37,6.6605e+05,-0.18,0.187
12,18,37,6.6609e+05,-0.328,-0.131
12,18,37,6.6613e+05,-0.237,0.332
12,18,37,6.6617e+05,0.188,-0.741
12,18,37,6.6621e+05,-0.055,0.296
12,18,37,6.6625e+05,0.327,-0.308
12,18,37,6.6629e+05,0.157,0.009
12,18,37,6.6633e+05,0.141,-0.01
12,18,37,6.6637e+05,0.215,-0.199
12,18,37,6.6641e+05,0.185,0.046
12,18,37,6.6644e+05,0.118,-0.28
12,18,37,6.6648e+05,-0.042,0.011
12,18,37,6.6652e+05,-0.186,0.094
12,18,37,6.6656e+05,0.018,0.275
12,18,37,6.666e+05,0.01,-0.064
12,18,37,6.6664e+05,0.2,0.105
12,18,37,6.6668e+05,0.159,-0.111
12,18,37,6.6672e+05,0.246,0.186
12,18,37,6.6676e+05,0.404,0.083
12,18,37,6.668e+05,0.223,0.144
12,18,37,6.6684e+05,0.223,0.07
12,18,37,6.6687e+05,0.192,-0.147
12,18,37,6.6691e+05,-0.186,0.236
12,18,37,6.6695e+05,-0.094,-0.275
12,18,37,6.6699e+05,-0.74,-0.127
12,18,37,6.6703e+05,-0.465,-0.178
12,18,37,6.6707e+05,-0.73,-0.301
12,18,37,6.6711e+05,-0.312,0.463
12,18,37,6.6715e+05,-0.016,-0.685
12,18,37,6.6719e+05,-0.173,0.185
12,18,37,6.6723e+05,0.97,-0.69
12,18,37,6.6726e+05,0.495,0.266
12,18,37,6.673e+05,0.873,-0.031
12,18,37,6.6734e+05,0.577,-0.217
12,18,37,6.6738e+05,0.674,0.399
12,18,37,6.6742e+05,1.141,-0.29
12,18,37,6.6746e+05,0.697,0.291
12,18,37,6.675e+05,0.292,-0.069
12,18,37,6.6754e+05,0.128,-0.08
12,18,37,6.6758e+05,-0.102,0.258
12,18,37,6.6762e+05,0.058,-0.317
12,18,37,6.6766e+05,-0.65,0.683
12,18,37,6.677e+05,-0.342,-0.365
12,18,37,6.6773e+05,-0.408,-0.433
12,18,37,6.6777e+05,-0.36,0.426
12,18,37,6.6781e+05,-0.145,-0.71
12,18,37,6.6785e+05,-0.515,0.553
12,18,37,6.6789e+05,0.124,-0.056
12,18,37,6.6793e+05,0.205,0.002
12,18,37,6.6797e+05,0.591,-0.33
12,18,37,6.6801e+05,0.631,-0.266
12,18,37,6.6805e+05,0.256,0.415
12,18,37,6.6808e+05,0.232,0.01
12,18,37,6.6812e+05,0.415,0.049
12,18,37,6.6816e+05,0.309,0.035
12,18,37,6.682e+05,0.191,0.055
12,18,37,6.6824e+05,0.18,0.713
12,18,37,6.6828e+05,0.583,-0.205
12,18,37,6.6832e+05,0.599,-0.207
12,18,37,6.6836e+05,0.54,0.108
12,18,37,6.684e+05,0.4,-0.278
12,18,37,6.6844e+05,0.107,0.416
12,18,37,6.6848e+05,0.295,-0.471
12,18,37,6.6852e+05,0.045,0.093
12,18,37,6.6855e+05,-0.065,0.099
12,18,37,6.6859e+05,-0.141,-0.216
12,18,37,6.6863e+05,-0.737,0.18
12,18,37,6.6867e+05,-0.845,-0.279
12,18,37,6.6871e+05,-0.639,0.111
12,18,37,6.6875e+05,-0.47,0.484
12,18,37,6.6879e+05,-0.465,-0.144
12,18,37,6.6883e+05,-0.387,-0.272
12,18,37,6.6887e+05,-0.087,-0.069
12,18,37,6.6891e+05,0.544,0.294
12,18,37,6.6894e+05,0.555,0.223
12,18,37,6.6898e+05,0.788,-0.229
12,18,37,6.6902e+05,0.524,0.143
12,18,37,6.6906e+05,0.981,0.169
12,18,37,6.691e+05,0.899,-0.02
12,18,37,6.6914e+05,0.655,0.42
12,18,37,6.6918e+05,0.347,-0.071
12,18,37,6.6922e+05,0.112,0.163
12,18,37,6.6926e+05,0.105,-0.45
12,18,37,6.693e+05,-0.475,0.264
12,18,37,6.6934e+05,-0.342,0.247
12,18,37,6.6937e+05,-0.535,-0.043
12,18,37,6.6941e+05,-0.445,-0.156
12,18,37,6.6945e+05,-0.416,-0.051
12,18,37,6.6949e+05,-0.037,0.12
12,18,37,6.6953e+05,0.004,-0.165
12,18,37,6.6957e+05,0.086,0.239
12,18,37,6.6961e+05,0.318,-0.415
12,18,37,6.6965e+05,0.489,-0.005
12,18,37,6.6969e+05,0.406,-0.043
12,18,37,6.6973e+05,0.696,-0.01
12,18,37,6.6976e+05,0.178,0.117
12,18,37,6.698e+05,0.219,-0.039
12,18,37,6.6984e+05,-0.112,-0.022
12,18,37,6.6988e+05,-0.256,0.031
12,18,37,6.6992e+05,-0.148,0.022
12,18,37,6.6996e+05,-0.472,0.475
12,18,37,6.7e+05,-0.44,-0.436
12,18,37,6.7004e+05,-0.614,0.094
12,18,37,6.7008e+05,-0.412,0.167
12,18,37,6.7012e+05,-0.21,0.158
12,18,37,6.7016e+05,-0.323,0.096
12,18,37,6.702e+05,-0.121,-0.122
12,18,37,6.7023e+05,0.182,-0.217
12,18,37,6.7027e+05,0.107,0.234
12,18,37,6.7031e+05,0.019,0.37
12,18,37,6.7035e+05,-0.04,0.137
12,18,37,6.7039e+05,-0.027,0.258
12,18,37,6.7043e+05,0.112,0.151
12,18,37,6.7047e+05,0.008,0.103
12,18,37,6.7051e+05,-0.186,0.258
12,18,37,6.7055e+05,-0.081,-0.467
12,18,37,6.7058e+05,-0.41,0.253
12,18,37,6.7062e+05,-0.341,0.2
12,18,37,6.7066e+05,-0.214,-0.268
12,18,37,6.707e+05,0.006,-0.172
12,18,37,6.7074e+05,-0.147,0.038
12,18,37,6.7078e+05,-0.028,-0.095
12,18,37,6.7082e+05,-0.14,-0.089
12,18,37,6.7086e+05,-0.027,0.14
12,18,37,6.709e+05,-0.128,0.145
12,18,37,6.7094e+05,-0.072,0.149
12,18,37,6.7098e+05,0.272,-0.193
12,18,37,6.7102e+05,0.051,-0.024
12,18,37,6.7105e+05,-0.159,0.224
12,18,37,6.7109e+05,-0.056,-0.444
12,18,37,6.7113e+05,-0.447,0.621
12,18,37,6.7117e+05,0.147,-0.011
12,18,37,6.7121e+05,0.021,-0.404
12,18,37,6.7125e+05,-0.012,0.01
12,18,37,6.7129e+05,-0.049,-0.289
12,18,37,6.7133e+05,0.081,0.255
12,18,37,6.7137e+05,0.059,-0.353
12,18,37,6.7141e+05,-0.149,0.68
12,18,37,6.7144e+05,-0.029,-0.384
12,18,37,6.7148e+05,-0.109,0.177
12,18,37,6.7152e+05,0.129,0.311
12,18,37,6.7156e+05,0.266,0.001
12,18,37,6.716e+05,0.285,-0.038
12,18,37,6.7164e+05,-0.022,-0.198
12,18,37,6.7168e+05,-0.048,0.241
12,18,37,6.7172e+05,0.015,-0.071
12,18,37,6.7176e+05,0.075,0.137
12,18,37,6.718e+05,-0.046,-0.158
12,18,37,6.7184e+05,-0.049,0.048
12,18,37,6.7187e+05,-0.235,0.049
