11,36,7,9.6254e+05,-0.252,-0.16
11,36,7,9.6258e+05,-0.001,0.287
11,36,7,9.6262e+05,-0.858,-0.65
11,36,7,9.6266e+05,0.093,0.506
11,36,7,9.627e+05,-0.291,-0.527
11,36,7,9.6273e+05,0.274,0.337
11,36,7,9.6277e+05,-0.403,-0.335
11,36,7,9.6281e+05,-0.027,1.088
11,36,7,9.6285e+05,0.051,-1.394
11,36,7,9.6289e+05,0.103,0.641
11,36,7,9.6293e+05,0.197,-0.428
11,36,7,9.6297e+05,-0.462,0.072
11,36,7,9.6301e+05,0.023,0.201
11,36,7,9.6305e+05,-0.611,0.722
11,36,7,9.6308e+05,0.243,-1.308
11,36,7,9.6312e+05,-0.791,0.661
11,36,7,9.6316e+05,0.07,0.052
11,36,7,9.632e+05,-0.93,-0.049
11,36,7,9.6324e+05,0.552,-0.099
11,36,7,9.6328e+05,-1.088,0.088
11,36,7,9.6332e+05,0.686,-0.243
11,36,7,9.6336e+05,-1.332,0.674
11,36,7,9.634e+05,0.716,0.167
11,36,7,9.6344e+05,-0.585,-1.226
11,36,7,9.6348e+05,0.469,1.493
11,36,7,9.6352e+05,-0.544,-0.97
11,36,7,9.6355e+05,0.1,0.208
11,36,7,9.6359e+05,-0.212,0.155
11,36,7,9.6363e+05,0.289,-0.331
11,36,7,9.6367e+05,-0.102,-0.086
11,36,7,9.6371e+05,-0.009,0.437
11,36,7,9.6375e+05,-0.554,-0.181
11,36,7,9.6379e+05,0.005,-0.022
11,36,7,9.6383e+05,0.42,0.058
11,36,7,9.6387e+05,-0.014,-0.091
11,36,7,9.6391e+05,-0.616,0.018
11,36,7,9.6394e+05,-0.048,-0.074
11,36,7,9.6398e+05,-0.427,0.096
11,36,7,9.6402e+05,0.4,-0.338
11,36,7,9.6406e+05,-0.49,0.371
11,36,7,9.641e+05,-0.031,0.671
11,36,7,9.6414e+05,-0.294,-1.086
11,36,7,9.6418e+05,-0.117,0.328
11,36,7,9.6422e+05,-0.221,-0.517
11,36,7,9.6426e+05,-0.072,0.711
11,36,7,9.643e+05,0.279,0.354
11,36,7,9.6434e+05,0.469,-0.621
11,36,7,9.6437e+05,0.092,-0.108
11,36,7,9.6441e+05,0.031,-0.292
11,36,7,9.6445e+05,-0.155,0.478
11,36,7,9.6449e+05,-0.045,0.45
11,36,7,9.6453e+05,-0.152,-0.314
11,36,7,9.6457e+05,-0.118,-0.255
11,36,7,9.6461e+05,-0.459,-0.289
11,36,7,9.6465e+05,-0.269,0.222
11,36,7,9.6469e+05,-0.394,0.077
11,36,7,9.6473e+05,0.547,-0.1
11,36,7,9.6476e+05,0.011,-0.007
11,36,7,9.648e+05,0.626,-0.018
11,36,7,9.6484e+05,-0.24,-0.094
11,36,7,9.6488e+05,0.27,0.277
11,36,7,9.6492e+05,-0.361,-0.594
11,36,7,9.6496e+05,-0.745,0.53
11,36,7,9.65e+05,-0.882,-0.41
11,36,7,9.6504e+05,-0.826,-0.243
11,36,7,9.6508e+05,-0.589,0.764
11,36,7,9.6512e+05,-0.266,0.003
11,36,7,9.6516e+05,-0.074,-0.115
11,36,7,9.652e+05,0.129,-0.114
11,36,7,9.6523e+05,0.059,-0.178
11,36,7,9.6527e+05,0.535,-0.23
11,36,7,9.6531e+05,0.169,-0.094
11,36,7,9.6535e+05,0.15,0.042
11,36,7,9.6539e+05,0.163,-0.381
11,36,7,9.6543e+05,0.181,0.206
11,36,7,9.6547e+05,0.3,-0.073
11,36,7,9.6551e+05,0.096,0.095
11,36,7,9.6555e+05,-0.047,0.218
11,36,7,9.6558e+05,-0.316,-0.06
11,36,7,9.6562e+05,-0.369,0.069
11,36,7,9.6566e+05,-0.29,-0.424
11,36,7,9.657e+05,-0.128,0.359
11,36,7,9.6574e+05,-0.233,0.213
11,36,7,9.6578e+05,-0.139,-0.623
11,36,7,9.6582e+05,-0.085,0.151
11,36,7,9.6586e+05,0.172,0.196
11,36,7,9.659e+05,0.223,-0.463
11,36,7,9.6594e+05,-0.243,-0.043
11,36,7,9.6598e+05,-0.363,-0.323
11,36,7,9.6602e+05,-0.6,-0.095
11,36,7,9.6605e+05,-0.146,0.553
11,36,7,9.6609e+05,-0.032,-0.01
11,36,7,9.6613e+05,-0.16,0.21
11,36,7,9.6617e+05,0.092,-0.098
11,36,7,9.6621e+05,-0.07,-0.517
11,36,7,9.6625e+05,0.049,-0.266
11,36,7,9.6629e+05,-0.197,-0.069
11,36,7,9.6633e+05,-0.117,-0.425
11,36,7,9.6637e+05,-0.315,-0.004
11,36,7,9.6641e+05,0.182,0.279
11,36,7,9.6644e+05,0.167,-0.273
11,36,7,9.6648e+05,0.225,0.393
11,36,7,9.6652e+05,0.404,-0.454
11,36,7,9.6656e+05,0.56,-0.682
11,36,7,9.666e+05,0.244,-0.222
11,36,7,9.6664e+05,-0.051,0.339
11,36,7,9.6668e+05,-0.037,-0.462
11,36,7,9.6672e+05,0.121,-0.291
11,36,7,9.6676e+05,0.018,0.187
11,36,7,9.668e+05,-0.303,-0.251
11,36,7,9.6684e+05,0.031,0.048
11,36,7,9.6687e+05,-0.291,0.442
11,36,7,9.6691e+05,-0.102,-0.309
11,36,7,9.6695e+05,0.01,-0.02
11,36,7,9.6699e+05,-0.11,0.29
11,36,7,9.6703e+05,-0.094,-0.458
11,36,7,9.6707e+05,0.034,-0.333
11,36,7,9.6711e+05,0.101,-0.114
11,36,7,9.6715e+05,-0.113,0.128
11,36,7,9.6719e+05,0.269,-0.182
11,36,7,9.6723e+05,-0.025,-0.372
11,36,7,9.6726e+05,0.294,0.496
11,36,7,9.673e+05,0.759,-1.078
11,36,7,9.6734e+05,0.414,-0.509
11,36,7,9.6738e+05,-0.037,0.24
11,36,7,9.6742e+05,0.255,-0.3
11,36,7,9.6746e+05,0.351,-0.028
11,36,7,9.675e+05,-0.144,0.07
11,36,7,9.6754e+05,0.011,-0.121
11,36,7,9.6758e+05,-0.269,0.324
11,36,7,9.6762e+05,0.246,-0.111
11,36,7,9.6766e+05,-0.043,-0.827
11,36,7,9.677e+05,0.272,0.691
11,36,7,9.6773e+05,0.152,-0.668
11,36,7,9.6777e+05,-0.379,-0.413
11,36,7,9.6781e+05,-0.149,0.336
11,36,7,9.6785e+05,-0.062,0.052
11,36,7,9.6789e+05,0.064,0.042
11,36,7,9.6793e+05,-0.037,-0.325
11,36,7,9.6797e+05,-0.407,0.086
11,36,7,9.6801e+05,0.081,-0.093
11,36,7,9.6805e+05,0.438,-0.191
11,36,7,9.6808e+05,0.402,0.139
11,36,7,9.6812e+05,0.172,-0.269
11,36,7,9.6816e+05,0.205,0.458
11,36,7,9.682e+05,0.408,-0.793
11,36,7,9.6824e+05,0.249,-0.551
11,36,7,9.6828e+05,0.091,0.334
11,36,7,9.6832e+05,-0.014,0.257
11,36,7,9.6836e+05,0.084,-0.367
11,36,7,9.684e+05,0.122,-0.333
11,36,7,9.6844e+05,0.059,-0.076
11,36,7,9.6848e+05,-0.51,0.093
11,36,7,9.6852e+05,-0.153,-0.469
11,36,7,9.6855e+05,-0.609,0.479
11,36,7,9.6859e+05,0.121,0.357
11,36,7,9.6863e+05,0.121,-0.66
11,36,7,9.6867e+05,0.092,0.249
11,36,7,9.6871e+05,-0.312,-0.367
11,36,7,9.6875e+05,-0.267,-0.049
11,36,7,9.6879e+05,-0.076,0.255
11,36,7,9.6883e+05,-0.018,-0.29
11,36,7,9.6887e+05,-0.264,0.47
11,36,7,9.6891e+05,-0.129,0.466
11,36,7,9.6894e+05,0.086,-0.532
11,36,7,9.6898e+05,0.501,-0.864
11,36,7,9.6902e+05,0.017,0.359
11,36,7,9.6906e+05,0.136,-0.107
11,36,7,9.691e+05,-0.261,-0.284
11,36,7,9.6914e+05,-0.115,0.344
11,36,7,9.6918e+05,-0.434,-0.518
11,36,7,9.6922e+05,-0.228,0.33
11,36,7,9.6926e+05,-0.309,0.277
11,36,7,9.693e+05,0.512,-0.162
11,36,7,9.6934e+05,-0.083,-0.307
11,36,7,9.6937e+05,-0.084,-0.135
11,36,7,9.6941e+05,-0.619,-0.118
11,36,7,9.6945e+05,-0.504,0.659
11,36,7,9.6949e+05,0.044,0.134
11,36,7,9.6953e+05,0.351,0.409
11,36,7,9.6957e+05,0.327,-0.364
11,36,7,9.6961e+05,-0.127,-0.277
11,36,7,9.6965e+05,-0.156,0.423
11,36,7,9.6969e+05,0.208,-0.23
11,36,7,9.6973e+05,0.376,-0.149
11,36,7,9.6976e+05,-0.279,0.542
11,36,7,9.698e+05,-0.085,-0.352
11,36,7,9.6984e+05,0.053,-0.371
11,36,7,9.6988e+05,0.19,-0.172
11,36,7,9.6992e+05,0.017,0.491
11,36,7,9.6996e+05,0,0.448
11,36,7,9.7e+05,-0.131,-0.009
11,36,7,9.7004e+05,0.266,0.106
11,36,7,9.7008e+05,0.067,-0.42
11,36,7,9.7012e+05,-0.16,0.263
11,36,7,9.7016e+05,-0.046,0.169
11,36,7,9.702e+05,0.108,0.01
11,36,7,9.7023e+05,0.229,0.241
11,36,7,9.7027e+05,-0.01,-0.146
11,36,7,9.7031e+05,0.013,-0.349
11,36,7,9.7035e+05,-0.214,-0.009
11,36,7,9.7039e+05,0.299,0.227
11,36,7,9.7043e+05,0.2,-0.388
11,36,7,9.7047e+05,0.276,0.135
11,36,7,9.7051e+05,-0.03,0.052
11,36,7,9.7055e+05,-0.26,-0.37
11,36,7,9.7058e+05,-0.097,-0.177
11,36,7,9.7062e+05,-0.064,0.003
11,36,7,9.7066e+05,0.019,0.299
11,36,7,9.707e+05,-0.086,0.096
11,36,7,9.7074e+05,0.586,-0.148
11,36,7,9.7078e+05,0.633,-0.36
11,36,7,9.7082e+05,0.136,-0.137
11,36,7,9.7086e+05,-0.467,-0.081
11,36,7,9.709e+05,-0.288,0.918
11,36,7,9.7094e+05,0.271,0.001
11,36,7,9.7098e+05,0.323,-0.06
11,36,7,9.7102e+05,0.323,0.251
11,36,7,9.7105e+05,0.057,-0.974
11,36,7,9.7109e+05,-0.083,-0.192
11,36,7,9.7113e+05,0.132,-0.136
11,36,7,9.7117e+05,0.155,0.396
11,36,7,9.7121e+05,-0.031,0.301
11,36,7,9.7125e+05,-0.473,0.039
11,36,7,9.7129e+05,-0.036,0.247
11,36,7,9.7133e+05,0.527,-0.849
11,36,7,9.7137e+05,0.197,-0.257
11,36,7,9.7141e+05,-0.362,0.632
11,36,7,9.7144e+05,-0.731,0.792
11,36,7,9.7148e+05,0.067,-0.239
11,36,7,9.7152e+05,0.332,-0.439
11,36,7,9.7156e+05,0.394,0.131
11,36,7,9.716e+05,-0.325,0.556
11,36,7,9.7164e+05,0.268,-0.394
11,36,7,9.7168e+05,0.035,-0.784
11,36,7,9.7172e+05,0.169,0.303
11,36,7,9.7176e+05,-0.275,0.29
11,36,7,9.718e+05,-0.013,0.281
11,36,7,9.7184e+05,0.336,-0.444
11,36,7,9.7187e+05,0.698,-0.449
11,36,7,9.7191e+05,0.471,-0.285
11,36,7,9.7195e+05,0.127,-0.165
11,36,7,9.7199e+05,-0.42,0.254
11,36,7,9.7203e+05,-0.191,0.349
11,36,7,9.7207e+05,-0.107,-0.195
11,36,7,9.7211e+05,-0.03,0.319
11,36,7,9.7215e+05,0.065,0.263
11,36,7,9.7219e+05,0.375,-0.152
11,36,7,9.7223e+05,0.116,-0.672
11,36,7,9.7226e+05,0.21,0.023
11,36,7,9.723e+05,-0.588,0.298
11,36,7,9.7234e+05,-0.42,-0.103
11,36,7,9.7238e+05,-0.155,-0.051
11,36,7,9.7242e+05,0.109,0.183
11,36,7,9.7246e+05,0.253,-0.553
11,36,7,9.725e+05,0.346,-0.445
11,36,7,9.7254e+05,0.025,0.041
11,36,7,9.7258e+05,-0.155,-0.299
11,36,7,9.7262e+05,-0.238,-0.027
11,36,7,9.7266e+05,0.337,0.118
11,36,7,9.727e+05,0.18,-0.026
11,36,7,9.7273e+05,0.547,0.014
11,36,7,9.7277e+05,0.376,-0.374
11,36,7,9.7281e+05,0.627,-0.721
11,36,7,9.7285e+05,-0.061,0.23
11,36,7,9.7289e+05,-0.001,0.418
11,36,7,9.7293e+05,-0.146,0.055
11,36,7,9.7297e+05,-0.357,0.202
11,36,7,9.7301e+05,-0.015,-0.299
11,36,7,9.7305e+05,0.405,-0.036
11,36,7,9.7308e+05,0.379,-0.45
11,36,7,9.7312e+05,0.05,-0.286
11,36,7,9.7316e+05,0.09,0.115
11,36,7,9.732e+05,0.175,-0.198
11,36,7,9.7324e+05,0.063,-0.014
11,36,7,9.7328e+05,-0.236,0.434
11,36,7,9.7332e+05,0.323,-0.437
11,36,7,9.7336e+05,0.289,-0.205
11,36,7,9.734e+05,0.464,0.179
11,36,7,9.7344e+05,0.408,-0.447
11,36,7,9.7348e+05,0.346,0.225
11,36,7,9.7352e+05,0.226,-0.253
11,36,7,9.7355e+05,0.061,-0.243
11,36,7,9.7359e+05,0.155,0.545
11,36,7,9.7363e+05,0.134,-0.337
11,36,7,9.7367e+05,0.227,-0.161
11,36,7,9.7371e+05,0.162,0.31
11,36,7,9.7375e+05,0.302,-0.51
11,36,7,9.7379e+05,0.034,-0.338
11,36,7,9.7383e+05,-0.178,0.426
11,36,7,9.7387e+05,0.097,-0.042
11,36,7,9.7391e+05,0.263,-0.023
11,36,7,9.7394e+05,0.223,0.015
11,36,7,9.7398e+05,0.187,-0.66
11,36,7,9.7402e+05,0.198,-0.218
11,36,7,9.7406e+05,0.49,0.39
11,36,7,9.741e+05,0.318,-0.16
11,36,7,9.7414e+05,-0.355,0.48
11,36,7,9.7418e+05,-0.028,-0.142
11,36,7,9.7422e+05,0.038,-0.559
11,36,7,9.7426e+05,0.079,0.363
11,36,7,9.743e+05,0.232,-0.327
11,36,7,9.7434e+05,-0.18,-0.12
11,36,7,9.7437e+05,-0.081,-0.101
11,36,7,9.7441e+05,-0.397,-0.239
11,36,7,9.7445e+05,-0.07,0.942
11,36,7,9.7449e+05,0.16,-0.229
11,36,7,9.7453e+05,0.376,-0.129
11,36,7,9.7457e+05,0.114,0.206
11,36,7,9.7461e+05,-0.191,-0.194
11,36,7,9.7465e+05,0.076,-0.434
11,36,7,9.7469e+05,-0.038,-0.067
11,36,7,9.7473e+05,-0.194,0.496
11,36,7,9.7476e+05,-0.718,0.381
11,36,7,9.748e+05,0.076,0.039
11,36,7,9.7484e+05,0.274,-0.958
11,36,7,9.7488e+05,0.313,0.046
11,36,7,9.7492e+05,0.174,0.505
11,36,7,9.7496e+05,0.189,-0.477
11,36,7,9.75e+05,-0.075,-0.62
11,36,7,9.7504e+05,-0.206,0.587
11,36,7,9.7508e+05,0.4,0.092
11,36,7,9.7512e+05,0.062,-0.275
11,36,7,9.7516e+05,0.273,0.335
11,36,7,9.752e+05,-0.116,0.152
11,36,7,9.7523e+05,0.516,-0.774
11,36,7,9.7527e+05,-0.338,-0.128
11,36,7,9.7531e+05,-0.222,1.039
11,36,7,9.7535e+05,-0.728,-0.145
11,36,7,9.7539e+05,-0.53,-0.182
11,36,7,9.7543e+05,-0.897,-0
11,36,7,9.7547e+05,-0.257,0.688
11,36,7,9.7551e+05,-0.136,-0.618
11,36,7,9.7555e+05,0.364,0.457
11,36,7,9.7558e+05,0.508,-0.405
11,36,7,9.7562e+05,0.477,-0.047
11,36,7,9.7566e+05,0.327,-0.388
11,36,7,9.757e+05,-0.145,0.318
11,36,7,9.7574e+05,0.086,-0.34
11,36,7,9.7578e+05,-0.656,1.121
11,36,7,9.7582e+05,0.421,-0.521
11,36,7,9.7586e+05,-0.581,0.239
11,36,7,9.759e+05,0.26,0.382
11,36,7,9.7594e+05,-0.244,-0.762
11,36,7,9.7598e+05,0.481,0.561
11,36,7,9.7602e+05,-0.452,-0.192
11,36,7,9.7605e+05,-0.055,0.156
11,36,7,9.7609e+05,-0.545,0.038
11,36,7,9.7613e+05,0.286,-0.253
11,36,7,9.7617e+05,-0.066,0.569
11,36,7,9.7621e+05,0.778,-0.56
11,36,7,9.7625e+05,0.049,-0.169
11,36,7,9.7629e+05,0.38,0.323
11,36,7,9.7633e+05,-0.011,-0.776
11,36,7,9.7637e+05,0.149,0.626
11,36,7,9.7641e+05,-0.368,0.103
11,36,7,9.7644e+05,-0.306,0.273
11,36,7,9.7648e+05,-0.329,0.019
11,36,7,9.7652e+05,0.216,-0.102
11,36,7,9.7656e+05,-0.1,0.06
11,36,7,9.766e+05,-0.342,0.283
11,36,7,9.7664e+05,-0.345,0.051
11,36,7,9.7668e+05,-0.074,0.143
11,36,7,9.7672e+05,0.388,-0.167
11,36,7,9.7676e+05,0.338,0.289
11,36,7,9.768e+05,0.497,-0.263
11,36,7,9.7684e+05,0.593,-0.306
11,36,7,9.7687e+05,0.761,0.215
11,36,7,9.7691e+05,0.304,-0.266
11,36,7,9.7695e+05,0.439,0.093
11,36,7,9.7699e+05,-0.423,0.464
11,36,7,9.7703e+05,-0.206,-0.354
11,36,7,9.7707e+05,-0.926,0.255
11,36,7,9.7711e+05,-0.402,-0
11,36,7,9.7715e+05,-1.095,0.056
11,36,7,9.7719e+05,-0.716,0.614
11,36,7,9.7723e+05,-0.202,-0.744
11,36,7,9.7726e+05,0.074,0.845
11,36,7,9.773e+05,-0.083,-0.144
11,36,7,9.7734e+05,0.515,-0.062
11,36,7,9.7738e+05,0.393,-0.065
11,36,7,9.7742e+05,0.373,-0.932
11,36,7,9.7746e+05,0.227,-0.292
11,36,7,9.775e+05,0.038,1.299
11,36,7,9.7754e+05,0.245,0.029
11,36,7,9.7758e+05,-0.553,0.103
11,36,7,9.7762e+05,0.186,0.143
11,36,7,9.7766e+05,-0.48,0.088
11,36,7,9.777e+05,0.717,-0.814
11,36,7,9.7773e+05,-0.134,0.237
11,36,7,9.7777e+05,0.38,0.254
11,36,7,9.7781e+05,0.073,-1.439
11,36,7,9.7785e+05,-0.841,0.947
11,36,7,9.7789e+05,0.508,-0.923
11,36,7,9.7793e+05,-0.39,0.948
11,36,7,9.7797e+05,0.302,0.226
11,36,7,9.7801e+05,0.106,-1.664
11,36,7,9.7805e+05,-0.482,2.159
11,36,7,9.7808e+05,0.14,-2.364
11,36,7,9.7812e+05,-0.413,0.91
11,36,7,9.7816e+05,-0.739,1.513
11,36,7,9.782e+05,-0.009,-2.212
11,36,7,9.7824e+05,-0.45,1.954
11,36,7,9.7828e+05,0.18,-1.303
11,36,7,9.7832e+05,0.759,-1.086
11,36,7,9.7836e+05,-0.954,3.018
11,36,7,9.784e+05,1.077,-2.62
11,36,7,9.7844e+05,-0.429,0.54
11,36,7,9.7848e+05,0.307,0.93
11,36,7,9.7852e+05,0.335,-2.851
11,36,7,9.7855e+05,-0.743,3.229
11,36,7,9.7859e+05,0.499,-1.507
11,36,7,9.7863e+05,-0.426,0.184
11,36,7,9.7867e+05,0.411,0.056
11,36,7,9.7871e+05,-0.277,-1.042
11,36,7,9.7875e+05,0.06,1.533
11,36,7,9.7879e+05,-0.119,-0.803
11,36,7,9.7883e+05,0.152,0.387
11,36,7,9.7887e+05,-0.121,-0.12
11,36,7,9.7891e+05,0.401,-0.055
11,36,7,9.7894e+05,0.065,-0.077
11,36,7,9.7898e+05,0.737,-0.771
11,36,7,9.7902e+05,0.276,0.133
11,36,7,9.7906e+05,0.154,-0.756
11,36,7,9.791e+05,-0.427,0.433
11,36,7,9.7914e+05,0.104,0.269
11,36,7,9.7918e+05,0.009,-1.041
11,36,7,9.7922e+05,0.134,0.828
11,36,7,9.7926e+05,-0.362,0.585
11,36,7,9.793e+05,0.524,-1.049
11,36,7,9.7934e+05,-0.577,0.682
11,36,7,9.7937e+05,0.626,0.322
11,36,7,9.7941e+05,-0.08,-0.583
11,36,7,9.7945e+05,0.661,0.225
11,36,7,9.7949e+05,-0.35,-0.773
11,36,7,9.7953e+05,0.664,0.273
11,36,7,9.7957e+05,-0.204,0.04
11,36,7,9.7961e+05,0.475,0.07
11,36,7,9.7965e+05,-0.332,-0.249
11,36,7,9.7969e+05,0.227,0.55
11,36,7,9.7973e+05,-0.085,-0.495
11,36,7,9.7976e+05,0.205,-0.145
11,36,7,9.798e+05,-0.197,-0.221
11,36,7,9.7984e+05,-0.064,-0.348
11,36,7,9.7988e+05,0.159,-0.629
11,36,7,9.7992e+05,0.044,0.462
11,36,7,9.7996e+05,0.213,0.613
11,36,7,9.8e+05,0.343,-0.505
11,36,7,9.8004e+05,0.041,0.002
11,36,7,9.8008e+05,0.117,-0.549
11,36,7,9.8012e+05,-0.153,0.132
11,36,7,9.8016e+05,0.574,0.033
11,36,7,9.802e+05,-0.204,-0.204
11,36,7,9.8023e+05,0.181,0.409
11,36,7,9.8027e+05,0.257,0.266
11,36,7,9.8031e+05,0.855,-0.551
11,36,7,9.8035e+05,0.203,-0.175
11,36,7,9.8039e+05,0.356,-0.113
11,36,7,9.8043e+05,-0.159,-0.589
11,36,7,9.8047e+05,-0.119,0.051
11,36,7,9.8051e+05,-0.397,0.836
11,36,7,9.8055e+05,0.349,-0.655
11,36,7,9.8058e+05,-0.499,-0.189
11,36,7,9.8062e+05,0.045,0.226
11,36,7,9.8066e+05,-0.489,-0.003
11,36,7,9.807e+05,0.124,-0.581
11,36,7,9.8074e+05,-0.358,0.015
11,36,7,9.8078e+05,-0.457,-0.152
11,36,7,9.8082e+05,-0.681,0.116
11,36,7,9.8086e+05,-0.127,0.329
11,36,7,9.809e+05,-0.065,0.003
11,36,7,9.8094e+05,0.009,-0.104
11,36,7,9.8098e+05,-0.339,0.655
11,36,7,9.8102e+05,0.04,-0.819
11,36,7,9.8105e+05,-0.324,0.32
11,36,7,9.8109e+05,0.258,-0.274
11,36,7,9.8113e+05,-0.182,0.429
11,36,7,9.8117e+05,0.578,-0.14
11,36,7,9.8121e+05,-0.011,0.188
11,36,7,9.8125e+05,0.693,-0.579
11,36,7,9.8129e+05,-0.088,-0.033
11,36,7,9.8133e+05,0.582,-0.359
11,36,7,9.8137e+05,-0.94,0.592
11,36,7,9.8141e+05,0.715,-0.031
11,36,7,9.8144e+05,-0.813,0.214
11,36,7,9.8148e+05,0.877,-0.376
11,36,7,9.8152e+05,-1.038,-0.124
11,36,7,9.8156e+05,0.574,0.485
11,36,7,9.816e+05,-0.968,-0.432
11,36,7,9.8164e+05,0.321,0.481
11,36,7,9.8168e+05,-0.954,-0.285
11,36,7,9.8172e+05,0.469,0.083
11,36,7,9.8176e+05,-0.559,0.078
11,36,7,9.818e+05,0.508,-0.165
11,36,7,9.8184e+05,-0.499,-0.12
11,36,7,9.8187e+05,0.323,-0.043
11,36,7,9.8191e+05,-0.376,-0.072
11,36,7,9.8195e+05,0.429,0.357
11,36,7,9.8199e+05,-0.555,-0.298
11,36,7,9.8203e+05,0.3,-0.046
11,36,7,9.8207e+05,-0.274,0.001
11,36,7,9.8211e+05,0.254,-0.078
11,36,7,9.8215e+05,-0.387,0.381
11,36,7,9.8219e+05,0.325,-0.084
11,36,7,9.8223e+05,-0.777,0.144
11,36,7,9.8226e+05,0.482,-0.56
11,36,7,9.823e+05,-0.988,0.66
11,36,7,9.8234e+05,0.701,-0.25
11,36,7,9.8238e+05,-1.196,0.212
11,36,7,9.8242e+05,0.615,-0.032
11,36,7,9.8246e+05,-1.233,-0.44
11,36,7,9.825e+05,1.168,0.35
11,36,7,9.8254e+05,-1.654,0.26
11,36,7,9.8258e+05,1.49,-0.055
11,36,7,9.8262e+05,-1.408,-0.393
11,36,7,9.8266e+05,0.952,0.924
11,36,7,9.827e+05,-0.775,-1.318
11,36,7,9.8273e+05,0.817,1.941
11,36,7,9.8277e+05,-0.458,-0.901
11,36,7,9.8281e+05,0.921,0.594
11,36,7,9.8285e+05,-0.726,-0.136
11,36,7,9.8289e+05,0.2,-0.719
11,36,7,9.8293e+05,-0.717,-0.178
11,36,7,9.8297e+05,0.12,1.258
11,36,7,9.8301e+05,-0.301,-1.752
11,36,7,9.8305e+05,-0.029,0.871
11,36,7,9.8308e+05,-0.25,-0.777
11,36,7,9.8312e+05,-0.194,-0.399
11,36,7,9.8316e+05,0.109,-0.016
11,36,7,9.832e+05,-0.29,0.404
11,36,7,9.8324e+05,-0.11,-0.421
11,36,7,9.8328e+05,-0.801,0.766
11,36,7,9.8332e+05,0.304,-0.282
11,36,7,9.8336e+05,-0.095,-0.354
11,36,7,9.834e+05,0.537,0.583
11,36,7,9.8344e+05,-0.205,-0.723
11,36,7,9.8348e+05,0.019,-0.27
11,36,7,9.8352e+05,-0.147,-0.065
11,36,7,9.8355e+05,-0.515,0.508
11,36,7,9.8359e+05,0.197,-0.162
11,36,7,9.8363e+05,-0.001,0.629
11,36,7,9.8367e+05,0.649,-0.449
11,36,7,9.8371e+05,-0.411,-0.158
11,36,7,9.8375e+05,0.199,-0.124
11,36,7,9.8379e+05,-0.014,-1.147
11,36,7,9.8383e+05,0.072,0.761
11,36,7,9.8387e+05,-0.347,-0.278
11,36,7,9.8391e+05,-0.128,-0.204
11,36,7,9.8394e+05,-0.157,-0.1
11,36,7,9.8398e+05,0.029,-0.163
11,36,7,9.8402e+05,0.014,0.684
11,36,7,9.8406e+05,0.456,0.159
11,36,7,9.841e+05,0.023,-0.521
11,36,7,9.8414e+05,0.089,0.042
11,36,7,9.8418e+05,0.104,-0.131
11,36,7,9.8422e+05,0.292,-0.6
11,36,7,9.8426e+05,-0.185,0.641
11,36,7,9.843e+05,0.155,-0.251
11,36,7,9.8434e+05,-0.067,-0.362
11,36,7,9.8437e+05,0.817,0.079
11,36,7,9.8441e+05,-0.176,-0.265
11,36,7,9.8445e+05,-0.027,0.156
11,36,7,9.8449e+05,0.058,-0.513
11,36,7,9.8453e+05,0.227,0.055
11,36,7,9.8457e+05,-0.075,0.108
11,36,7,9.8461e+05,0.532,0.07
11,36,7,9.8465e+05,0.095,-0.312
11,36,7,9.8469e+05,0.462,-0.365
11,36,7,9.8473e+05,0.236,-0.45
11,36,7,9.8476e+05,-0.438,0.265
11,36,7,9.848e+05,-0.233,-0.328
11,36,7,9.8484e+05,-1.012,1.508
11,36,7,9.8488e+05,0.846,-0.8
11,36,7,9.8492e+05,-0.155,-0.02
11,36,7,9.8496e+05,0.559,0.008
11,36,7,9.85e+05,0.244,-1.234
11,36,7,9.8504e+05,-0.131,1.658
11,36,7,9.8508e+05,1.02,-2.105
11,36,7,9.8512e+05,-0.269,0.96
11,36,7,9.8516e+05,0.618,0.56
11,36,7,9.852e+05,0.745,-2.071
11,36,7,9.8523e+05,-0.403,2.522
11,36,7,9.8527e+05,1.197,-2.388
11,36,7,9.8531e+05,-0.942,1.451
11,36,7,9.8535e+05,0.576,0.437
11,36,7,9.8539e+05,-0.521,-1.147
11,36,7,9.8543e+05,0.103,1.703
11,36,7,9.8547e+05,-0.582,-1.925
11,36,7,9.8551e+05,0.363,1.002
11,36,7,9.8555e+05,-0.087,-0.804
11,36,7,9.8558e+05,0.703,-0.052
11,36,7,9.8562e+05,-0.758,0.432
11,36,7,9.8566e+05,0.852,-0.895
11,36,7,9.857e+05,-0.013,-0.595
11,36,7,9.8574e+05,0.077,0.894
11,36,7,9.8578e+05,0.177,-0.918
11,36,7,9.8582e+05,0.081,0.613
11,36,7,9.8586e+05,0.257,-0.665
11,36,7,9.859e+05,-0.439,0.717
11,36,7,9.8594e+05,0.38,0.052
11,36,7,9.8598e+05,0.059,-0.648
11,36,7,9.8602e+05,0.009,0.086
11,36,7,9.8605e+05,-0.271,-0.051
11,36,7,9.8609e+05,0.723,-0.178
11,36,7,9.8613e+05,-0.369,-0.07
11,36,7,9.8617e+05,0.215,0.112
11,36,7,9.8621e+05,-0.61,0.504
11,36,7,9.8625e+05,0.432,0.134
11,36,7,9.8629e+05,-0.038,-1.225
11,36,7,9.8633e+05,0.179,0.898
11,36,7,9.8637e+05,0.306,-0.856
11,36,7,9.8641e+05,0.235,0.195
11,36,7,9.8644e+05,0.274,0.055
11,36,7,9.8648e+05,-0.272,0.083
11,36,7,9.8652e+05,0.023,0.076
11,36,7,9.8656e+05,-0.654,-0.151
11,36,7,9.866e+05,-0.161,-0.016
11,36,7,9.8664e+05,-0.591,0.097
11,36,7,9.8668e+05,-0.067,0.005
11,36,7,9.8672e+05,-0.359,0.142
11,36,7,9.8676e+05,0.119,-0.028
11,36,7,9.868e+05,0.017,0.276
11,36,7,9.8684e+05,0.238,-0.259
11,36,7,9.8687e+05,-0.018,-0.145
11,36,7,9.8691e+05,0.169,-0.323
11,36,7,9.8695e+05,-0.435,1.01
11,36,7,9.8699e+05,0.368,-0.443
11,36,7,9.8703e+05,-0.074,0.288
11,36,7,9.8707e+05,0.678,-0.223
11,36,7,9.8711e+05,0.337,-0.086
11,36,7,9.8715e+05,0.83,0.228
11,36,7,9.8719e+05,-0.24,-0.198
11,36,7,9.8723e+05,0.098,-0.57
11,36,7,9.8726e+05,-1.19,0.565
11,36,7,9.873e+05,0.545,-0.065
11,36,7,9.8734e+05,-0.745,0.087
11,36,7,9.8738e+05,0.666,0.565
11,36,7,9.8742e+05,-0.407,0.202
11,36,7,9.8746e+05,0.535,-0.472
11,36,7,9.875e+05,-0.018,-0.607
11,36,7,9.8754e+05,0.397,0.536
11,36,7,9.8758e+05,-0.377,-0.032
11,36,7,9.8762e+05,0.776,0.218
11,36,7,9.8766e+05,-0.672,-0.432
11,36,7,9.877e+05,0.48,-0.402
11,36,7,9.8773e+05,-1.029,0.441
11,36,7,9.8777e+05,0.281,0.395
11,36,7,9.8781e+05,-0.518,0.075
11,36,7,9.8785e+05,0.843,0.754
11,36,7,9.8789e+05,0.274,-1.204
11,36,7,9.8793e+05,1.19,0.731
11,36,7,9.8797e+05,0.335,-0.744
11,36,7,9.8801e+05,0.867,-0.251
11,36,7,9.8805e+05,0.015,0.011
11,36,7,9.8808e+05,0.198,0.463
11,36,7,9.8812e+05,0.245,-0.244
11,36,7,9.8816e+05,-0.04,0.798
11,36,7,9.882e+05,0.153,0.46
11,36,7,9.8824e+05,-0.003,-0.651
11,36,7,9.8828e+05,-0.122,0.143
11,36,7,9.8832e+05,-0.44,0.139
11,36,7,9.8836e+05,-0.582,0.441
11,36,7,9.884e+05,-0.26,0.227
11,36,7,9.8844e+05,-0.375,0.078
11,36,7,9.8848e+05,0.273,-0.192
11,36,7,9.8852e+05,-0.095,0.612
11,36,7,9.8855e+05,0.604,-0.412
11,36,7,9.8859e+05,0.09,-0.452
11,36,7,9.8863e+05,0.548,0.604
11,36,7,9.8867e+05,-0.334,-0.14
11,36,7,9.8871e+05,-0.137,0.188
11,36,7,9.8875e+05,-0.393,0.216
11,36,7,9.8879e+05,0.533,-0.083
11,36,7,9.8883e+05,-0.079,0.174
11,36,7,9.8887e+05,0.211,-0.219
11,36,7,9.8891e+05,-0.303,-0.094
11,36,7,9.8894e+05,-0.011,-0.188
11,36,7,9.8898e+05,-0.405,0.233
11,36,7,9.8902e+05,0.332,0.369
11,36,7,9.8906e+05,-0.538,0.53
11,36,7,9.891e+05,0.549,-0.667
11,36,7,9.8914e+05,-0.49,0.283
11,36,7,9.8918e+05,1.072,-0.509
11,36,7,9.8922e+05,-0.861,0.061
11,36,7,9.8926e+05,0.858,0.675
11,36,7,9.893e+05,-0.787,-0.433
11,36,7,9.8934e+05,1.14,0.56
11,36,7,9.8937e+05,-0.304,-0.778
11,36,7,9.8941e+05,0.929,0.716
11,36,7,9.8945e+05,-0.669,-1.242
11,36,7,9.8949e+05,0.256,0.84
11,36,7,9.8953e+05,-1.103,-0.76
11,36,7,9.8957e+05,-0.263,0.652
11,36,7,9.8961e+05,-0.795,0.292
11,36,7,9.8965e+05,0.025,0.507
11,36,7,9.8969e+05,-0.334,-1.236
11,36,7,9.8973e+05,0.09,0.507
11,36,7,9.8976e+05,0.103,-0.798
11,36,7,9.898e+05,0.214,0.588
11,36,7,9.8984e+05,0.17,-0.148
11,36,7,9.8988e+05,0.076,0.261
11,36,7,9.8992e+05,0.271,-0.42
11,36,7,9.8996e+05,0.221,0.315
11,36,7,9.9e+05,0.594,-0.344
11,36,7,9.9004e+05,0.044,0.331
11,36,7,9.9008e+05,0.02,0.066
11,36,7,9.9012e+05,-0.134,-0.076
11,36,7,9.9016e+05,0.432,-0.305
11,36,7,9.902e+05,0.295,0.204
11,36,7,9.9023e+05,0.05,-0.061
11,36,7,9.9027e+05,-0.309,0.129
11,36,7,9.9031e+05,-0.079,-0.529
11,36,7,9.9035e+05,-0.344,0.052
11,36,7,9.9039e+05,0.068,0.271
11,36,7,9.9043e+05,-0.582,0.044
11,36,7,9.9047e+05,-0.086,-0.252
11,36,7,9.9051e+05,-0.057,0.105
11,36,7,9.9055e+05,-0.181,0.223
11,36,7,9.9058e+05,-0.304,-0.533
11,36,7,9.9062e+05,-0.468,0.374
11,36,7,9.9066e+05,-0.324,-0.188
11,36,7,9.907e+05,0.149,-0.148
11,36,7,9.9074e+05,0.425,-0.135
11,36,7,9.9078e+05,0.156,-0.345
11,36,7,9.9082e+05,0.172,0.119
11,36,7,9.9086e+05,0.564,-0.191
11,36,7,9.909e+05,0.275,-0.206
11,36,7,9.9094e+05,0.055,-0.088
11,36,7,9.9098e+05,0.112,0.077
11,36,7,9.9102e+05,0.313,0.408
11,36,7,9.9105e+05,0.251,-0.346
11,36,7,9.9109e+05,-0.169,0.027
11,36,7,9.9113e+05,-0.389,0.047
11,36,7,9.9117e+05,-0.519,-0.193
11,36,7,9.9121e+05,-0.352,0.706
11,36,7,9.9125e+05,-0.182,0.22
11,36,7,9.9129e+05,-0.122,-0.135
11,36,7,9.9133e+05,-0.007,-0.093
11,36,7,9.9137e+05,-0.198,-0.541
11,36,7,9.9141e+05,0.04,-0.098
11,36,7,9.9144e+05,-0.034,-0.146
11,36,7,9.9148e+05,-0.058,0.113
11,36,7,9.9152e+05,-0.02,0.463
11,36,7,9.9156e+05,-0.053,-0.051
11,36,7,9.916e+05,-0.019,-0.259
11,36,7,9.9164e+05,0.022,0.147
11,36,7,9.9168e+05,-0.007,0.189
11,36,7,9.9172e+05,-0.085,0.223
11,36,7,9.9176e+05,-0.485,0.326
11,36,7,9.918e+05,0.107,-0.488
11,36,7,9.9184e+05,0.071,0.282
11,36,7,9.9187e+05,0.714,-0.064
11,36,7,9.9191e+05,0.25,-0.897
11,36,7,9.9195e+05,-0.06,0.06
11,36,7,9.9199e+05,-0.73,-0.426
11,36,7,9.9203e+05,0.1,0.225
11,36,7,9.9207e+05,-0.203,0.047
11,36,7,9.9211e+05,0.16,0.1
11,36,7,9.9215e+05,-0.545,-0.177
11,36,7,9.9219e+05,0.29,0.253
11,36,7,9.9223e+05,0.393,-1.093
11,36,7,9.9226e+05,-0.365,0.751
11,36,7,9.923e+05,-0.42,0.045
11,36,7,9.9234e+05,-0.762,0.467
11,36,7,9.9238e+05,0.056,-0.006
11,36,7,9.9242e+05,-0.295,-0.153
11,36,7,9.9246e+05,0.306,0.121
11,36,7,9.925e+05,-1.179,0.401
11,36,7,9.9254e+05,0.22,-0.266
11,36,7,9.9258e+05,-0.415,-0.849
11,36,7,9.9262e+05,0.779,-0.476
11,36,7,9.9266e+05,-0.576,-0.218
11,36,7,9.927e+05,-0.233,1.251
11,36,7,9.9273e+05,-0.681,-0.729
11,36,7,9.9277e+05,0.259,0.274
11,36,7,9.9281e+05,-0.008,-0.521
11,36,7,9.9285e+05,-0.215,0.409
11,36,7,9.9289e+05,-0.445,0.612
11,36,7,9.9293e+05,-0.403,0.261
11,36,7,9.9297e+05,-0.037,-0.476
11,36,7,9.9301e+05,-0.436,-0.125
11,36,7,9.9305e+05,-0.227,0.124
11,36,7,9.9308e+05,-0.012,0.333
11,36,7,9.9312e+05,0.207,0.082
11,36,7,9.9316e+05,-0.084,-0.217
11,36,7,9.932e+05,-0.137,-0.112
11,36,7,9.9324e+05,-0.408,0.415
11,36,7,9.9328e+05,0.031,0.07
11,36,7,9.9332e+05,-0.208,-0.014
11,36,7,9.9336e+05,-0.184,-0.455
11,36,7,9.934e+05,-0.456,0.18
11,36,7,9.9344e+05,-0.146,0.303
11,36,7,9.9348e+05,-0.064,0.525
11,36,7,9.9352e+05,0.008,0.259
11,36,7,9.9355e+05,-0.057,-0.114
11,36,7,9.9359e+05,0.348,0.106
11,36,7,9.9363e+05,-0.066,0.691
11,36,7,9.9367e+05,0.37,-0.21
11,36,7,9.9371e+05,-0.13,0.115
11,36,7,9.9375e+05,0.013,0.172
11,36,7,9.9379e+05,-0.288,-0.435
11,36,7,9.9383e+05,-0.149,0.268
11,36,7,9.9387e+05,-0.146,0.154
11,36,7,9.9391e+05,-0.025,-0.441
11,36,7,9.9394e+05,-0.506,0.725
11,36,7,9.9398e+05,-0.364,0.109
11,36,7,9.9402e+05,-0.378,-0.24
11,36,7,9.9406e+05,-0.198,0.352
11,36,7,9.941e+05,-0.364,-0.331
11,36,7,9.9414e+05,0.136,-0.114
11,36,7,9.9418e+05,-0.437,0.531
11,36,7,9.9422e+05,0.364,-0.801
11,36,7,9.9426e+05,-0.744,0.356
11,36,7,9.943e+05,0.681,-0.288
11,36,7,9.9434e+05,-0.988,-0.143
11,36,7,9.9437e+05,0.492,0.434
11,36,7,9.9441e+05,-0.343,-0.262
11,36,7,9.9445e+05,0.799,0.551
11,36,7,9.9449e+05,-0.095,-0.561
11,36,7,9.9453e+05,0.549,0.793
11,36,7,9.9457e+05,-0.423,-0.529
11,36,7,9.9461e+05,-0.012,0.169
11,36,7,9.9465e+05,-0.485,0.731
11,36,7,9.9469e+05,0.102,-0.489
11,36,7,9.9473e+05,-0.574,0.413
11,36,7,9.9476e+05,0.176,-0.264
11,36,7,9.948e+05,-0.573,-0.262
11,36,7,9.9484e+05,0.114,0.454
11,36,7,9.9488e+05,-0.715,0.073
11,36,7,9.9492e+05,0.413,0.22
11,36,7,9.9496e+05,-0.463,-0.015
11,36,7,9.95e+05,0.463,0.258
11,36,7,9.9504e+05,-0.555,-0.855
11,36,7,9.9508e+05,0.592,0.303
11,36,7,9.9512e+05,-0.313,-0.531
11,36,7,9.9516e+05,0.169,0.381
11,36,7,9.952e+05,-0.608,0.002
11,36,7,9.9523e+05,0.026,-0.365
11,36,7,9.9527e+05,-0.899,0.072
11,36,7,9.9531e+05,0.4,0.269
11,36,7,9.9535e+05,-0.663,0.118
11,36,7,9.9539e+05,0.703,-0.069
11,36,7,9.9543e+05,-0.573,-0.68
11,36,7,9.9547e+05,0.244,0.568
11,36,7,9.9551e+05,-0.166,-0.23
11,36,7,9.9555e+05,0.601,0.307
11,36,7,9.9558e+05,-0.36,-0.216
11,36,7,9.9562e+05,0.473,0.671
11,36,7,9.9566e+05,-0.107,-0.77
11,36,7,9.957e+05,0.323,0.014
11,36,7,9.9574e+05,-0.724,0.469
11,36,7,9.9578e+05,0.508,-0.412
11,36,7,9.9582e+05,-0.435,-0.032
11,36,7,9.9586e+05,0.36,0.01
11,36,7,9.959e+05,-0.75,-0.317
11,36,7,9.9594e+05,0.044,0.521
11,36,7,9.9598e+05,-0.863,-1.092
11,36,7,9.9602e+05,0.464,0.513
11,36,7,9.9605e+05,-0.678,-0.152
11,36,7,9.9609e+05,-0.076,-0.004
11,36,7,9.9613e+05,-0.281,-0.839
11,36,7,9.9617e+05,0.6,0.471
11,36,7,9.9621e+05,0.354,-0.995
11,36,7,9.9625e+05,0.063,0.892
11,36,7,9.9629e+05,0.336,-0.991
11,36,7,9.9633e+05,0.192,0.019
11,36,7,9.9637e+05,0.606,-0.145
11,36,7,9.9641e+05,0.056,0.12
11,36,7,9.9644e+05,-0.134,1.089
11,36,7,9.9648e+05,-0.03,-0.527
11,36,7,9.9652e+05,0.184,-0.531
11,36,7,9.9656e+05,0.079,0.407
11,36,7,9.966e+05,-0.22,-0.344
11,36,7,9.9664e+05,-0.347,0.316
11,36,7,9.9668e+05,-0.354,0.129
11,36,7,9.9672e+05,-0.054,-0.606
11,36,7,9.9676e+05,-0.051,-0.51
11,36,7,9.968e+05,0.09,0.72
11,36,7,9.9684e+05,0.146,-0.848
11,36,7,9.9687e+05,-0.116,0.35
11,36,7,9.9691e+05,0.622,-0.851
11,36,7,9.9695e+05,-0.178,-0.076
11,36,7,9.9699e+05,0.256,0.594
11,36,7,9.9703e+05,-0.2,0.145
11,36,7,9.9707e+05,0.644,-0.26
11,36,7,9.9711e+05,0.072,-0.519
11,36,7,9.9715e+05,0.538,-0.309
11,36,7,9.9719e+05,-0.303,0.176
11,36,7,9.9723e+05,0.797,-0.543
11,36,7,9.9726e+05,-0.57,-0.136
11,36,7,9.973e+05,0.364,0.001
11,36,7,9.9734e+05,-0.4,-0.493
11,36,7,9.9738e+05,0.499,0.29
11,36,7,9.9742e+05,-0.406,-0.222
11,36,7,9.9746e+05,0.344,0.095
11,36,7,9.975e+05,-0.624,0.073
11,36,7,9.9754e+05,0.193,-0.059
11,36,7,9.9758e+05,-0.671,-0.794
11,36,7,9.9762e+05,0.305,0.798
11,36,7,9.9766e+05,-0.327,-0.82
11,36,7,9.977e+05,0.143,0.24
11,36,7,9.9773e+05,-0.288,-0.037
11,36,7,9.9777e+05,0.049,-0.233
11,36,7,9.9781e+05,-0.25,-0.292
11,36,7,9.9785e+05,0.159,0.165
11,36,7,9.9789e+05,0.17,-0.317
11,36,7,9.9793e+05,0.15,0.201
11,36,7,9.9797e+05,0.056,-0.467
11,36,7,9.9801e+05,-0.53,-0.094
11,36,7,9.9805e+05,0.093,0.202
11,36,7,9.9808e+05,0.077,-0.09
11,36,7,9.9812e+05,0.146,0.197
11,36,7,9.9816e+05,-0.348,0.246
11,36,7,9.982e+05,-0.284,-0.465
11,36,7,9.9824e+05,-0.373,-0.211
11,36,7,9.9828e+05,0.19,0.048
11,36,7,9.9832e+05,-0.107,0.589
11,36,7,9.9836e+05,-0.136,-0.043
11,36,7,9.984e+05,-0.914,-0.48
11,36,7,9.9844e+05,-0.532,0.255
11,36,7,9.9848e+05,-0.571,-0.308
11,36,7,9.9852e+05,-0.305,0.868
11,36,7,9.9855e+05,-0.156,-0.398
11,36,7,9.9859e+05,-0.056,-0.162
11,36,7,9.9863e+05,0.119,-0.374
11,36,7,9.9867e+05,-0.073,-0.431
11,36,7,9.9871e+05,-0.118,0.154
11,36,7,9.9875e+05,-0.377,0.625
11,36,7,9.9879e+05,0.236,-0.298
11,36,7,9.9883e+05,-0.076,-0.046
11,36,7,9.9887e+05,0.258,0.072
11,36,7,9.9891e+05,-0.24,-0.435
11,36,7,9.9894e+05,-0.069,0.764
11,36,7,9.9898e+05,-0.201,-0.357
11,36,7,9.9902e+05,-0.477,0.606
11,36,7,9.9906e+05,-0.099,0.505
11,36,7,9.991e+05,-0.321,-0.479
11,36,7,9.9914e+05,0.314,-0.291
11,36,7,9.9918e+05,-0.32,0.047
11,36,7,9.9922e+05,0.334,0.126
11,36,7,9.9926e+05,-0.358,0.006
11,36,7,9.993e+05,0.204,0.028
11,36,7,9.9934e+05,-0.279,-0.741
11,36,7,9.9937e+05,-0.004,0.481
11,36,7,9.9941e+05,-0.145,-0.318
11,36,7,9.9945e+05,-0.143,-0.613
11,36,7,9.9949e+05,-0.299,0.198
11,36,7,9.9953e+05,-0.29,0.094
11,36,7,9.9957e+05,-0.133,-0.202
11,36,7,9.9961e+05,-0.207,0.495
11,36,7,9.9965e+05,-0.638,0.383
11,36,7,9.9969e+05,0.282,-0.66
11,36,7,9.9973e+05,-0.337,-0.45
11,36,7,9.9976e+05,0.341,0.214
11,36,7,9.998e+05,-0.326,-0.135
11,36,7,9.9984e+05,-0.2,0.775
11,36,7,9.9988e+05,-0.342,-0.333
11,36,7,9.9992e+05,0.024,0.286
11,36,7,9.9996e+05,0.079,-0.215
11,36,7,1e+06,0.109,0.334
11,36,8,39,0.293,-0.326
11,36,8,78,0.013,0.565
11,36,8,117,0.682,-0.881
11,36,8,156,-0.315,-0.314
11,36,8,195,-0.016,0.424
11,36,8,234,-0.78,0.064
11,36,8,273,0.179,0.55
11,36,8,312,-0.785,-0.409
11,36,8,351,0.219,0.209
11,36,8,390,-0.108,-0.288
11,36,8,429,0.469,-0.024
11,36,8,468,-0.279,-0.014
11,36,8,507,-0.115,0.332
11,36,8,546,-0.175,-0.143
11,36,8,585,-0.069,0.354
11,36,8,624,0.112,-0.787
11,36,8,664,-0.368,-0.329
11,36,8,703,-0.161,-0.073
11,36,8,742,-0.42,-0.033
11,36,8,781,0.236,0.434
11,36,8,820,0.317,0.075
11,36,8,859,0.181,-0.31
11,36,8,898,-0.313,-0.13
11,36,8,937,-0.347,-0.208
11,36,8,976,-0.628,-0.353
11,36,8,1015,-0.55,0.278
11,36,8,1054,-0.536,0.972
11,36,8,1093,0.092,0.614
11,36,8,1132,0.352,-0.049
11,36,8,1171,0.792,-0.117
11,36,8,1210,0.737,-0.489
11,36,8,1249,0.369,-0.536
11,36,8,1289,-0.181,-0.437
11,36,8,1328,-0.184,0.522
11,36,8,1367,0.342,-0.077
11,36,8,1406,0.419,-0.412
11,36,8,1445,0.24,0.238
11,36,8,1484,0.305,-0.72
11,36,8,1523,0.222,-0.707
11,36,8,1562,-0.284,-0.01
11,36,8,1601,-0.718,0.571
11,36,8,1640,-0.437,0.714
11,36,8,1679,-0.307,-1.016
11,36,8,1718,-0.006,-0.423
11,36,8,1757,0.163,-0.075
11,36,8,1796,0.582,-0.005
11,36,8,1835,0.207,-0.11
11,36,8,1874,0.003,-0.652
11,36,8,1914,-0.565,0.165
11,36,8,1953,-0.328,0.281
11,36,8,1992,0.064,0.069
11,36,8,2031,0.281,0.651
11,36,8,2070,0.183,-0.147
11,36,8,2109,-0.012,-0.459
11,36,8,2148,-0.156,-0.592
11,36,8,2187,-0.113,-0.064
11,36,8,2226,-0.062,-0.018
11,36,8,2265,-0.16,-0.068
11,36,8,2304,0.035,-0.221
11,36,8,2343,-0.054,0.021
11,36,8,2382,0.186,-0.167
11,36,8,2421,0.11,-0.023
11,36,8,2460,-0.14,0.047
11,36,8,2499,0.207,0.315
11,36,8,2539,0.457,0.035
11,36,8,2578,0.387,-0.93
11,36,8,2617,0.452,-1.027
11,36,8,2656,0.381,0.535
11,36,8,2695,0.567,-0.448
11,36,8,2734,0.069,-0.039
11,36,8,2773,0.106,0.757
11,36,8,2812,-0.292,-0.446
11,36,8,2851,-0.018,0.268
11,36,8,2890,0.265,-0.375
11,36,8,2929,0.672,-0.405
11,36,8,2968,0.456,-0.181
11,36,8,3007,0.124,-0.57
11,36,8,3046,0.073,0.028
11,36,8,3085,0.388,0.122
11,36,8,3124,0.165,-0.123
11,36,8,3164,0.162,0.087
11,36,8,3203,0.158,-0.071
11,36,8,3242,0.046,0.156
11,36,8,3281,0.263,-0.049
11,36,8,3320,0.113,-0.355
11,36,8,3359,-0.407,0.184
11,36,8,3398,-0.337,-0.2
11,36,8,3437,-0.35,-0.342
11,36,8,3476,0.267,-0.144
11,36,8,3515,-0.034,-0.276
11,36,8,3554,-0.047,0.291
11,36,8,3593,0.153,-0.639
11,36,8,3632,0.277,0.119
11,36,8,3671,0.207,-0.056
11,36,8,3710,0.234,-0.419
11,36,8,3749,0.268,0.908
11,36,8,3789,0.554,-0.575
11,36,8,3828,0.218,-0.712
11,36,8,3867,0.328,0.272
11,36,8,3906,0.202,-0.046
11,36,8,3945,-0.046,0.686
11,36,8,3984,-0.104,-0.311
11,36,8,4023,-0.267,-0.016
11,36,8,4062,-0.292,0.407
11,36,8,4101,0.071,-0.369
11,36,8,4140,-0.022,-0.008
11,36,8,4179,-0.058,-0.28
11,36,8,4218,0.067,-0.081
11,36,8,4257,-0.384,-0.166
11,36,8,4296,-0.105,-0.037
11,36,8,4335,-0.159,0.08
11,36,8,4374,-0.538,-0.119
11,36,8,4414,-0.077,-0.088
11,36,8,4453,-0.073,-0.139
11,36,8,4492,0.302,-0.029
11,36,8,4531,0.431,-0.05
11,36,8,4570,0.035,0.033
11,36,8,4609,-0.065,0.11
11,36,8,4648,-0.009,0.083
11,36,8,4687,0.17,0.324
11,36,8,4726,0.237,-0.096
11,36,8,4765,0.06,0.233
11,36,8,4804,-0.136,-0.048
11,36,8,4843,-0.242,-0.457
11,36,8,4882,0.159,-0.102
11,36,8,4921,-0.269,0.193
11,36,8,4960,0.047,0.014
11,36,8,4999,-0.364,-0.067
11,36,8,5039,0.088,-0.048
11,36,8,5078,-0.112,-0.443
11,36,8,5117,-0.099,0.307
11,36,8,5156,-0.45,0.117
11,36,8,5195,-0.327,0.059
11,36,8,5234,-0.026,-0.096
11,36,8,5273,-0.035,-0.092
11,36,8,5312,-0.064,0.093
11,36,8,5351,0.032,0.111
11,36,8,5390,0.677,-0.637
11,36,8,5429,0.272,-0.106
11,36,8,5468,0.229,0.439
11,36,8,5507,-0.226,-0.099
11,36,8,5546,0.076,0.481
11,36,8,5585,0.606,-0.096
11,36,8,5624,0.334,-0.197
11,36,8,5664,0.294,0.054
11,36,8,5703,0.211,0.077
11,36,8,5742,0.481,-0.166
11,36,8,5781,0.287,-0.319
11,36,8,5820,0.09,0.447
11,36,8,5859,-0.259,-0.343
11,36,8,5898,-0.155,0.02
11,36,8,5937,-0.258,0.058
11,36,8,5976,-0.199,-0.03
11,36,8,6015,-0.374,0.581
11,36,8,6054,-0.314,0.316
11,36,8,6093,-0.079,-0.006
11,36,8,6132,0.272,0.369
11,36,8,6171,0.254,-0.363
11,36,8,6210,-0.01,-0.294
11,36,8,6249,0.243,0.252
11,36,8,6289,-0.089,-0.066
11,36,8,6328,0.157,0.09
11,36,8,6367,-0.016,0.418
11,36,8,6406,0.356,0.23
11,36,8,6445,0.249,-0.512
11,36,8,6484,0.139,0.026
11,36,8,6523,0.163,-0.31
11,36,8,6562,0.106,0.415
11,36,8,6601,-0.174,0.215
11,36,8,6640,-0.136,-0.201
11,36,8,6679,-0.104,-0.374
11,36,8,6718,0.059,-0.239
11,36,8,6757,0.26,-0.202
11,36,8,6796,-0.094,0.486
11,36,8,6835,0.407,-0.612
11,36,8,6874,-0.595,-0.086
11,36,8,6914,0.399,-0.354
11,36,8,6953,-0.959,0.846
11,36,8,6992,0.6,-0.026
11,36,8,7031,-0.414,0.367
11,36,8,7070,0.621,0.648
11,36,8,7109,0.211,-1.309
11,36,8,7148,0.081,1.068
11,36,8,7187,-0.326,-1.152
11,36,8,7226,-0.433,0.264
11,36,8,7265,-0.289,0.078
11,36,8,7304,-0.178,-0.677
11,36,8,7343,-0.306,0.729
11,36,8,7382,0.397,-0.649
11,36,8,7421,0.38,-0.487
11,36,8,7460,0.443,-0.008
11,36,8,7499,-0.229,-0.77
11,36,8,7539,-0.389,0.4
11,36,8,7578,0.15,0.045
11,36,8,7617,0.864,0.443
11,36,8,7656,0.541,0.433
11,36,8,7695,0.704,-0.686
11,36,8,7734,0.271,-0.615
11,36,8,7773,0.321,-0.128
11,36,8,7812,-0.054,-0.497
11,36,8,7851,-0.666,0.567
11,36,8,7890,-0.769,0.892
11,36,8,7929,-0.145,-0.22
11,36,8,7968,-0.363,-0.307
11,36,8,8007,-0.073,-0.178
11,36,8,8046,-0.465,-0.406
11,36,8,8085,0.549,0.071
11,36,8,8124,0.554,0.285
11,36,8,8164,0.492,-0.936
11,36,8,8203,-0.024,-0.299
11,36,8,8242,0.476,0.414
11,36,8,8281,0.684,-0.21
11,36,8,8320,0.648,-0.117
11,36,8,8359,0.012,0.43
11,36,8,8398,0.232,-0.492
11,36,8,8437,-0.286,0.824
11,36,8,8476,0.127,0.085
11,36,8,8515,0.175,-0.735
11,36,8,8554,-0.018,0.787
11,36,8,8593,-0.338,-0.467
11,36,8,8632,-0.03,-0.3
11,36,8,8671,-0.123,0.331
11,36,8,8710,0.246,-0.819
11,36,8,8749,0.128,0.62
11,36,8,8789,0.386,-0.216
11,36,8,8828,0.278,-0.706
11,36,8,8867,0.53,0.326
11,36,8,8906,0.289,0.09
11,36,8,8945,0.393,-0.214
11,36,8,8984,-0.497,0.924
11,36,8,9023,0.912,-0.753
11,36,8,9062,-0.276,-0.443
11,36,8,9101,0.615,-0.009
11,36,8,9140,-0.952,0.04
11,36,8,9179,1.1,0.074
11,36,8,9218,-0.676,-0.836
11,36,8,9257,0.585,0.383
11,36,8,9296,-1.051,-0.444
11,36,8,9335,0.237,0.746
11,36,8,9374,-0.858,-0.779
11,36,8,9414,0.572,0.524
11,36,8,9453,-0.381,-0.565
11,36,8,9492,0.09,0.61
11,36,8,9531,-0.071,-0.49
11,36,8,9570,0.942,-0.333
11,36,8,9609,0.095,0.036
11,36,8,9648,0.588,-0.3
11,36,8,9687,-0.501,-0.176
11,36,8,9726,-0.022,0.392
11,36,8,9765,-0.699,-0.591
11,36,8,9804,0.133,0.574
11,36,8,9843,-0.264,0.181
11,36,8,9882,0.737,0.148
11,36,8,9921,-0.082,-0.817
11,36,8,9960,0.491,0.186
11,36,8,9999,-0.585,-0.711
11,36,8,10039,-0.046,0.95
11,36,8,10078,0.032,-0.756
11,36,8,10117,-0.213,0.4
11,36,8,10156,0.452,-0.1
11,36,8,10195,0.066,0.227
11,36,8,10234,0.486,-0.08
11,36,8,10273,-0.236,-0.396
11,36,8,10312,-0.381,0.724
11,36,8,10351,-0.355,-0.499
11,36,8,10390,-0.288,0.436
11,36,8,10429,-0.311,0.29
11,36,8,10468,-0.157,-0.456
11,36,8,10507,0.007,0.404
11,36,8,10546,-0.169,-0.325
11,36,8,10585,0.1,0.38
11,36,8,10624,-0.286,0.236
11,36,8,10664,-0.134,-0.372
11,36,8,10703,-0.155,0.154
11,36,8,10742,-0.167,0.49
11,36,8,10781,0.104,-0.556
11,36,8,10820,-0.203,0.825
11,36,8,10859,0.309,0.086
11,36,8,10898,0.211,-0.317
11,36,8,10937,0.753,0.145
11,36,8,10976,0.247,-1.038
11,36,8,11015,0.204,0.277
11,36,8,11054,0.144,0.181
11,36,8,11093,0.266,-0.501
11,36,8,11132,-0.258,0.611
11,36,8,11171,0.188,-0.346
11,36,8,11210,-0.662,0.189
11,36,8,11249,0.206,-0.11
11,36,8,11289,-0.664,0.304
11,36,8,11328,0.104,0.213
11,36,8,11367,-1.148,-0.556
11,36,8,11406,0.313,0.976
11,36,8,11445,-0.589,-0.707
11,36,8,11484,0.281,0.248
11,36,8,11523,-0.658,0.02
11,36,8,11562,0.564,0.099
11,36,8,11601,-0.222,-0.326
11,36,8,11640,0.345,0.752
11,36,8,11679,-0.041,-0.537
11,36,8,11718,-0.099,0.446
11,36,8,11757,-0.428,-0.134
11,36,8,11796,0.158,0.545
11,36,8,11835,-0.248,0.062
11,36,8,11874,0.316,-0.276
11,36,8,11914,-0.273,0.456
11,36,8,11953,0.278,-0.157
11,36,8,11992,-0.296,-0.701
11,36,8,12031,0.219,0.801
11,36,8,12070,0.278,-0.656
11,36,8,12109,-0.141,0.677
11,36,8,12148,0.088,-0.609
11,36,8,12187,0.072,0.201
11,36,8,12226,-0.112,-0.064
11,36,8,12265,-0.303,-0.26
11,36,8,12304,-0.284,0.661
11,36,8,12343,-0.47,0.227
11,36,8,12382,0.451,-0.675
11,36,8,12421,-0.426,0.398
11,36,8,12460,0.083,-0.548
11,36,8,12499,-0.245,0.338
11,36,8,12539,0.534,0.319
11,36,8,12578,0.066,-0.533
11,36,8,12617,0.198,0.448
11,36,8,12656,-0.124,0.104
11,36,8,12695,0.573,-0.725
11,36,8,12734,0.042,-0.322
11,36,8,12773,0.102,0.102
11,36,8,12812,-0.319,-0.093
11,36,8,12851,-0.268,0.228
11,36,8,12890,0.116,0.128
11,36,8,12929,-0.175,-0.082
11,36,8,12968,-0.18,0.189
11,36,8,13007,-0.05,-0.181
11,36,8,13046,-0.054,-0.144
11,36,8,13085,0.482,-0.427
11,36,8,13124,-0.391,0.535
11,36,8,13164,0.544,-1.046
11,36,8,13203,0.044,0.167
11,36,8,13242,0.507,0.605
11,36,8,13281,0.061,-1.202
11,36,8,13320,0.511,0.734
11,36,8,13359,-0.244,-0.25
11,36,8,13398,0.128,-0.04
11,36,8,13437,-0.088,0.238
11,36,8,13476,0.094,-0.006
11,36,8,13515,0.177,-0.149
11,36,8,13554,-0.33,0.891
11,36,8,13593,0.51,-1.051
11,36,8,13632,-0.285,-0.392
11,36,8,13671,-0.177,0.863
11,36,8,13710,0.113,-1.11
11,36,8,13749,-0.286,0.858
11,36,8,13789,0.854,-0.652
11,36,8,13828,-0.522,-0.144
11,36,8,13867,0.495,0.273
11,36,8,13906,-0.233,-1.089
11,36,8,13945,0.08,0.915
11,36,8,13984,0.235,-0.891
11,36,8,14023,-0.345,1.284
11,36,8,14062,0.7,-1.292
11,36,8,14101,-0.361,0.003
11,36,8,14140,0.822,0.083
11,36,8,14179,-0.418,-0.849
11,36,8,14218,0.153,1.088
11,36,8,14257,-0.685,-0.329
11,36,8,14296,1.065,0.041
11,36,8,14335,0.009,-0.561
11,36,8,14374,0.495,0.392
11,36,8,14414,-0.484,-0.388
11,36,8,14453,0.336,0.051
11,36,8,14492,-0.43,-0.495
11,36,8,14531,0.954,0.16
11,36,8,14570,-0.807,0.319
11,36,8,14609,0.082,-0.189
11,36,8,14648,-0.303,-1.039
11,36,8,14687,0.049,1.29
11,36,8,14726,0.464,-1.935
11,36,8,14765,-0.414,2.201
11,36,8,14804,-0.199,-0.403
11,36,8,14843,-0.261,-1.119
11,36,8,14882,0.293,0.68
11,36,8,14921,-0.2,-0.821
11,36,8,14960,-0.452,0.713
11,36,8,14999,-0.286,0.255
11,36,8,15039,0.272,-0.834
11,36,8,15078,0.249,0.761
11,36,8,15117,0.359,-0.059
11,36,8,15156,-0.145,0.368
11,36,8,15195,-0.218,-0.398
11,36,8,15234,-0.164,0.168
11,36,8,15273,0.395,-0.512
11,36,8,15312,-0.09,0.117
11,36,8,15351,-0.154,-0.061
11,36,8,15390,-0.499,-0.251
11,36,8,15429,0.259,-0.65
11,36,8,15468,-0.231,0.108
11,36,8,15507,0.192,0.056
11,36,8,15546,-0.548,0.078
11,36,8,15585,0.24,-0.24
11,36,8,15624,-0.169,-0.555
11,36,8,15664,0.765,0.195
11,36,8,15703,0.084,0.437
11,36,8,15742,0.014,-0.317
11,36,8,15781,-0.484,-0.315
11,36,8,15820,0.049,-0.144
11,36,8,15859,-0.495,0.143
11,36,8,15898,0.069,0.448
11,36,8,15937,-0.474,0.16
11,36,8,15976,0.521,-0.156
11,36,8,16015,-0.281,-0.268
11,36,8,16054,0.408,0.032
11,36,8,16093,-0.47,-0.05
11,36,8,16132,0.658,-0.011
11,36,8,16171,-0.663,-0.359
11,36,8,16210,0.424,0.299
11,36,8,16249,-0.509,-0.99
11,36,8,16289,-0.202,1.144
11,36,8,16328,-0.514,-0.563
11,36,8,16367,-0.417,0.795
11,36,8,16406,-0.178,-0.697
11,36,8,16445,-0.548,0.755
11,36,8,16484,0.024,-0.067
11,36,8,16523,-0.598,0.368
11,36,8,16562,0.387,-0.462
11,36,8,16601,-0.364,0.285
11,36,8,16640,0.52,-0.094
11,36,8,16679,-0.505,0.379
11,36,8,16718,0.771,-0.719
11,36,8,16757,-0.516,0.59
11,36,8,16796,1.524,-0.698
11,36,8,16835,-0.737,0.028
11,36,8,16874,1.393,-0.686
11,36,8,16914,-1.216,0.201
11,36,8,16953,0.616,0.491
11,36,8,16992,-1.204,-0.57
11,36,8,17031,0.804,0.805
11,36,8,17070,-1.134,-0.735
11,36,8,17109,0.535,0.041
11,36,8,17148,-1.125,-0.186
11,36,8,17187,0.984,0.09
11,36,8,17226,-1.035,0.056
11,36,8,17265,0.223,0.847
11,36,8,17304,-1.032,-0.717
11,36,8,17343,0.71,0.695
11,36,8,17382,0.063,-0.19
11,36,8,17421,1.06,0.024
11,36,8,17460,0.128,-0.041
11,36,8,17499,0.964,-0.556
11,36,8,17539,-0.736,-1.012
11,36,8,17578,0.402,1.105
11,36,8,17617,-0.766,-0.097
11,36,8,17656,0.338,0.566
11,36,8,17695,-0.358,-0.356
11,36,8,17734,0.481,0.393
11,36,8,17773,0.02,-0.495
11,36,8,17812,0.305,0.616
11,36,8,17851,-0.347,-0.414
11,36,8,17890,-0.128,0.125
11,36,8,17929,-0.795,0.319
11,36,8,17968,0.277,-0.17
11,36,8,18007,-0.507,0.178
11,36,8,18046,0.813,0.436
11,36,8,18085,-0.191,-0.59
11,36,8,18124,0.889,-0.137
11,36,8,18164,-0.445,-0.103
11,36,8,18203,0.591,-0.082
11,36,8,18242,-0.858,0.121
11,36,8,18281,0.966,0.331
11,36,8,18320,-0.837,-0.244
11,36,8,18359,1.12,0.521
11,36,8,18398,-0.653,-0.5
11,36,8,18437,0.993,-0.13
11,36,8,18476,-1.008,-0.839
11,36,8,18515,0.052,1.607
11,36,8,18554,-0.91,-1.673
11,36,8,18593,0.317,1.518
11,36,8,18632,-0.448,-0.39
11,36,8,18671,0.271,0.231
11,36,8,18710,-0.128,-0.394
11,36,8,18749,0.321,-0.136
11,36,8,18789,-0.075,-0.722
11,36,8,18828,-0.178,1.256
11,36,8,18867,0.495,-0.999
11,36,8,18906,0.043,0.288
11,36,8,18945,0.819,-1.3
11,36,8,18984,-0.038,0.685
11,36,8,19023,0.445,-0.556
11,36,8,19062,-1.121,0.417
11,36,8,19101,0.166,0.048
11,36,8,19140,-0.553,0.705
11,36,8,19179,0.859,-0.347
11,36,8,19218,-0.976,0.283
11,36,8,19257,0.561,-0.219
11,36,8,19296,-0.777,-0.606
11,36,8,19335,1.266,-0.272
11,36,8,19374,-1.01,0.083
11,36,8,19414,0.621,0.862
11,36,8,19453,-0.696,-0.872
11,36,8,19492,1.235,0.162
11,36,8,19531,0.317,-0.801
11,36,8,19570,0.545,0.847
11,36,8,19609,-0.095,-0.587
11,36,8,19648,0.255,-0.257
11,36,8,19687,-0.137,0.237
11,36,8,19726,0.057,0.342
11,36,8,19765,-0.552,-0.112
11,36,8,19804,0.053,0.362
11,36,8,19843,0.003,-0.363
11,36,8,19882,0.236,0.016
11,36,8,19921,0.122,-0.563
11,36,8,19960,-0.334,0.136
11,36,8,19999,0.064,-0.04
11,36,8,20039,0.46,0.193
11,36,8,20078,0.232,-0.328
11,36,8,20117,0.221,-0.284
11,36,8,20156,-0.048,0.668
11,36,8,20195,0.525,-0.545
11,36,8,20234,0.526,-0.529
11,36,8,20273,0.329,0.37
11,36,8,20312,-0.031,-0.016
11,36,8,20351,0.148,0.662
11,36,8,20390,0.036,-0.503
11,36,8,20429,0.132,-0.097
11,36,8,20468,-0.038,0.259
11,36,8,20507,0.026,-0.329
11,36,8,20546,-0.262,0.561
11,36,8,20585,0.583,-0.474
11,36,8,20624,0.116,0.18
11,36,8,20664,0.558,0.1
11,36,8,20703,-0.332,-0.324
11,36,8,20742,0.307,0.076
11,36,8,20781,-0.01,0.183
11,36,8,20820,0.666,0.165
11,36,8,20859,0.473,-0.307
11,36,8,20898,0.346,0.645
11,36,8,20937,0.865,-0.971
11,36,8,20976,0.452,-0.104
11,36,8,21015,0.406,0.773
11,36,8,21054,0.276,-0.689
11,36,8,21093,-0.725,0.747
11,36,8,21132,-0.263,-0.579
11,36,8,21171,0.077,0.157
11,36,8,21210,-0.66,0.925
11,36,8,21249,0.712,-0.946
11,36,8,21289,-0.24,0.77
11,36,8,21328,0.691,-0.701
11,36,8,21367,-0.494,-1.193
11,36,8,21406,-0.09,1.878
11,36,8,21445,0.13,-1.114
11,36,8,21484,0.55,1.336
11,36,8,21523,0.884,-1.088
11,36,8,21562,0.587,-0.222
11,36,8,21601,0.229,0.217
11,36,8,21640,-0.293,-0.392
11,36,8,21679,0.125,0.464
11,36,8,21718,-0.681,0.128
11,36,8,21757,0.065,-0.158
11,36,8,21796,-0.893,0.996
11,36,8,21835,0.596,-0.613
11,36,8,21874,-0.502,-0.453
11,36,8,21914,-0.268,0.621
11,36,8,21953,-0.722,-0.751
11,36,8,21992,-0.588,0.648
11,36,8,22031,0.041,-0.496
11,36,8,22070,0.002,0.329
11,36,8,22109,0.423,0.116
11,36,8,22148,0.355,-0.801
11,36,8,22187,0.506,-0.208
11,36,8,22226,-0.153,0.057
11,36,8,22265,0.22,0.788
11,36,8,22304,-0.132,0.078
11,36,8,22343,0.606,-0.018
11,36,8,22382,-0.038,-0.491
11,36,8,22421,0.127,0.198
11,36,8,22460,-0.112,0.329
11,36,8,22499,0.307,0.084
11,36,8,22539,-0.133,0.041
11,36,8,22578,-0.442,0.469
11,36,8,22617,-0.226,0.102
11,36,8,22656,-0.118,-0.087
11,36,8,22695,-0.407,0.273
11,36,8,22734,-0.044,-0.041
11,36,8,22773,-0.221,-0.309
11,36,8,22812,-0.198,-0.083
11,36,8,22851,-0.384,0.669
11,36,8,22890,0.34,-0.473
11,36,8,22929,-0.342,-0.042
11,36,8,22968,0.465,-0.16
11,36,8,23007,-0.126,0.072
11,36,8,23046,0.88,0.144
11,36,8,23085,-0.505,-0.1
11,36,8,23124,0.763,0.541
11,36,8,23164,-0.797,0.261
11,36,8,23203,0.908,0.506
11,36,8,23242,-0.382,-0.463
11,36,8,23281,0.912,0.256
11,36,8,23320,-0.561,-1.15
11,36,8,23359,0.125,0.714
11,36,8,23398,-0.882,-0.544
11,36,8,23437,-0.33,0.805
11,36,8,23476,-0.957,0.225
11,36,8,23515,-0.672,0.541
11,36,8,23554,-0.645,0.166
11,36,8,23593,0.345,-0.5
11,36,8,23632,-0.23,-0.279
11,36,8,23671,0.487,0.067
11,36,8,23710,0.064,-0.235
11,36,8,23749,0.68,0.03
11,36,8,23789,-0.152,-0.596
11,36,8,23828,0.384,0.078
11,36,8,23867,-0.618,0.241
11,36,8,23906,0.033,0.66
11,36,8,23945,-0.499,-0.37
11,36,8,23984,-0.137,0.919
11,36,8,24023,-0.539,-0.599
11,36,8,24062,-0.694,0.601
11,36,8,24101,-0.077,0.377
11,36,8,24140,-0.142,-0.007
11,36,8,24179,0.322,-0.517
11,36,8,24218,0.001,-0.44
11,36,8,24257,0.211,0.54
11,36,8,24296,0.309,-0.759
11,36,8,24335,0.241,-0.111
11,36,8,24374,-0.16,0.176
11,36,8,24414,-0.362,0.363
11,36,8,24453,0.039,0.277
11,36,8,24492,-0.454,-0.546
11,36,8,24531,-0.3,0.218
11,36,8,24570,-0.87,-0.03
11,36,8,24609,-0.31,0.642
11,36,8,24648,-0.481,-0.303
11,36,8,24687,-0.492,0.503
11,36,8,24726,-0.249,-0.15
11,36,8,24765,-0.247,-0.181
11,36,8,24804,0.265,0.166
11,36,8,24843,-0.011,-0.506
11,36,8,24882,-0.048,-0.144
11,36,8,24921,0.186,0.085
11,36,8,24960,0.364,0.011
11,36,8,24999,0.358,-0.023
11,36,8,25039,0.118,0.09
11,36,8,25078,-0.004,-0.123
11,36,8,25117,-0.243,-0.263
11,36,8,25156,-0.232,-0.153
11,36,8,25195,-0.708,-0.17
11,36,8,25234,-0.283,0.76
11,36,8,25273,-0.488,-0.275
11,36,8,25312,-0.325,-0.367
11,36,8,25351,-0.458,-0.182
11,36,8,25390,0.31,-0.234
11,36,8,25429,-0.013,-0.008
11,36,8,25468,0.078,0.238
11,36,8,25507,0.058,-0.555
11,36,8,25546,-0.115,0.359
11,36,8,25585,0.814,-0.849
11,36,8,25624,-0.383,0.978
11,36,8,25664,0.581,-0.349
11,36,8,25703,-0.794,0.415
11,36,8,25742,0.314,-0.215
11,36,8,25781,-0.335,-0.956
11,36,8,25820,0.085,1.493
11,36,8,25859,-0.333,-1.083
11,36,8,25898,-0.161,-0.048
11,36,8,25937,0.094,-0.159
11,36,8,25976,-0.328,-0.077
11,36,8,26015,-0.04,0.422
11,36,8,26054,-0.52,0.239
11,36,8,26093,0.59,-1.046
11,36,8,26132,-0.048,-0.167
11,36,8,26171,0.035,0.946
11,36,8,26210,0.481,-1.933
11,36,8,26249,0.023,2.243
11,36,8,26289,0.833,-1.199
11,36,8,26328,-0.839,0.132
11,36,8,26367,0.767,0.915
11,36,8,26406,-0.315,-1.305
11,36,8,26445,0.147,1.342
11,36,8,26484,0.043,-0.95
11,36,8,26523,0.038,0.467
11,36,8,26562,-0.169,-0.527
11,36,8,26601,-0.083,-0.133
11,36,8,26640,-0.266,0.094
11,36,8,26679,0.033,-0.623
11,36,8,26718,-0.166,1.013
11,36,8,26757,-0.239,-0.309
11,36,8,26796,-0.082,-0.01
11,36,8,26835,-0.335,0.384
11,36,8,26874,0.224,-0.119
11,36,8,26914,0.281,0.168
11,36,8,26953,0.22,0.214
11,36,8,26992,0.563,-0.89
11,36,8,27031,-0.066,0.284
11,36,8,27070,0.365,-0.704
11,36,8,27109,-0.129,-0.289
11,36,8,27148,-0.082,0.728
11,36,8,27187,-0.225,-0.221
11,36,8,27226,-0.011,0.019
11,36,8,27265,-0.236,-0.751
11,36,8,27304,0.189,0.014
11,36,8,27343,-0.277,0.05
11,36,8,27382,-0.381,0.212
11,36,8,27421,-0.294,-0.013
11,36,8,27460,-0.247,-0.103
11,36,8,27499,-0.084,0.167
11,36,8,27539,-0.233,0.256
11,36,8,27578,0.132,-0.069
11,36,8,27617,0.238,-0.299
11,36,8,27656,-0.132,0.098
11,36,8,27695,0.219,-0.176
11,36,8,27734,-0.23,0.273
11,36,8,27773,-0.344,0.258
11,36,8,27812,-0.107,-0.727
11,36,8,27851,-0.44,0.053
11,36,8,27890,-0.316,0.175
11,36,8,27929,-0.565,0.087
11,36,8,27968,-0.236,0.152
11,36,8,28007,0.04,-0.566
11,36,8,28046,-0.321,0.611
11,36,8,28085,-0.187,-0.133
11,36,8,28124,-0.11,-0.358
11,36,8,28164,-0.146,-0.046
11,36,8,28203,0.258,0.163
11,36,8,28242,0.478,0.59
11,36,8,28281,0.073,0.138
11,36,8,28320,0.365,-0.138
11,36,8,28359,-0.005,-0.242
11,36,8,28398,0.117,-0.096
11,36,8,28437,-0.126,0.434
11,36,8,28476,-0.699,0.557
11,36,8,28515,-0.517,-0.324
11,36,8,28554,-0.419,-0.298
11,36,8,28593,-0.119,-0.425
11,36,8,28632,-0.713,0.05
11,36,8,28671,-0.366,0.349
11,36,8,28710,-0.622,-0.32
11,36,8,28749,-0.073,0.205
11,36,8,28789,-0.254,-0.483
11,36,8,28828,0.201,0.742
11,36,8,28867,0.037,0.038
11,36,8,28906,0.259,-0.016
11,36,8,28945,0.402,0.129
11,36,8,28984,0.392,-0.236
11,36,8,29023,0.274,0.554
11,36,8,29062,0.591,0.332
11,36,8,29101,0.225,-0.963
11,36,8,29140,0.261,0.413
11,36,8,29179,-0.632,-0.138
11,36,8,29218,-0.431,0.252
11,36,8,29257,-0.317,0.223
11,36,8,29296,-0.274,-0.08
11,36,8,29335,-0.305,-0.589
11,36,8,29374,-0.685,0.489
11,36,8,29414,-0.435,-0.452
11,36,8,29453,-0.349,0.213
11,36,8,29492,-0.061,0.02
11,36,8,29531,-0.428,0.021
11,36,8,29570,0.505,0.178
11,36,8,29609,0.009,-0.39
11,36,8,29648,0.607,-0.366
11,36,8,29687,-0.061,0.242
11,36,8,29726,0.202,0.437
11,36,8,29765,-0.251,-0.007
11,36,8,29804,0.28,0.147
11,36,8,29843,0.247,-0.296
11,36,8,29882,0.253,0.024
11,36,8,29921,-0.241,0.004
11,36,8,29960,0.106,-0.295
11,36,8,29999,-0.201,0.046
11,36,8,30039,-0.154,0.126
11,36,8,30078,-0.379,-0.048
11,36,8,30117,-0.26,0.091
11,36,8,30156,-0.582,-0.01
11,36,8,30195,-0.3,-0.363
11,36,8,30234,-0.263,-0.308
11,36,8,30273,0.109,0.217
11,36,8,30312,-0.387,-0.279
11,36,8,30351,0.122,-0.047
11,36,8,30390,0.033,0.047
11,36,8,30429,0.28,0.016
11,36,8,30468,0.122,-0.278
11,36,8,30507,0.028,0.389
11,36,8,30546,0.027,-0.16
11,36,8,30585,0.209,-0.138
11,36,8,30624,-0.167,0.111
11,36,8,30664,0.384,-0.149
11,36,8,30703,-0.202,0.203
11,36,8,30742,0.335,-0.453
11,36,8,30781,-0.697,-0.401
11,36,8,30820,0.246,0.658
11,36,8,30859,-0.358,-0.697
11,36,8,30898,-0.232,0.413
11,36,8,30937,-0.348,-0.416
11,36,8,30976,0.117,0.131
11,36,8,31015,-0.155,-1.018
11,36,8,31054,-0.193,0.291
11,36,8,31093,-0.308,0.08
11,36,8,31132,-0.248,-0.372
11,36,8,31171,0.051,-0.261
11,36,8,31210,-0.372,-0.028
11,36,8,31249,0.201,0.163
11,36,8,31289,0.082,0.317
11,36,8,31328,0.404,-0.622
11,36,8,31367,0.331,-0.143
11,36,8,31406,-0.066,0.172
11,36,8,31445,-0.081,-0.634
11,36,8,31484,0.103,0.259
11,36,8,31523,0.344,0.326
11,36,8,31562,0.027,-0.781
11,36,8,31601,-0.31,0.316
11,36,8,31640,-0.235,-0.113
11,36,8,31679,-0.019,0.319
11,36,8,31718,-0.093,-0.177
11,36,8,31757,-0.146,0.006
11,36,8,31796,-0.197,-0.196
11,36,8,31835,-0.395,0.099
11,36,8,31874,0.12,-0.848
11,36,8,31914,-0.496,-0.241
11,36,8,31953,0.126,0.676
11,36,8,31992,-0.048,-0.076
11,36,8,32031,0.356,-0.373
11,36,8,32070,0.344,-0.004
11,36,8,32109,0.925,-0.564
11,36,8,32148,-0.037,0.115
11,36,8,32187,0.363,-0.213
11,36,8,32226,-0.603,-0.217
11,36,8,32265,0.355,0.408
11,36,8,32304,-0.248,-0.526
11,36,8,32343,0.344,0.764
11,36,8,32382,-0.273,-0.558
11,36,8,32421,-0.219,-0.045
11,36,8,32460,-0.037,-0.587
11,36,8,32499,0.085,-0.018
11,36,8,32539,-0.158,0.22
11,36,8,32578,-0.314,-0.082
11,36,8,32617,-0.219,-0.235
11,36,8,32656,0.044,-0.563
11,36,8,32695,0.248,-0.128
11,36,8,32734,0.096,0.628
11,36,8,32773,0.049,-0.49
11,36,8,32812,-0.361,-0.162
11,36,8,32851,0.017,-0.197
11,36,8,32890,-0.255,0.485
11,36,8,32929,0.177,-0.095
11,36,8,32968,-0.003,-0.096
11,36,8,33007,0.364,0.117
11,36,8,33046,0.22,-0.841
11,36,8,33085,0.487,0.04
11,36,8,33124,0.36,-0.138
11,36,8,33164,0.267,-0.664
11,36,8,33203,-0.448,0.023
11,36,8,33242,-0.173,0.1
11,36,8,33281,-0.371,-0.121
11,36,8,33320,0.028,0.429
11,36,8,33359,0.101,-0.369
11,36,8,33398,-0.195,-0.101
11,36,8,33437,0.034,-0.357
11,36,8,33476,-0.224,-0.019
11,36,8,33515,-0.088,-0.354
11,36,8,33554,0.133,0.034
11,36,8,33593,-0.381,0.364
11,36,8,33632,-0.088,-0.236
11,36,8,33671,-0.259,0.106
11,36,8,33710,-0.071,0.168
11,36,8,33749,-0.112,-0.465
11,36,8,33789,-0.301,0.809
11,36,8,33828,-0.049,-0.507
11,36,8,33867,-0.345,-0.353
11,36,8,33906,0.116,0.302
11,36,8,33945,-0.03,-0.46
11,36,8,33984,0.116,0.307
11,36,8,34023,-0.035,-0.199
11,36,8,34062,0.046,-0.23
11,36,8,34101,-0.002,0.23
11,36,8,34140,0.132,-0.075
11,36,8,34179,-0.041,0.154
11,36,8,34218,-0.001,0.099
11,36,8,34257,0.121,-0.682
11,36,8,34296,-0.077,0.088
11,36,8,34335,-0.274,0.487
11,36,8,34374,-0.129,0.33
11,36,8,34414,-0.147,-0.546
11,36,8,34453,-0.389,0.046
11,36,8,34492,-0.264,0.209
11,36,8,34531,-0.14,-0.329
11,36,8,34570,-0.218,0.326
11,36,8,34609,0.016,0.153
11,36,8,34648,0.591,0.021
11,36,8,34687,0.482,-0.343
11,36,8,34726,0.173,-0.165
11,36,8,34765,0.003,-0.164
11,36,8,34804,-0.043,0.105
11,36,8,34843,0.19,-0.019
11,36,8,34882,-0.003,0.308
11,36,8,34921,-0.063,0.074
11,36,8,34960,-0.351,-0.289
11,36,8,34999,0.19,-0.203
11,36,8,35039,-0.342,-0.355
11,36,8,35078,-0.016,0.136
11,36,8,35117,-0.525,0.216
11,36,8,35156,-0.144,-0.158
11,36,8,35195,0.025,-0.003
11,36,8,35234,0.345,-0.305
11,36,8,35273,0.243,-0.121
11,36,8,35312,0.245,0.247
11,36,8,35351,0.067,0.009
11,36,8,35390,0.087,0.123
11,36,8,35429,0.056,0.056
11,36,8,35468,0.31,-0.161
11,36,8,35507,0.146,0.014
11,36,8,35546,0.163,-0.107
11,36,8,35585,-0.118,-0.562
11,36,8,35624,-0.3,0.505
11,36,8,35664,-0.496,0.258
11,36,8,35703,-0.18,0.113
11,36,8,35742,-0.115,0.192
11,36,8,35781,0.189,-0.096
11,36,8,35820,0.025,-0.695
11,36,8,35859,0.16,0.062
11,36,8,35898,0.033,-0.045
11,36,8,35937,-0.221,0.483
11,36,8,35976,-0.068,-0.249
11,36,8,36015,-0.05,0.076
11,36,8,36054,0.285,0.489
11,36,8,36093,0.404,-0.551
11,36,8,36132,0.304,0.022
11,36,8,36171,0.002,-0.041
11,36,8,36210,-0.077,-0.308
11,36,8,36249,-0.045,0.232
11,36,8,36289,-0.176,0.104
11,36,8,36328,-0.027,0.001
11,36,8,36367,-0.24,0.106
11,36,8,36406,0.089,-0.005
11,36,8,36445,-0.144,-0.363
11,36,8,36484,-0.084,-0.331
11,36,8,36523,-0.348,-0.009
11,36,8,36562,-0.407,0.278
11,36,8,36601,0.239,-0.138
11,36,8,36640,0.069,0.264
11,36,8,36679,0.21,-0.328
11,36,8,36718,-0.022,-0.883
11,36,8,36757,0.309,0.684
11,36,8,36796,0.642,-0.312
11,36,8,36835,0.407,-0.118
11,36,8,36874,0.444,0.146
11,36,8,36914,0.064,-0.196
11,36,8,36953,0.459,-0.089
11,36,8,36992,0.229,-0.339
11,36,8,37031,0.136,0.363
11,36,8,37070,-0.167,-0.215
11,36,8,37109,-0.423,-0.129
11,36,8,37148,-0.422,-0.415
11,36,8,37187,-0.009,0.071
11,36,8,37226,-0.072,0.312
11,36,8,37265,-0.407,-0.033
11,36,8,37304,0.008,-0.543
11,36,8,37343,0.4,0.151
11,36,8,37382,0.39,-0.276
11,36,8,37421,-0.338,-0.237
11,36,8,37460,-0.18,0.257
11,36,8,37499,-0.042,-0.163
11,36,8,37539,0.62,-0.004
11,36,8,37578,0.543,-0.52
11,36,8,37617,0.167,-0.092
11,36,8,37656,0.004,0.101
11,36,8,37695,0.472,-0.366
11,36,8,37734,0.63,0.094
11,36,8,37773,0.298,0.271
11,36,8,37812,-0.511,-0.347
11,36,8,37851,-0.093,0.249
11,36,8,37890,0.079,-0.284
11,36,8,37929,-0.015,0.209
11,36,8,37968,0.153,0.432
11,36,8,38007,-0.027,-0.422
11,36,8,38046,0.028,-0.758
11,36,8,38085,0.195,-0.007
11,36,8,38124,0.497,0.408
11,36,8,38164,0.242,-0.172
11,36,8,38203,0.079,-0.178
11,36,8,38242,0.653,-0.325
11,36,8,38281,0.857,-0.546
11,36,8,38320,0.493,0.065
11,36,8,38359,0.103,-0.458
11,36,8,38398,-0.162,0.078
11,36,8,38437,0.418,0.061
11,36,8,38476,0.227,-0.511
11,36,8,38515,-0.006,0.225
11,36,8,38554,-0.341,0.254
11,36,8,38593,0.011,-0.419
11,36,8,38632,-0.022,-0.123
11,36,8,38671,0.443,0.379
11,36,8,38710,-0.014,-0.229
11,36,8,38749,0.248,0.356
11,36,8,38789,0.312,-0.692
11,36,8,38828,0.229,-0.019
11,36,8,38867,-0.028,0.031
11,36,8,38906,-0.088,0.292
11,36,8,38945,-0.033,-0.459
11,36,8,38984,0.272,0.057
11,36,8,39023,0.061,-0.094
11,36,8,39062,0.294,-0.48
11,36,8,39101,-0.089,-0.315
11,36,8,39140,-0.626,0.249
11,36,8,39179,-0.481,0.326
11,36,8,39218,0.043,0.427
11,36,8,39257,0.147,-0.467
11,36,8,39296,0.134,0.391
11,36,8,39335,0.468,-0.402
11,36,8,39374,0.246,-0.86
11,36,8,39414,0.081,0.05
11,36,8,39453,-0.253,0.259
11,36,8,39492,0.23,-0.013
11,36,8,39531,-0.091,0.523
11,36,8,39570,0.039,-0.103
11,36,8,39609,0.211,-0.22
11,36,8,39648,0.339,0.121
11,36,8,39687,-0.34,-0.211
11,36,8,39726,0.11,0.343
11,36,8,39765,-0.654,0.47
11,36,8,39804,-0.419,-0.224
11,36,8,39843,-0.46,-0.438
11,36,8,39882,0.189,0.539
11,36,8,39921,0.18,-0.917
11,36,8,39960,-0.167,0.48
11,36,8,39999,0.217,-0.326
11,36,8,40039,-0.106,-0.858
11,36,8,40078,0.189,0.583
11,36,8,40117,-0.225,0.254
11,36,8,40156,0.07,0.263
11,36,8,40195,0.312,-0.048
11,36,8,40234,0.512,-0.098
11,36,8,40273,0.409,-0.189
11,36,8,40312,0.116,0.408
11,36,8,40351,-0.159,0.088
11,36,8,40390,-0.473,-0.24
11,36,8,40429,-0.154,-0.002
11,36,8,40468,-0.523,-0.134
11,36,8,40507,-0.068,0.348
11,36,8,40546,-0.024,0.458
11,36,8,40585,0.13,-0.733
11,36,8,40624,-0.27,-0.191
11,36,8,40664,-0.233,0.316
11,36,8,40703,-0.563,-0.003
11,36,8,40742,-0.3,0.386
11,36,8,40781,0.044,-0.152
11,36,8,40820,0.443,0.028
11,36,8,40859,0.27,0.287
11,36,8,40898,0.333,-0.674
11,36,8,40937,0.463,0.125
11,36,8,40976,0.487,0.612
11,36,8,41015,0.313,-0.362
11,36,8,41054,-0.017,0.248
11,36,8,41093,0.388,0.052
11,36,8,41132,0.375,-0.015
11,36,8,41171,0.603,-0.028
11,36,8,41210,0.268,-0.057
11,36,8,41249,0.239,0.624
11,36,8,41289,-0.222,-0.892
11,36,8,41328,-0.386,-0.14
11,36,8,41367,-0.294,0.138
11,36,8,41406,-0.032,0.086
11,36,8,41445,-0.134,0.181
11,36,8,41484,-0.331,-0.717
11,36,8,41523,-0.472,0.333
11,36,8,41562,-0.225,0.247
11,36,8,41601,-0.343,0.601
11,36,8,41640,0.053,0.489
11,36,8,41679,0.005,-0.093
11,36,8,41718,0.453,-0.214
11,36,8,41757,0.323,-0.536
11,36,8,41796,0.421,0.267
11,36,8,41835,0.404,-0.378
11,36,8,41874,0.135,0.051
11,36,8,41914,0.083,0.682
11,36,8,41953,0.244,-0.255
11,36,8,41992,0.018,-0.327
11,36,8,42031,0.063,0.595
11,36,8,42070,-0.115,-0.686
11,36,8,42109,-0.041,-0.191
11,36,8,42148,-0.21,0.459
11,36,8,42187,-0.492,-0.352
11,36,8,42226,-0.391,0.143
11,36,8,42265,-0.596,0.242
11,36,8,42304,-0.155,0.188
11,36,8,42343,0.224,0.029
11,36,8,42382,-0.019,-0.431
11,36,8,42421,-0.12,-0.041
11,36,8,42460,-0.071,-0.028
11,36,8,42499,0.361,0.148
11,36,8,42539,0.665,0.1
11,36,8,42578,0.476,0.021
11,36,8,42617,0.174,-0.152
11,36,8,42656,-0.035,-0.148
11,36,8,42695,0.171,-0.177
11,36,8,42734,0.111,0.65
11,36,8,42773,-0.221,0.154
11,36,8,42812,-0.482,-0.287
11,36,8,42851,0.023,0.07
11,36,8,42890,-0.429,-0.435
11,36,8,42929,-0.113,-0.31
11,36,8,42968,-0.312,0.246
11,36,8,43007,0.253,0.128
11,36,8,43046,0.119,-0.541
11,36,8,43085,0.397,-0.12
11,36,8,43124,0.314,-0.738
11,36,8,43164,0.056,0.42
11,36,8,43203,0.374,0.242
11,36,8,43242,0.412,-0.609
11,36,8,43281,-0.062,-0.353
11,36,8,43320,-0.245,0.205
11,36,8,43359,0.309,0.638
11,36,8,43398,0.238,-0.563
11,36,8,43437,-0.003,0.311
11,36,8,43476,-0.835,0.26
11,36,8,43515,-0.936,-0.232
11,36,8,43554,-0.043,-0.003
11,36,8,43593,-0.186,0.608
11,36,8,43632,0.249,-0.095
11,36,8,43671,-0.033,-0.266
11,36,8,43710,0.361,-0.408
11,36,8,43749,0.011,-0.468
11,36,8,43789,0.457,0.736
11,36,8,43828,0.435,-0.516
11,36,8,43867,0.237,0.123
11,36,8,43906,0.079,0.116
11,36,8,43945,0.118,-0.141
11,36,8,43984,0.723,-0.019
11,36,8,44023,0.352,0.244
11,36,8,44062,-0.324,0.401
11,36,8,44101,-0.62,-0.02
11,36,8,44140,0.38,-0.727
11,36,8,44179,-0.424,0.427
11,36,8,44218,0.274,-0.407
11,36,8,44257,-0.456,-0.068
11,36,8,44296,0.499,-0.128
11,36,8,44335,-0.52,-1.11
11,36,8,44374,0.313,1.241
11,36,8,44414,-0.322,-0.555
11,36,8,44453,-0.109,0.396
11,36,8,44492,-0.224,0.174
11,36,8,44531,0.891,-0.49
11,36,8,44570,0,-0.412
11,36,8,44609,0.345,0.167
11,36,8,44648,-0.697,0.47
11,36,8,44687,0.361,0.225
11,36,8,44726,-0.133,-0.62
11,36,8,44765,0.1,0.596
11,36,8,44804,-0.377,-0.355
11,36,8,44843,0.719,0.182
11,36,8,44882,0.114,-0.93
11,36,8,44921,0.624,-0.053
11,36,8,44960,-0.645,0.545
11,36,8,44999,0.321,0.066
11,36,8,45039,-0.233,-0.551
11,36,8,45078,0.503,0.916
11,36,8,45117,0.357,-1.933
11,36,8,45156,0.355,0.718
11,36,8,45195,0.388,-0.395
11,36,8,45234,-0.308,0.49
11,36,8,45273,0.024,-0.488
11,36,8,45312,-1.051,0.414
11,36,8,45351,0.217,0.175
11,36,8,45390,-0.644,0.268
11,36,8,45429,0.442,0.068
11,36,8,45468,-0.595,-0.533
11,36,8,45507,0.997,-0.19
11,36,8,45546,-0.773,0.047
11,36,8,45585,0.612,-0.329
11,36,8,45624,-1.196,-0.282
11,36,8,45664,0.338,1.172
11,36,8,45703,-0.092,-1.416
11,36,8,45742,0.527,1.353
11,36,8,45781,0.099,-0.514
11,36,8,45820,0.344,-0.122
11,36,8,45859,-0.02,-0.515
11,36,8,45898,-0.342,0.313
11,36,8,45937,0.057,0.326
11,36,8,45976,-0.679,0.426
11,36,8,46015,0.015,-0.472
11,36,8,46054,-0.248,0.078
11,36,8,46093,0.703,0.043
11,36,8,46132,-0.114,-0.529
11,36,8,46171,0.175,0.139
11,36,8,46210,0.009,-0.055
11,36,8,46249,-0.512,-0.213
11,36,8,46289,0.029,-0.279
11,36,8,46328,-0.264,0.495
11,36,8,46367,0.412,0.624
11,36,8,46406,0.196,-1.124
11,36,8,46445,0.454,0.717
11,36,8,46484,0.291,-0.703
11,36,8,46523,-0.379,0.375
11,36,8,46562,-0.014,-0.145
11,36,8,46601,-0.267,0.214
11,36,8,46640,0.195,-0.013
11,36,8,46679,-0.689,0.125
11,36,8,46718,0.097,0.513
11,36,8,46757,-0.503,-0.589
11,36,8,46796,0.205,0.627
11,36,8,46835,-0.26,0.07
11,36,8,46874,-0.158,0.138
11,36,8,46914,-0.08,-0.252
11,36,8,46953,0.098,-0.064
11,36,8,46992,0.139,0.09
11,36,8,47031,0.24,-0.203
11,36,8,47070,-0.32,0.718
11,36,8,47109,0.145,0.331
11,36,8,47148,-0.148,-0.591
11,36,8,47187,-0.006,0.194
11,36,8,47226,-0.392,-0.038
11,36,8,47265,-0.011,0.299
11,36,8,47304,0.092,-0.253
11,36,8,47343,0.237,-0.474
11,36,8,47382,-0.221,0.348
11,36,8,47421,-0.011,0.597
11,36,8,47460,0.07,-0.072
11,36,8,47499,0.292,0.277
11,36,8,47539,0.063,-0.541
11,36,8,47578,-0.04,-0.558
11,36,8,47617,-0.011,-0.02
11,36,8,47656,-0.105,-0.053
11,36,8,47695,0.309,0.142
11,36,8,47734,-0.069,0.693
11,36,8,47773,0.111,-0.3
11,36,8,47812,-0.336,-0.241
11,36,8,47851,0.287,0.158
11,36,8,47890,-0.924,0.219
11,36,8,47929,0.4,-0.143
11,36,8,47968,-0.741,0.299
11,36,8,48007,0.154,0.23
11,36,8,48046,-0.006,-1.301
11,36,8,48085,-0.246,0.809
11,36,8,48124,-0.195,-0.78
11,36,8,48164,-0.611,0.586
11,36,8,48203,-0.011,-0.269
11,36,8,48242,-0.234,-0.479
11,36,8,48281,0.47,0.48
11,36,8,48320,0.188,-0.252
11,36,8,48359,0.031,0.169
11,36,8,48398,0.428,-0.474
11,36,8,48437,-0.457,0.798
11,36,8,48476,0.426,-1.018
11,36,8,48515,-0.206,-0.363
11,36,8,48554,-0.647,1.482
11,36,8,48593,0.425,-2.785
11,36,8,48632,-1.013,2.204
11,36,8,48671,0.234,-0.572
11,36,8,48710,-0.855,-0.281
11,36,8,48749,0.162,1.678
11,36,8,48789,-0.114,-2.755
11,36,8,48828,-0.903,1.446
11,36,8,48867,0.389,-0.858
11,36,8,48906,-0.482,-0.046
11,36,8,48945,-0.007,0.67
11,36,8,48984,-0.571,-0.769
11,36,8,49023,0.158,0.858
11,36,8,49062,0.344,-0.633
11,36,8,49101,0.197,0.49
11,36,8,49140,0.067,-0.434
11,36,8,49179,0.186,-0.306
11,36,8,49218,0.405,-0.115
11,36,8,49257,0.128,-0.367
11,36,8,49296,0.704,0.842
11,36,8,49335,-0.17,-0.621
11,36,8,49374,-0.087,-0.377
11,36,8,49414,-0.098,0.034
11,36,8,49453,0.315,0.068
11,36,8,49492,-0.187,-0.169
11,36,8,49531,-0.351,0.133
11,36,8,49570,-0.262,-0.45
11,36,8,49609,0.233,-0.229
11,36,8,49648,0.316,-0.046
11,36,8,49687,0.235,0.04
11,36,8,49726,-0.195,0.108
11,36,8,49765,0.048,-0.143
11,36,8,49804,0.335,-0.319
11,36,8,49843,0.296,-0.401
11,36,8,49882,0.041,0.49
11,36,8,49921,0.046,0.097
11,36,8,49960,0.37,-0.533
11,36,8,49999,0.213,-0.11
11,36,8,50039,0.477,0.013
11,36,8,50078,-0.021,-0.191
11,36,8,50117,-0.253,0.235
11,36,8,50156,0.166,-0.887
11,36,8,50195,0.03,0.342
11,36,8,50234,0.318,-0.372
11,36,8,50273,-0.098,0.209
11,36,8,50312,0.423,0.219
11,36,8,50351,-0.317,-0.421
11,36,8,50390,0.421,-0.692
11,36,8,50429,-0.93,0.561
11,36,8,50468,0.154,0.248
11,36,8,50507,-0.111,-0.367
11,36,8,50546,0.607,0.181
11,36,8,50585,-0.042,-0.771
11,36,8,50624,1.005,-0.442
11,36,8,50664,-1.265,0.94
11,36,8,50703,1.032,-0.744
11,36,8,50742,-0.752,0.101
11,36,8,50781,0.545,1.012
11,36,8,50820,-0.125,-2.133
11,36,8,50859,1.092,1.314
11,36,8,50898,0.294,-1.495
11,36,8,50937,0.286,-0.525
11,36,8,50976,-0.82,0.727
11,36,8,51015,-0.102,0.022
11,36,8,51054,-0.892,0.205
11,36,8,51093,0.579,0.497
11,36,8,51132,-0.156,-0.269
11,36,8,51171,0.531,-0.069
11,36,8,51210,-0.359,-0.482
11,36,8,51249,0.327,0.276
11,36,8,51289,-0.688,-0.72
11,36,8,51328,-0.054,1.126
11,36,8,51367,-0.773,-0.493
11,36,8,51406,0.296,-0.233
11,36,8,51445,-0.045,-0.383
11,36,8,51484,0.673,-0.062
11,36,8,51523,-0.173,-0.035
11,36,8,51562,0.212,0.871
11,36,8,51601,-0.305,-1.118
11,36,8,51640,0.208,0.868
11,36,8,51679,-0.254,-0.493
11,36,8,51718,0.135,0.139
11,36,8,51757,-0.457,0.466
11,36,8,51796,0.248,-0.028
11,36,8,51835,0.111,-0.42
11,36,8,51874,0.366,0.512
11,36,8,51914,-0.347,-0.163
11,36,8,51953,-0.163,0.069
11,36,8,51992,-0.208,-0.543
11,36,8,52031,0.169,0.238
11,36,8,52070,-0.1,-0.236
11,36,8,52109,0.049,0.515
11,36,8,52148,-0.003,0.128
11,36,8,52187,0.261,-0.318
11,36,8,52226,-0.165,-0.261
11,36,8,52265,-0.182,0.109
11,36,8,52304,-0.198,0.029
11,36,8,52343,0.471,0.266
11,36,8,52382,-0.184,-0.414
11,36,8,52421,0.65,0.343
11,36,8,52460,-0.274,-0.249
11,36,8,52499,0.472,0.137
11,36,8,52539,-0.203,-0.755
11,36,8,52578,0.07,1.25
11,36,8,52617,0.192,-0.926
11,36,8,52656,-0.307,1.578
11,36,8,52695,0.82,-1.293
11,36,8,52734,-0.735,0.465
11,36,8,52773,0.726,-0.218
11,36,8,52812,-1.026,-0.36
11,36,8,52851,0.461,0.722
11,36,8,52890,-0.614,-0.801
11,36,8,52929,0.37,0.917
11,36,8,52968,-0.262,-0.346
11,36,8,53007,-0.085,0.229
11,36,8,53046,-0.412,-0.736
11,36,8,53085,-0.109,0.114
11,36,8,53124,-0.521,1.415
11,36,8,53164,0.344,-1.471
11,36,8,53203,-0.241,1.622
11,36,8,53242,0.123,-0.845
11,36,8,53281,-0.096,0.135
11,36,8,53320,1.108,-0.784
11,36,8,53359,-0.694,0.499
11,36,8,53398,1.324,-0.281
11,36,8,53437,-1.533,-0.361
11,36,8,53476,1.388,0.698
11,36,8,53515,-1.258,-0.272
11,36,8,53554,1.318,1.046
11,36,8,53593,-1.167,-1.143
11,36,8,53632,0.66,0.602
11,36,8,53671,-0.717,-1.132
11,36,8,53710,0.888,1.199
11,36,8,53749,-0.307,-0.526
11,36,8,53789,0.428,0.827
11,36,8,53828,-0.68,-0.23
11,36,8,53867,0.523,-0.308
11,36,8,53906,0.017,0.246
11,36,8,53945,0.342,0.404
11,36,8,53984,0.107,-0.625
11,36,8,54023,0.142,0.71
11,36,8,54062,0.423,-0.615
11,36,8,54101,0.481,-0.008
11,36,8,54140,0.421,-0.129
11,36,8,54179,-0.067,0.242
11,36,8,54218,0.08,0.14
11,36,8,54257,0.563,-0.455
11,36,8,54296,0.351,0.186
11,36,8,54335,0.389,-0.202
11,36,8,54374,-0.244,0.119
11,36,8,54414,0.15,-0.146
11,36,8,54453,-0.147,-0.884
11,36,8,54492,0.498,1.01
11,36,8,54531,-0.033,-0.051
11,36,8,54570,-0.017,0.195
11,36,8,54609,-0.184,-0.263
11,36,8,54648,0.225,-0.6
11,36,8,54687,-0.035,0.04
11,36,8,54726,-0.266,0.419
11,36,8,54765,-0.336,0.304
11,36,8,54804,-0.194,-0.362
11,36,8,54843,0.49,0.097
11,36,8,54882,0.363,-0.422
11,36,8,54921,0.019,0.391
11,36,8,54960,-0.248,-0.201
11,36,8,54999,-0.244,-0.237
11,36,8,55039,0.307,-0.243
11,36,8,55078,-0.082,0.9
11,36,8,55117,0.456,-0.559
11,36,8,55156,0.034,0.428
11,36,8,55195,1.338,-1.063
11,36,8,55234,0.258,-0.259
11,36,8,55273,0.813,0.378
11,36,8,55312,-0.985,0.105
11,36,8,55351,0.524,-0.025
11,36,8,55390,-0.686,-0.277
11,36,8,55429,0.839,0.424
11,36,8,55468,0.069,-0.388
11,36,8,55507,0.313,0.572
11,36,8,55546,-0.127,-0.489
11,36,8,55585,0.736,-0.264
11,36,8,55624,-0.152,0.121
11,36,8,55664,0.667,0.373
11,36,8,55703,-0.25,0.219
11,36,8,55742,0.399,-1.054
11,36,8,55781,-0.256,-0.803
11,36,8,55820,0.136,0.302
11,36,8,55859,-0.686,-0.146
11,36,8,55898,-0.301,1.609
11,36,8,55937,-0.039,-0.101
11,36,8,55976,0.448,-0.204
11,36,8,56015,0.067,-0.292
11,36,8,56054,0.132,-0.021
11,36,8,56093,-0.082,0.181
11,36,8,56132,0.313,-0.065
11,36,8,56171,0.17,0.269
11,36,8,56210,0.617,-0.029
11,36,8,56249,0.185,-0.381
11,36,8,56289,-0.053,0.192
11,36,8,56328,-0.21,-0.601
11,36,8,56367,-0.105,0.638
11,36,8,56406,-0.409,0.379
11,36,8,56445,-0.224,-0.033
11,36,8,56484,-0.411,0.094
11,36,8,56523,-0,-0.436
11,36,8,56562,0.066,-0.052
11,36,8,56601,0.44,0.248
11,36,8,56640,0.102,-0.265
11,36,8,56679,-0.259,-0.086
11,36,8,56718,-0.414,-0.169
11,36,8,56757,-0.155,0.094
11,36,8,56796,0.157,0.335
11,36,8,56835,-0.07,0.076
11,36,8,56874,-0.527,0.307
11,36,8,56914,-0.001,-0.74
11,36,8,56953,-0.045,0.302
11,36,8,56992,0.438,-0.252
11,36,8,57031,-0.27,-0.409
11,36,8,57070,-0.175,0.618
11,36,8,57109,-0.28,-0.648
11,36,8,57148,0.32,-0.226
11,36,8,57187,-0.07,0.378
11,36,8,57226,-0.034,0.283
11,36,8,57265,-0.548,-0.571
11,36,8,57304,-0.48,0.146
11,36,8,57343,0.036,0.004
11,36,8,57382,-0.101,0.12
11,36,8,57421,-0.315,0.623
11,36,8,57460,-0.41,-0.311
11,36,8,57499,-0.196,-0.437
11,36,8,57539,0.008,0.475
11,36,8,57578,-0.049,-0.22
11,36,8,57617,-0.304,0.129
11,36,8,57656,-0.272,0.826
11,36,8,57695,-0.021,-0.743
11,36,8,57734,-0.095,0.112
11,36,8,57773,0.248,0.162
11,36,8,57812,-0.459,0.08
11,36,8,57851,0.033,-0.154
11,36,8,57890,-0.309,-0.075
11,36,8,57929,-0.216,0.613
11,36,8,57968,0.055,-0.584
11,36,8,58007,-0.199,0.681
11,36,8,58046,0.105,-0.536
11,36,8,58085,-0.176,-0.319
11,36,8,58124,0.016,0.699
11,36,8,58164,0.235,-0.578
11,36,8,58203,0.152,0.504
11,36,8,58242,-0.022,-0.198
11,36,8,58281,-0.137,-0.528
11,36,8,58320,-0.411,0.509
11,36,8,58359,-0.261,-0.321
11,36,8,58398,-0.577,0.311
11,36,8,58437,-0.363,0.138
11,36,8,58476,-0.334,0.089
11,36,8,58515,-0.485,0.303
11,36,8,58554,-0.063,-0.338
11,36,8,58593,-0.093,0.367
11,36,8,58632,-0.461,0.184
11,36,8,58671,-0.178,-0.501
11,36,8,58710,-0.46,0.58
11,36,8,58749,0.437,-0.472
11,36,8,58789,-0.022,-0.013
11,36,8,58828,0.472,0.751
11,36,8,58867,0.271,-0.947
11,36,8,58906,-0.01,0.274
11,36,8,58945,-0.136,-0.608
11,36,8,58984,-0.278,0.384
11,36,8,59023,-0.022,0.44
11,36,8,59062,-0.178,-0.241
11,36,8,59101,-0.169,0.581
11,36,8,59140,-0.147,-0.29
11,36,8,59179,-0.204,0.031
11,36,8,59218,-0.202,0.261
11,36,8,59257,-0.078,-0.225
11,36,8,59296,-0.311,0.145
11,36,8,59335,-0.211,0.183
11,36,8,59374,-0.121,0.323
11,36,8,59414,0.121,-0.219
11,36,8,59453,0.178,-0.081
11,36,8,59492,-0.043,0.239
11,36,8,59531,0.181,-0.341
11,36,8,59570,-0.094,0.15
11,36,8,59609,-0.356,0.132
11,36,8,59648,-0.015,-0.339
11,36,8,59687,0.212,0.19
11,36,8,59726,-0.005,-0.128
11,36,8,59765,-0.087,-0.243
11,36,8,59804,-0.224,0.218
11,36,8,59843,-0.32,-0.62
11,36,8,59882,-0.378,0.61
11,36,8,59921,-0.191,-0.124
11,36,8,59960,-0.115,0.068
11,36,8,59999,-0.059,-0.324
11,36,8,60039,-0.476,-0.219
11,36,8,60078,0.111,-0.268
11,36,8,60117,-0.777,0.603
11,36,8,60156,0.26,0.058
11,36,8,60195,-0.443,0.313
11,36,8,60234,0.656,-0.6
11,36,8,60273,-0.607,-0.065
11,36,8,60312,0.779,-0.039
11,36,8,60351,-0.399,-0.27
11,36,8,60390,0.924,0.189
11,36,8,60429,-0.658,-0.635
11,36,8,60468,0.846,0.381
11,36,8,60507,-0.596,0.047
11,36,8,60546,0.705,0.159
11,36,8,60585,0.015,-0.753
11,36,8,60624,-0.472,0.769
11,36,8,60664,-0.549,-1.006
11,36,8,60703,-0.627,0.974
11,36,8,60742,0.215,-0.487
11,36,8,60781,-0.503,-0.068
11,36,8,60820,-0.267,0.825
11,36,8,60859,0.418,-1.418
11,36,8,60898,-0.011,0.438
11,36,8,60937,0.108,-0.616
11,36,8,60976,-0.094,0.02
11,36,8,61015,0.025,0.439
11,36,8,61054,0.161,-0.577
11,36,8,61093,0.706,0.591
11,36,8,61132,0.043,-0.17
11,36,8,61171,-0.018,0.268
11,36,8,61210,-0.334,0.291
11,36,8,61249,0.439,-0.148
11,36,8,61289,-0.729,0.71
11,36,8,61328,0.59,-0.667
11,36,8,61367,-0.183,0.507
11,36,8,61406,0.695,-0.273
11,36,8,61445,-0.221,-0.788
11,36,8,61484,0.558,0.464
11,36,8,61523,-0.663,-0.764
11,36,8,61562,0.313,0.107
11,36,8,61601,-0.878,0.426
11,36,8,61640,0.764,-0.621
11,36,8,61679,-1.06,0.248
11,36,8,61718,0.842,-0.14
11,36,8,61757,-0.609,-0.317
11,36,8,61796,0.864,0.525
11,36,8,61835,-0.933,-0.509
11,36,8,61874,0.819,0.977
11,36,8,61914,-0.48,-0.903
11,36,8,61953,1.068,0.494
11,36,8,61992,-0.17,-0.727
11,36,8,62031,1.085,0.805
11,36,8,62070,-0.197,-1.487
11,36,8,62109,0,1.158
11,36,8,62148,0.04,-0.82
11,36,8,62187,-0.489,1.338
11,36,8,62226,0.402,-1.661
11,36,8,62265,-0.568,-0.24
11,36,8,62304,0.368,0.066
11,36,8,62343,-1.022,-0.186
11,36,8,62382,-0.032,0.654
11,36,8,62421,-0.795,0.071
11,36,8,62460,0.771,0.269
11,36,8,62499,-0.547,-0.486
