10,20,17,9.6254e+05,0.179,-0.463
10,20,17,9.6258e+05,0.537,0.45
10,20,17,9.6262e+05,0.603,-0.923
10,20,17,9.6266e+05,0.138,0.16
10,20,17,9.627e+05,-0.157,0.446
10,20,17,9.6273e+05,-0.148,-0.076
10,20,17,9.6277e+05,0.23,0.155
10,20,17,9.6281e+05,0.327,0.215
10,20,17,9.6285e+05,0.362,0.04
10,20,17,9.6289e+05,0.063,-0.069
10,20,17,9.6293e+05,0.339,-0.071
10,20,17,9.6297e+05,0.187,-0.194
10,20,17,9.6301e+05,-0.03,0.193
10,20,17,9.6305e+05,-0.221,0.129
10,20,17,9.6308e+05,-0.036,-0.076
10,20,17,9.6312e+05,0.368,-0.329
10,20,17,9.6316e+05,0.447,-0.418
10,20,17,9.632e+05,0.285,0.089
10,20,17,9.6324e+05,-0.125,-0.318
10,20,17,9.6328e+05,-0.244,-0.255
10,20,17,9.6332e+05,-0.068,-0.256
10,20,17,9.6336e+05,-0.485,0.013
10,20,17,9.634e+05,-0.52,0.425
10,20,17,9.6344e+05,-0.4,1.07
10,20,17,9.6348e+05,0.318,-0.758
10,20,17,9.6352e+05,-0.057,-0.409
10,20,17,9.6355e+05,0.114,0.94
10,20,17,9.6359e+05,-0.026,-0.167
10,20,17,9.6363e+05,0.5,0.125
10,20,17,9.6367e+05,0.464,-0.813
10,20,17,9.6371e+05,0.401,0.059
10,20,17,9.6375e+05,0.289,0.534
10,20,17,9.6379e+05,0.591,-0.507
10,20,17,9.6383e+05,0.478,0.03
10,20,17,9.6387e+05,0.206,0.36
10,20,17,9.6391e+05,0.168,-0.291
10,20,17,9.6394e+05,0.399,-0.557
10,20,17,9.6398e+05,0.139,0.4
10,20,17,9.6402e+05,0.11,0.159
10,20,17,9.6406e+05,-0.261,-0.245
10,20,17,9.641e+05,-0.089,0.075
10,20,17,9.6414e+05,-0.599,-0.22
10,20,17,9.6418e+05,-0.412,0.423
10,20,17,9.6422e+05,-0.737,-0.228
10,20,17,9.6426e+05,-0.244,0.343
10,20,17,9.643e+05,0.086,0.249
10,20,17,9.6434e+05,0.128,-0.388
10,20,17,9.6437e+05,0.55,-0.699
10,20,17,9.6441e+05,0.286,-0.099
10,20,17,9.6445e+05,0.044,0.036
10,20,17,9.6449e+05,-0.025,-0.188
10,20,17,9.6453e+05,0.545,0.391
10,20,17,9.6457e+05,0.712,-0.399
10,20,17,9.6461e+05,0.446,0.089
10,20,17,9.6465e+05,0.237,0.016
10,20,17,9.6469e+05,-0.203,-0.69
10,20,17,9.6473e+05,-0.015,0.343
10,20,17,9.6476e+05,-0.258,0.062
10,20,17,9.648e+05,-0.725,0.492
10,20,17,9.6484e+05,-0.323,0.575
10,20,17,9.6488e+05,0.114,-0.675
10,20,17,9.6492e+05,0.393,0.053
10,20,17,9.6496e+05,0.008,-0.135
10,20,17,9.65e+05,-0.203,-0.392
10,20,17,9.6504e+05,-0.386,0.068
10,20,17,9.6508e+05,-0.123,0.289
10,20,17,9.6512e+05,-0.056,-0.011
10,20,17,9.6516e+05,-0.116,0.015
10,20,17,9.652e+05,0.171,-0.764
10,20,17,9.6523e+05,0.097,-0.006
10,20,17,9.6527e+05,0.357,0.503
10,20,17,9.6531e+05,-0.07,0.243
10,20,17,9.6535e+05,0.119,0.456
10,20,17,9.6539e+05,0.071,0.06
10,20,17,9.6543e+05,0.426,-0.573
10,20,17,9.6547e+05,0.771,-0.317
10,20,17,9.6551e+05,0.216,0.175
10,20,17,9.6555e+05,-0.234,-0.388
10,20,17,9.6558e+05,-0.628,-0.133
10,20,17,9.6562e+05,-0.36,0.897
10,20,17,9.6566e+05,-0.211,-0.211
10,20,17,9.657e+05,-0.524,0.74
10,20,17,9.6574e+05,-0.263,-0.36
10,20,17,9.6578e+05,-0.901,-0.782
10,20,17,9.6582e+05,-0.375,0.563
10,20,17,9.6586e+05,-0.496,-0.151
10,20,17,9.659e+05,0.013,0.912
10,20,17,9.6594e+05,0.159,0.259
10,20,17,9.6598e+05,0.461,-0.337
10,20,17,9.6602e+05,0.621,-0.154
10,20,17,9.6605e+05,0.655,0.484
10,20,17,9.6609e+05,0.63,-0.012
10,20,17,9.6613e+05,0.084,0.323
10,20,17,9.6617e+05,-0.286,0.37
10,20,17,9.6621e+05,-0.678,-0.385
10,20,17,9.6625e+05,-0.38,-0.12
10,20,17,9.6629e+05,-0.447,-0.325
10,20,17,9.6633e+05,-0.409,0.411
10,20,17,9.6637e+05,-0.559,-0.486
10,20,17,9.6641e+05,-0.708,-0.055
10,20,17,9.6644e+05,-0.433,0.188
10,20,17,9.6648e+05,-0.099,0.1
10,20,17,9.6652e+05,0.292,0.5
10,20,17,9.6656e+05,0.457,0.069
10,20,17,9.666e+05,0.492,0.125
10,20,17,9.6664e+05,0.559,-0.516
10,20,17,9.6668e+05,0.644,-0.496
10,20,17,9.6672e+05,0.227,0.703
10,20,17,9.6676e+05,-0.066,-0.115
10,20,17,9.668e+05,-0.573,0.161
10,20,17,9.6684e+05,-0.416,0.233
10,20,17,9.6687e+05,-0.728,0.114
10,20,17,9.6691e+05,-0.391,0.841
10,20,17,9.6695e+05,-0.11,0.448
10,20,17,9.6699e+05,0.055,0.088
10,20,17,9.6703e+05,-0.341,-0.694
10,20,17,9.6707e+05,-0.243,-0.218
10,20,17,9.6711e+05,-0.243,0.084
10,20,17,9.6715e+05,0.048,-0.313
10,20,17,9.6719e+05,-0.082,0.31
10,20,17,9.6723e+05,0.126,0.492
10,20,17,9.6726e+05,-0.064,-0.336
10,20,17,9.673e+05,-0.242,0.155
10,20,17,9.6734e+05,-0.087,0.498
10,20,17,9.6738e+05,-0.145,-0.054
10,20,17,9.6742e+05,-0.304,0.21
10,20,17,9.6746e+05,-0.033,0.17
10,20,17,9.675e+05,-0.209,-0.621
10,20,17,9.6754e+05,-0.085,0.399
10,20,17,9.6758e+05,0.172,0.274
10,20,17,9.6762e+05,-0.118,-0.427
10,20,17,9.6766e+05,-0.06,-0.152
10,20,17,9.677e+05,-0.241,0.287
10,20,17,9.6773e+05,0.37,0.106
10,20,17,9.6777e+05,0.288,-0.317
10,20,17,9.6781e+05,-0.066,0.661
10,20,17,9.6785e+05,-0.24,-0.231
10,20,17,9.6789e+05,-0.388,-0.082
10,20,17,9.6793e+05,-0.419,-0.012
10,20,17,9.6797e+05,-0.453,0.179
10,20,17,9.6801e+05,-0.151,0.525
10,20,17,9.6805e+05,-0.192,-0.223
10,20,17,9.6808e+05,0.041,-0.47
10,20,17,9.6812e+05,-0.25,0.03
10,20,17,9.6816e+05,0.151,-0.133
10,20,17,9.682e+05,-0.188,0.222
10,20,17,9.6824e+05,-0.135,0.709
10,20,17,9.6828e+05,-0.095,-0.217
10,20,17,9.6832e+05,0.089,-0.473
10,20,17,9.6836e+05,0.104,-0.084
10,20,17,9.684e+05,0.095,0.726
10,20,17,9.6844e+05,0.136,-0.087
10,20,17,9.6848e+05,0.241,-0.322
10,20,17,9.6852e+05,0.045,0.328
10,20,17,9.6855e+05,-0.16,-0.239
10,20,17,9.6859e+05,0.086,0.279
10,20,17,9.6863e+05,-0.061,0.185
10,20,17,9.6867e+05,0.254,-0.174
10,20,17,9.6871e+05,0.147,-0.008
10,20,17,9.6875e+05,0.024,0.059
10,20,17,9.6879e+05,0.012,-0.721
10,20,17,9.6883e+05,-0.245,0.041
10,20,17,9.6887e+05,-0.179,-0.073
10,20,17,9.6891e+05,-0.283,-0.004
10,20,17,9.6894e+05,-0.374,0.413
10,20,17,9.6898e+05,-0.208,-0.36
10,20,17,9.6902e+05,0.098,-0.314
10,20,17,9.6906e+05,-0.055,-0.258
10,20,17,9.691e+05,-0.462,0.655
10,20,17,9.6914e+05,0.135,0.144
10,20,17,9.6918e+05,0.141,-0.11
10,20,17,9.6922e+05,0.614,-0.876
10,20,17,9.6926e+05,-0.437,0.177
10,20,17,9.693e+05,0.38,0.391
10,20,17,9.6934e+05,0.49,-0.401
10,20,17,9.6937e+05,0.157,0.527
10,20,17,9.6941e+05,0.312,-0.888
10,20,17,9.6945e+05,-0.388,0.983
10,20,17,9.6949e+05,0.508,-0.547
10,20,17,9.6953e+05,0.16,-1.022
10,20,17,9.6957e+05,-0.445,0.966
10,20,17,9.6961e+05,-0.226,-1.486
10,20,17,9.6965e+05,-0.855,1.416
10,20,17,9.6969e+05,0.555,-0.747
10,20,17,9.6973e+05,-0.651,-0.18
10,20,17,9.6976e+05,-0.2,0.955
10,20,17,9.698e+05,-0.481,-1.246
10,20,17,9.6984e+05,0.684,0.224
10,20,17,9.6988e+05,0.17,-0.264
10,20,17,9.6992e+05,0.74,-0.132
10,20,17,9.6996e+05,-0.3,-0.196
10,20,17,9.7e+05,0.564,0.163
10,20,17,9.7004e+05,-0.011,-0.429
10,20,17,9.7008e+05,0.634,0.417
10,20,17,9.7012e+05,0.239,0.168
10,20,17,9.7016e+05,0.476,-0
10,20,17,9.702e+05,-0.162,0.013
10,20,17,9.7023e+05,-0.018,-0.272
10,20,17,9.7027e+05,-0.488,-0.173
10,20,17,9.7031e+05,-0.096,0.309
10,20,17,9.7035e+05,-0.734,0.297
10,20,17,9.7039e+05,-0.274,-0.13
10,20,17,9.7043e+05,-0.48,-0.559
10,20,17,9.7047e+05,-0.082,-0.067
10,20,17,9.7051e+05,-0.369,-0.446
10,20,17,9.7055e+05,0.129,1.126
10,20,17,9.7058e+05,0.276,-0.596
10,20,17,9.7062e+05,-0.112,-0.33
10,20,17,9.7066e+05,-0.24,0.513
10,20,17,9.707e+05,0.463,0.105
10,20,17,9.7074e+05,0.43,-0.204
10,20,17,9.7078e+05,0.094,0.195
10,20,17,9.7082e+05,-0.073,-0.369
10,20,17,9.7086e+05,0.135,-0.165
10,20,17,9.709e+05,0.319,-0.478
10,20,17,9.7094e+05,0.078,-0.078
10,20,17,9.7098e+05,-0.537,0.971
10,20,17,9.7102e+05,-0.156,-0.319
10,20,17,9.7105e+05,-0.064,-0.936
10,20,17,9.7109e+05,0.251,0.549
10,20,17,9.7113e+05,0.279,-0.122
10,20,17,9.7117e+05,0.303,-0.313
10,20,17,9.7121e+05,0.206,-0.463
10,20,17,9.7125e+05,0.049,-0.119
10,20,17,9.7129e+05,0.093,-0.274
10,20,17,9.7133e+05,-0.098,-0.011
10,20,17,9.7137e+05,-0.317,1.079
10,20,17,9.7141e+05,-0.307,-0.221
10,20,17,9.7144e+05,-0.314,-0.083
10,20,17,9.7148e+05,-0.245,0.163
10,20,17,9.7152e+05,-0.035,-0.242
10,20,17,9.7156e+05,0.001,0.16
10,20,17,9.716e+05,-0.041,0.165
10,20,17,9.7164e+05,-0.322,-0.416
10,20,17,9.7168e+05,-0.544,-0.483
10,20,17,9.7172e+05,-0.392,0.498
10,20,17,9.7176e+05,-0.207,0.644
10,20,17,9.718e+05,0.151,-0.296
10,20,17,9.7184e+05,0.092,-0.151
10,20,17,9.7187e+05,-0.064,-0.125
10,20,17,9.7191e+05,0.08,-0.314
10,20,17,9.7195e+05,-0.176,-0.045
10,20,17,9.7199e+05,-0.41,0.631
10,20,17,9.7203e+05,-0.242,-0.103
10,20,17,9.7207e+05,-0.251,0.263
10,20,17,9.7211e+05,0.247,0.069
10,20,17,9.7215e+05,0.018,-0.181
10,20,17,9.7219e+05,0.36,0.376
10,20,17,9.7223e+05,0.073,-0.146
10,20,17,9.7226e+05,0.128,-0.568
10,20,17,9.723e+05,-0.564,-0.05
10,20,17,9.7234e+05,-0.59,0.734
10,20,17,9.7238e+05,-0.215,-0.084
10,20,17,9.7242e+05,-0.039,-0.405
10,20,17,9.7246e+05,-0.138,0.217
10,20,17,9.725e+05,0.081,0.073
10,20,17,9.7254e+05,-0.251,-0.089
10,20,17,9.7258e+05,-0.336,-0.026
10,20,17,9.7262e+05,-0.51,-0.105
10,20,17,9.7266e+05,-0.361,0.373
10,20,17,9.727e+05,-0.22,0.43
10,20,17,9.7273e+05,0.089,-0.149
10,20,17,9.7277e+05,0.134,-0.316
10,20,17,9.7281e+05,0.217,0.129
10,20,17,9.7285e+05,-0.006,-0.514
10,20,17,9.7289e+05,-0.062,0.036
10,20,17,9.7293e+05,-0.101,0.573
10,20,17,9.7297e+05,0.209,-0.282
10,20,17,9.7301e+05,0.072,0.021
10,20,17,9.7305e+05,0.315,0.489
10,20,17,9.7308e+05,-0.022,-0.604
10,20,17,9.7312e+05,-0.09,0.507
10,20,17,9.7316e+05,-0.314,-0.006
10,20,17,9.732e+05,-0.423,0.035
10,20,17,9.7324e+05,-0.5,0.424
10,20,17,9.7328e+05,-0.657,0.065
10,20,17,9.7332e+05,-0.082,-0.107
10,20,17,9.7336e+05,-0.162,-0.078
10,20,17,9.734e+05,0.161,0.286
10,20,17,9.7344e+05,0.054,-0.175
10,20,17,9.7348e+05,-0.1,-0.028
10,20,17,9.7352e+05,-0.061,-0.162
10,20,17,9.7355e+05,-0.409,-0.115
10,20,17,9.7359e+05,0.041,0.249
10,20,17,9.7363e+05,0.043,-0.215
10,20,17,9.7367e+05,-0.011,-0.373
10,20,17,9.7371e+05,0.381,0.025
10,20,17,9.7375e+05,0.386,0.062
10,20,17,9.7379e+05,0.241,-0.141
10,20,17,9.7383e+05,0.104,-0.144
10,20,17,9.7387e+05,-0.244,0.397
10,20,17,9.7391e+05,0.063,-0.382
10,20,17,9.7394e+05,-0.051,-0.015
10,20,17,9.7398e+05,-0.012,0.158
10,20,17,9.7402e+05,-0.28,-0.014
10,20,17,9.7406e+05,0.005,0.287
10,20,17,9.741e+05,-0.228,0.056
10,20,17,9.7414e+05,-0.078,0.085
10,20,17,9.7418e+05,-0.444,0.045
10,20,17,9.7422e+05,-0.535,0.227
10,20,17,9.7426e+05,0.014,-0.212
10,20,17,9.743e+05,0.459,-0.05
10,20,17,9.7434e+05,0.325,-0.576
10,20,17,9.7437e+05,-0.546,-0.518
10,20,17,9.7441e+05,-0.111,-0.13
10,20,17,9.7445e+05,0.013,-0.188
10,20,17,9.7449e+05,0.392,0.382
10,20,17,9.7453e+05,0.584,-0.585
10,20,17,9.7457e+05,0.011,0.066
10,20,17,9.7461e+05,0.046,-0.331
10,20,17,9.7465e+05,0.539,-0.414
10,20,17,9.7469e+05,0.471,0.905
10,20,17,9.7473e+05,-0.105,-0.104
10,20,17,9.7476e+05,0.086,0.274
10,20,17,9.748e+05,0.142,0.061
10,20,17,9.7484e+05,0.389,-0.825
10,20,17,9.7488e+05,0.158,-0.05
10,20,17,9.7492e+05,0.182,-0.044
10,20,17,9.7496e+05,-0.431,-0.367
10,20,17,9.75e+05,-0.519,0.467
10,20,17,9.7504e+05,-0.085,-0.049
10,20,17,9.7508e+05,-0.151,0.335
10,20,17,9.7512e+05,0.114,-0.224
10,20,17,9.7516e+05,-0.043,-0.141
10,20,17,9.752e+05,0.164,-0.307
10,20,17,9.7523e+05,0.153,0.033
10,20,17,9.7527e+05,0.634,0.141
10,20,17,9.7531e+05,0.178,-0.387
10,20,17,9.7535e+05,0.362,0.539
10,20,17,9.7539e+05,0.16,-0.533
10,20,17,9.7543e+05,0.41,-0.387
10,20,17,9.7547e+05,0.041,0.176
10,20,17,9.7551e+05,0.296,0.497
10,20,17,9.7555e+05,0.603,-0.268
10,20,17,9.7558e+05,0.174,0.132
10,20,17,9.7562e+05,0,-0.534
10,20,17,9.7566e+05,-0.13,0.192
10,20,17,9.757e+05,0.186,0.183
10,20,17,9.7574e+05,-0.33,0.161
10,20,17,9.7578e+05,0.161,0.508
10,20,17,9.7582e+05,-0.05,-0.183
10,20,17,9.7586e+05,0.451,-0.314
10,20,17,9.759e+05,0.168,-0.338
10,20,17,9.7594e+05,0.268,0.706
10,20,17,9.7598e+05,0.283,0.46
10,20,17,9.7602e+05,0.606,0.102
10,20,17,9.7605e+05,0.19,-0.299
10,20,17,9.7609e+05,0.018,-0.476
10,20,17,9.7613e+05,0.091,0.301
10,20,17,9.7617e+05,0.226,0.017
10,20,17,9.7621e+05,-0.057,-0.269
10,20,17,9.7625e+05,-0.04,0.604
10,20,17,9.7629e+05,-0.097,-0.033
10,20,17,9.7633e+05,0.518,-1.145
10,20,17,9.7637e+05,0.127,0.79
10,20,17,9.7641e+05,0.268,0.288
10,20,17,9.7644e+05,-0.251,-1.063
10,20,17,9.7648e+05,-0.147,0.594
10,20,17,9.7652e+05,0.073,-0.06
10,20,17,9.7656e+05,0.157,0.713
10,20,17,9.766e+05,0.401,0.005
10,20,17,9.7664e+05,0.804,-0.649
10,20,17,9.7668e+05,0.411,0.134
10,20,17,9.7672e+05,0.149,-0.56
10,20,17,9.7676e+05,-0.086,0.317
10,20,17,9.768e+05,-0.032,0.64
10,20,17,9.7684e+05,0.302,-0.044
10,20,17,9.7687e+05,-0.022,0.366
10,20,17,9.7691e+05,0.341,-0.783
10,20,17,9.7695e+05,0.19,-0.214
10,20,17,9.7699e+05,0.24,0.143
10,20,17,9.7703e+05,0.216,-0.115
10,20,17,9.7707e+05,0.385,-0.033
10,20,17,9.7711e+05,0.104,0.24
10,20,17,9.7715e+05,-0.041,0.378
10,20,17,9.7719e+05,0.001,-0.468
10,20,17,9.7723e+05,0.064,-0.122
10,20,17,9.7726e+05,-0.431,0.889
10,20,17,9.773e+05,-0.192,-0.212
10,20,17,9.7734e+05,-0.222,0.356
10,20,17,9.7738e+05,0.09,0.205
10,20,17,9.7742e+05,-0.1,-0.386
10,20,17,9.7746e+05,0.389,0.659
10,20,17,9.775e+05,0.215,-0.525
10,20,17,9.7754e+05,-0.184,-0.177
10,20,17,9.7758e+05,-0.492,0.408
10,20,17,9.7762e+05,0.039,-0.09
10,20,17,9.7766e+05,0.142,0.419
10,20,17,9.777e+05,0.043,0.296
10,20,17,9.7773e+05,-0.067,-0.309
10,20,17,9.7777e+05,-0.151,-0.098
10,20,17,9.7781e+05,0.144,-0.023
10,20,17,9.7785e+05,0.028,0.57
10,20,17,9.7789e+05,0.004,-0.212
10,20,17,9.7793e+05,-0.487,0.577
10,20,17,9.7797e+05,-0.172,0.09
10,20,17,9.7801e+05,-0.414,-0.704
10,20,17,9.7805e+05,-0.222,0.639
10,20,17,9.7808e+05,-0.412,0.388
10,20,17,9.7812e+05,-0.283,0.097
10,20,17,9.7816e+05,-0.233,-0.171
10,20,17,9.782e+05,-0.204,0.094
10,20,17,9.7824e+05,-0.111,0.149
10,20,17,9.7828e+05,-0.293,-0.143
10,20,17,9.7832e+05,-0.164,0.111
10,20,17,9.7836e+05,-0.173,-0.026
10,20,17,9.784e+05,-0.254,0.096
10,20,17,9.7844e+05,0.141,0.24
10,20,17,9.7848e+05,-0.15,-0.122
10,20,17,9.7852e+05,-0.251,0.142
10,20,17,9.7855e+05,-0.197,0.116
10,20,17,9.7859e+05,-0.133,-0.093
10,20,17,9.7863e+05,0,-0.108
10,20,17,9.7867e+05,-0.014,1.045
10,20,17,9.7871e+05,-0.36,-0.012
10,20,17,9.7875e+05,-0.265,-0.293
10,20,17,9.7879e+05,-0.168,0.383
10,20,17,9.7883e+05,-0.372,-0.346
10,20,17,9.7887e+05,-0.418,0.459
10,20,17,9.7891e+05,-0.265,0.49
10,20,17,9.7894e+05,-0.455,-0.454
10,20,17,9.7898e+05,-0.403,0.484
10,20,17,9.7902e+05,0.047,-0.256
10,20,17,9.7906e+05,-0.205,-0.171
10,20,17,9.791e+05,-0.256,0.503
10,20,17,9.7914e+05,-0.003,-0.162
10,20,17,9.7918e+05,0.19,-0.221
10,20,17,9.7922e+05,-0.153,-0.146
10,20,17,9.7926e+05,0.105,0.412
10,20,17,9.793e+05,-0.015,0.331
10,20,17,9.7934e+05,0.065,-0.045
10,20,17,9.7937e+05,0.067,0.04
10,20,17,9.7941e+05,-0.327,0.299
10,20,17,9.7945e+05,0.058,0.066
10,20,17,9.7949e+05,-0.271,0.139
10,20,17,9.7953e+05,-0.258,-0.076
10,20,17,9.7957e+05,-0.638,0.143
10,20,17,9.7961e+05,-0.353,0.259
10,20,17,9.7965e+05,-0.205,-0.827
10,20,17,9.7969e+05,-0.181,0.504
10,20,17,9.7973e+05,-0.333,0.198
10,20,17,9.7976e+05,-0.288,-0.6
10,20,17,9.798e+05,-0.354,-0.074
10,20,17,9.7984e+05,-0.335,0.083
10,20,17,9.7988e+05,0.065,0.659
10,20,17,9.7992e+05,0.465,0.005
10,20,17,9.7996e+05,0.042,-0.371
10,20,17,9.8e+05,0.152,0.027
10,20,17,9.8004e+05,-0.346,-0.127
10,20,17,9.8008e+05,-0.255,0.303
10,20,17,9.8012e+05,0.038,-0.184
10,20,17,9.8016e+05,-0.091,0.305
10,20,17,9.802e+05,0.2,0.21
10,20,17,9.8023e+05,-0.059,-0.571
10,20,17,9.8027e+05,-0.388,-0.165
10,20,17,9.8031e+05,-0.065,-0.277
10,20,17,9.8035e+05,0.016,0.69
10,20,17,9.8039e+05,0.322,0.237
10,20,17,9.8043e+05,-0.123,-0.095
10,20,17,9.8047e+05,-0.071,0.376
10,20,17,9.8051e+05,-0.087,-0.659
10,20,17,9.8055e+05,0.157,-0.062
10,20,17,9.8058e+05,-0.273,0.521
10,20,17,9.8062e+05,-0.33,-0.24
10,20,17,9.8066e+05,-0.64,0.541
10,20,17,9.807e+05,-0.114,-0.169
10,20,17,9.8074e+05,-0.155,-0.504
10,20,17,9.8078e+05,-0.033,0.499
10,20,17,9.8082e+05,-0.652,-0.06
10,20,17,9.8086e+05,-0.03,-0.368
10,20,17,9.809e+05,0.181,-0.013
10,20,17,9.8094e+05,0.467,0.317
10,20,17,9.8098e+05,0.074,-0.188
10,20,17,9.8102e+05,0.118,0.037
10,20,17,9.8105e+05,-0.194,-0.873
10,20,17,9.8109e+05,0.039,-0.103
10,20,17,9.8113e+05,0.268,0.443
10,20,17,9.8117e+05,0.219,0.226
10,20,17,9.8121e+05,-0.408,0.236
10,20,17,9.8125e+05,-0.143,-0.464
10,20,17,9.8129e+05,0.001,-0.409
10,20,17,9.8133e+05,0.244,-0.087
10,20,17,9.8137e+05,-0.253,0.457
10,20,17,9.8141e+05,-0.262,0.666
10,20,17,9.8144e+05,-0.082,-0.828
10,20,17,9.8148e+05,0.051,-0.391
10,20,17,9.8152e+05,-0.037,0.47
10,20,17,9.8156e+05,0.147,0.034
10,20,17,9.816e+05,-0.127,0.072
10,20,17,9.8164e+05,0.415,-0.424
10,20,17,9.8168e+05,-0.235,0.028
10,20,17,9.8172e+05,-0.17,0.265
10,20,17,9.8176e+05,-0.737,0.057
10,20,17,9.818e+05,0.116,0.473
10,20,17,9.8184e+05,-0.162,-0.6
10,20,17,9.8187e+05,0.225,0.067
10,20,17,9.8191e+05,-0.18,-0.236
10,20,17,9.8195e+05,-0.19,0.161
10,20,17,9.8199e+05,-0.151,-0.221
10,20,17,9.8203e+05,-0.041,-0.07
10,20,17,9.8207e+05,-0.02,-0.273
10,20,17,9.8211e+05,0.02,0.51
10,20,17,9.8215e+05,0.166,0.093
10,20,17,9.8219e+05,0.333,-0.732
10,20,17,9.8223e+05,0.398,-0.153
10,20,17,9.8226e+05,0.054,0.423
10,20,17,9.823e+05,0.17,0.005
10,20,17,9.8234e+05,0.195,-0.399
10,20,17,9.8238e+05,0.065,0.173
10,20,17,9.8242e+05,-0.137,-0.185
10,20,17,9.8246e+05,-0.249,0.132
10,20,17,9.825e+05,0.387,0.55
10,20,17,9.8254e+05,-0.082,-0.467
10,20,17,9.8258e+05,-0.142,0.09
10,20,17,9.8262e+05,-0.079,-0.057
10,20,17,9.8266e+05,-0.409,0.102
10,20,17,9.827e+05,-0.655,0.258
10,20,17,9.8273e+05,-0.389,0.404
10,20,17,9.8277e+05,0.362,-0.383
10,20,17,9.8281e+05,0.435,-0.232
10,20,17,9.8285e+05,0.177,-0.15
10,20,17,9.8289e+05,0.039,-0.546
10,20,17,9.8293e+05,-0.146,0.167
10,20,17,9.8297e+05,-0.175,0.046
10,20,17,9.8301e+05,-0.101,0.256
10,20,17,9.8305e+05,0.087,0.825
10,20,17,9.8308e+05,-0.144,-0.14
10,20,17,9.8312e+05,0.356,-0.198
10,20,17,9.8316e+05,0.219,-0.151
10,20,17,9.832e+05,-0.259,-0.288
10,20,17,9.8324e+05,-0.4,0.349
10,20,17,9.8328e+05,-0.737,0.242
10,20,17,9.8332e+05,-0.783,0.076
10,20,17,9.8336e+05,-0.251,0.035
10,20,17,9.834e+05,0.078,0.164
10,20,17,9.8344e+05,-0.384,0.239
10,20,17,9.8348e+05,-0.195,0.085
10,20,17,9.8352e+05,-0.457,0.061
10,20,17,9.8355e+05,-0.072,-0.07
10,20,17,9.8359e+05,-0.215,0.318
10,20,17,9.8363e+05,-0.195,0.463
10,20,17,9.8367e+05,0.313,-0.23
10,20,17,9.8371e+05,0.185,-0.043
10,20,17,9.8375e+05,0.368,-0.535
10,20,17,9.8379e+05,0.002,0.117
10,20,17,9.8383e+05,-0.219,0.614
10,20,17,9.8387e+05,-0.085,-0.531
10,20,17,9.8391e+05,-0.205,0.389
10,20,17,9.8394e+05,-0.336,-0.333
10,20,17,9.8398e+05,-0.175,0.065
10,20,17,9.8402e+05,-0.254,0.697
10,20,17,9.8406e+05,-0.305,-0.411
10,20,17,9.841e+05,-0.42,0.177
10,20,17,9.8414e+05,-0.34,0.348
10,20,17,9.8418e+05,-0.325,-0.417
10,20,17,9.8422e+05,-0.556,0.28
10,20,17,9.8426e+05,-0.51,0.089
10,20,17,9.843e+05,-0.29,0.369
10,20,17,9.8434e+05,0.237,-0.375
10,20,17,9.8437e+05,0.148,0.495
10,20,17,9.8441e+05,0.053,0.316
10,20,17,9.8445e+05,-0.101,-0.32
10,20,17,9.8449e+05,0.123,0.69
10,20,17,9.8453e+05,0.133,-0.218
10,20,17,9.8457e+05,0.007,-0.148
10,20,17,9.8461e+05,-0.247,0.375
10,20,17,9.8465e+05,-0.203,-0.51
10,20,17,9.8469e+05,-0.443,0.184
10,20,17,9.8473e+05,-0.288,0.446
10,20,17,9.8476e+05,-0.683,0.017
10,20,17,9.848e+05,-0.515,0.152
10,20,17,9.8484e+05,-0.555,-0.211
10,20,17,9.8488e+05,-0.62,-0.002
10,20,17,9.8492e+05,-0.126,0.266
10,20,17,9.8496e+05,0.07,0.061
10,20,17,9.85e+05,0.16,-0.353
10,20,17,9.8504e+05,0.166,0.37
10,20,17,9.8508e+05,0.089,-0.729
10,20,17,9.8512e+05,-0.105,-0.768
10,20,17,9.8516e+05,0.096,1.115
10,20,17,9.852e+05,0.048,-0.226
10,20,17,9.8523e+05,-0.012,-0.189
10,20,17,9.8527e+05,-0.286,0.661
10,20,17,9.8531e+05,-0.283,-0.183
10,20,17,9.8535e+05,-0.205,0.123
10,20,17,9.8539e+05,-0.153,0.403
10,20,17,9.8543e+05,-0.361,-0.592
10,20,17,9.8547e+05,-0.764,0.364
10,20,17,9.8551e+05,-0.449,0.395
10,20,17,9.8555e+05,-0.284,-0.798
10,20,17,9.8558e+05,0.103,-0.336
10,20,17,9.8562e+05,-0.331,0.233
10,20,17,9.8566e+05,-0.341,-0.03
10,20,17,9.857e+05,-0.421,0.089
10,20,17,9.8574e+05,0.251,0.292
10,20,17,9.8578e+05,0.305,-0.599
10,20,17,9.8582e+05,0.119,0.088
10,20,17,9.8586e+05,-0.097,0.079
10,20,17,9.859e+05,-0.04,-0.863
10,20,17,9.8594e+05,-0.078,0.441
10,20,17,9.8598e+05,0.252,0.335
10,20,17,9.8602e+05,-0.238,-0.485
10,20,17,9.8605e+05,-0.295,0.474
10,20,17,9.8609e+05,-0.559,-0.504
10,20,17,9.8613e+05,-0.149,-0.845
10,20,17,9.8617e+05,0.005,1.045
10,20,17,9.8621e+05,0.277,0.209
10,20,17,9.8625e+05,-0.104,-0.723
10,20,17,9.8629e+05,-0.438,0.724
10,20,17,9.8633e+05,-0.372,-0.881
10,20,17,9.8637e+05,0.156,-0.06
10,20,17,9.8641e+05,0.081,0.746
10,20,17,9.8644e+05,-0.205,0.08
10,20,17,9.8648e+05,-0.072,-0.235
10,20,17,9.8652e+05,-0.191,-0.462
10,20,17,9.8656e+05,0.006,-0.157
10,20,17,9.866e+05,0.159,0.362
10,20,17,9.8664e+05,0.128,0.527
10,20,17,9.8668e+05,-0.065,-0.883
10,20,17,9.8672e+05,-0.094,0.101
10,20,17,9.8676e+05,0.413,-0.074
10,20,17,9.868e+05,0.015,-0.41
10,20,17,9.8684e+05,-0.196,0.536
10,20,17,9.8687e+05,-0.212,-0.521
10,20,17,9.8691e+05,-0.409,-0.14
10,20,17,9.8695e+05,-0.358,0.094
10,20,17,9.8699e+05,-0.21,-0.099
10,20,17,9.8703e+05,-0.07,0.431
10,20,17,9.8707e+05,-0.094,-0.213
10,20,17,9.8711e+05,0.223,-0.692
10,20,17,9.8715e+05,-0.154,-0.034
10,20,17,9.8719e+05,-0.298,0.367
10,20,17,9.8723e+05,-0.244,0.111
10,20,17,9.8726e+05,0.198,0.203
10,20,17,9.873e+05,-0.151,-0.038
10,20,17,9.8734e+05,0.034,0.037
10,20,17,9.8738e+05,0.163,-0.992
10,20,17,9.8742e+05,0.535,0.241
10,20,17,9.8746e+05,0.366,0.025
10,20,17,9.875e+05,-0.035,-0.106
10,20,17,9.8754e+05,-0.048,0.028
10,20,17,9.8758e+05,-0.297,0.028
10,20,17,9.8762e+05,0.164,0.006
10,20,17,9.8766e+05,0.36,-0.057
10,20,17,9.877e+05,-0.3,0.385
10,20,17,9.8773e+05,-0.257,-0.602
10,20,17,9.8777e+05,0.096,-0.336
10,20,17,9.8781e+05,-0.079,-0.1
10,20,17,9.8785e+05,-0.152,-0.239
10,20,17,9.8789e+05,0.053,0.476
10,20,17,9.8793e+05,0.155,-0.235
10,20,17,9.8797e+05,0.205,-0.793
10,20,17,9.8801e+05,0.41,0.067
10,20,17,9.8805e+05,0.52,-0.017
10,20,17,9.8808e+05,0.297,0.151
10,20,17,9.8812e+05,0.225,0.237
10,20,17,9.8816e+05,-0.077,-0.553
10,20,17,9.882e+05,0.137,0.1
10,20,17,9.8824e+05,-0.01,-0.236
10,20,17,9.8828e+05,-0.097,0.123
10,20,17,9.8832e+05,-0.149,0.171
10,20,17,9.8836e+05,-0.494,-0.541
10,20,17,9.884e+05,-0.508,-0.126
10,20,17,9.8844e+05,-0.828,-0.151
10,20,17,9.8848e+05,-0.597,-0.042
10,20,17,9.8852e+05,-0.287,0.149
10,20,17,9.8855e+05,-0.188,0.553
10,20,17,9.8859e+05,0.267,0.008
10,20,17,9.8863e+05,0.379,-0.834
10,20,17,9.8867e+05,0.925,-0.52
10,20,17,9.8871e+05,0.733,-0.375
10,20,17,9.8875e+05,0.86,-0.081
10,20,17,9.8879e+05,0.439,-0.59
10,20,17,9.8883e+05,-0.04,-0.027
10,20,17,9.8887e+05,-0.078,0.311
10,20,17,9.8891e+05,0.122,0.51
10,20,17,9.8894e+05,-0.2,0.097
10,20,17,9.8898e+05,-0.2,0.259
10,20,17,9.8902e+05,-0.19,0.373
10,20,17,9.8906e+05,-0.22,-0.667
10,20,17,9.891e+05,-0.269,-0.271
10,20,17,9.8914e+05,-0.48,0.629
10,20,17,9.8918e+05,-0.312,-0.502
10,20,17,9.8922e+05,-0.502,-0.28
10,20,17,9.8926e+05,-0.453,0.42
10,20,17,9.893e+05,-0.154,-0.176
10,20,17,9.8934e+05,0.066,0.086
10,20,17,9.8937e+05,0.146,0.164
10,20,17,9.8941e+05,-0.115,-0.848
10,20,17,9.8945e+05,-0.537,0.338
10,20,17,9.8949e+05,-0.186,0.348
10,20,17,9.8953e+05,0.153,-0.168
10,20,17,9.8957e+05,0.407,1.039
10,20,17,9.8961e+05,0.271,-0.586
10,20,17,9.8965e+05,-0.12,-0.772
10,20,17,9.8969e+05,0.008,0.442
10,20,17,9.8973e+05,-0.36,0.247
10,20,17,9.8976e+05,-0.097,0.382
10,20,17,9.898e+05,-0.281,-0.049
10,20,17,9.8984e+05,-0.063,0.095
10,20,17,9.8988e+05,0.014,-0.372
10,20,17,9.8992e+05,0.122,-0.018
10,20,17,9.8996e+05,-0.159,0.187
10,20,17,9.9e+05,-0.298,0.099
10,20,17,9.9004e+05,-0.282,0.286
10,20,17,9.9008e+05,-0.102,-0.193
10,20,17,9.9012e+05,-0.178,-0.227
10,20,17,9.9016e+05,-0.048,0.304
10,20,17,9.902e+05,-0.026,-0.286
10,20,17,9.9023e+05,-0.149,-0.248
10,20,17,9.9027e+05,-0.082,0.165
10,20,17,9.9031e+05,-0.275,-0.321
10,20,17,9.9035e+05,-0.215,0.213
10,20,17,9.9039e+05,-0.176,0.417
10,20,17,9.9043e+05,0.112,-0.474
10,20,17,9.9047e+05,0.223,0.608
10,20,17,9.9051e+05,0.584,-0.437
10,20,17,9.9055e+05,0.154,-0.333
10,20,17,9.9058e+05,0.033,1.036
10,20,17,9.9062e+05,-0.489,-0.763
10,20,17,9.9066e+05,-0.29,0.439
10,20,17,9.907e+05,-0.299,0.361
10,20,17,9.9074e+05,0.008,-0.401
10,20,17,9.9078e+05,0.251,0.316
10,20,17,9.9082e+05,0.073,-0.457
10,20,17,9.9086e+05,-0.044,-0.59
10,20,17,9.909e+05,-0.407,0.628
10,20,17,9.9094e+05,-0.325,0.013
10,20,17,9.9098e+05,-0.46,0.09
10,20,17,9.9102e+05,-0.51,0.571
10,20,17,9.9105e+05,-0.215,-0.358
10,20,17,9.9109e+05,-0.043,0.369
10,20,17,9.9113e+05,0.167,0.372
10,20,17,9.9117e+05,-0.204,-0.185
10,20,17,9.9121e+05,-0.173,0.005
10,20,17,9.9125e+05,-0.656,0.025
10,20,17,9.9129e+05,-0.45,-0.108
10,20,17,9.9133e+05,-0.119,-0.046
10,20,17,9.9137e+05,0.301,0.579
10,20,17,9.9141e+05,0.392,-0.671
10,20,17,9.9144e+05,0.13,0.211
10,20,17,9.9148e+05,0.023,0.063
10,20,17,9.9152e+05,0.07,-0.935
10,20,17,9.9156e+05,-0.048,0.494
10,20,17,9.916e+05,0.171,-0.202
10,20,17,9.9164e+05,0.089,0.025
10,20,17,9.9168e+05,0.129,0.112
10,20,17,9.9172e+05,0.255,-0.385
10,20,17,9.9176e+05,-0.066,0.824
10,20,17,9.918e+05,0.078,-0.551
10,20,17,9.9184e+05,-0.433,0.803
10,20,17,9.9187e+05,-0.088,0.559
10,20,17,9.9191e+05,-0.339,-1.013
10,20,17,9.9195e+05,-0.151,0.573
10,20,17,9.9199e+05,-0.01,-0.376
10,20,17,9.9203e+05,0.127,-0.153
10,20,17,9.9207e+05,-0.186,0.119
10,20,17,9.9211e+05,-0.006,-0.121
10,20,17,9.9215e+05,0.038,-0.032
10,20,17,9.9219e+05,0.081,-0.104
10,20,17,9.9223e+05,0.235,-0.689
10,20,17,9.9226e+05,0.243,-0.196
10,20,17,9.923e+05,0.597,0.282
10,20,17,9.9234e+05,0.369,0.44
10,20,17,9.9238e+05,0.418,-0.365
10,20,17,9.9242e+05,0.006,0.016
10,20,17,9.9246e+05,-0.04,0.839
10,20,17,9.925e+05,0.061,-0.641
10,20,17,9.9254e+05,0.228,0.532
10,20,17,9.9258e+05,0.197,0.216
10,20,17,9.9262e+05,-0.096,-0.576
10,20,17,9.9266e+05,-0.328,0.072
10,20,17,9.927e+05,-0.325,-0.002
10,20,17,9.9273e+05,-0.201,0.667
10,20,17,9.9277e+05,-0.091,0.208
10,20,17,9.9281e+05,-0.092,-0.792
10,20,17,9.9285e+05,-0.658,-0.135
10,20,17,9.9289e+05,0.071,0.456
10,20,17,9.9293e+05,0.451,-0.79
10,20,17,9.9297e+05,0.313,-0.33
10,20,17,9.9301e+05,-0.086,0.467
10,20,17,9.9305e+05,-0.348,0.089
10,20,17,9.9308e+05,-0.155,-0.415
10,20,17,9.9312e+05,0.254,0.221
10,20,17,9.9316e+05,0.379,-0.089
10,20,17,9.932e+05,0.087,0.108
10,20,17,9.9324e+05,-0.077,0.204
10,20,17,9.9328e+05,0.142,-0.656
10,20,17,9.9332e+05,0.269,0.31
10,20,17,9.9336e+05,0.176,0.33
10,20,17,9.934e+05,0.026,-0.546
10,20,17,9.9344e+05,0.087,0.519
10,20,17,9.9348e+05,0.415,-0.045
10,20,17,9.9352e+05,0.38,-1.14
10,20,17,9.9355e+05,0.118,0.492
10,20,17,9.9359e+05,0.054,0.423
10,20,17,9.9363e+05,-0.316,-0.894
10,20,17,9.9367e+05,-0.062,0.181
10,20,17,9.9371e+05,-0.145,-0.026
10,20,17,9.9375e+05,0.16,-0.127
10,20,17,9.9379e+05,0.429,-0.094
10,20,17,9.9383e+05,0.041,-0.042
10,20,17,9.9387e+05,0.054,-0.579
10,20,17,9.9391e+05,-0.36,0.121
10,20,17,9.9394e+05,0.26,-0.143
10,20,17,9.9398e+05,-0.111,0.157
10,20,17,9.9402e+05,0.289,0.902
10,20,17,9.9406e+05,0.485,-1.277
10,20,17,9.941e+05,0.278,-0.468
10,20,17,9.9414e+05,0.173,0.067
10,20,17,9.9418e+05,0.244,0.428
10,20,17,9.9422e+05,0.06,-0.015
10,20,17,9.9426e+05,-0.098,-0.471
10,20,17,9.943e+05,0.046,0.131
10,20,17,9.9434e+05,-0.034,-0.154
10,20,17,9.9437e+05,-0.021,-0.082
10,20,17,9.9441e+05,0.31,-0.035
10,20,17,9.9445e+05,0.049,-0.072
10,20,17,9.9449e+05,-0.2,-0.032
10,20,17,9.9453e+05,-0.172,-0.014
10,20,17,9.9457e+05,0.344,0.388
10,20,17,9.9461e+05,0.27,-0.586
10,20,17,9.9465e+05,0.212,-0.121
10,20,17,9.9469e+05,0.042,-0.263
10,20,17,9.9473e+05,-0.258,-0.273
10,20,17,9.9476e+05,-0.418,0.745
10,20,17,9.948e+05,-0.215,0.553
10,20,17,9.9484e+05,-0.064,-0.054
10,20,17,9.9488e+05,0.12,-0.112
10,20,17,9.9492e+05,0.244,-0.463
10,20,17,9.9496e+05,0.509,-0.316
10,20,17,9.95e+05,0.066,-0.094
10,20,17,9.9504e+05,-0.041,0.051
10,20,17,9.9508e+05,-0.551,0.147
10,20,17,9.9512e+05,-0.057,0.416
10,20,17,9.9516e+05,0.146,-0.465
10,20,17,9.952e+05,0.016,-0.199
10,20,17,9.9523e+05,0.031,0.656
10,20,17,9.9527e+05,0.289,-0.61
10,20,17,9.9531e+05,0.208,-0.608
10,20,17,9.9535e+05,0.105,0.203
10,20,17,9.9539e+05,-0.526,0.186
10,20,17,9.9543e+05,-0.344,0.233
10,20,17,9.9547e+05,-0.381,0.038
10,20,17,9.9551e+05,-0.187,-0.145
10,20,17,9.9555e+05,0.165,0.359
10,20,17,9.9558e+05,0.03,0.034
10,20,17,9.9562e+05,0.138,-0.537
10,20,17,9.9566e+05,0.072,0.337
10,20,17,9.957e+05,0.096,-0.047
10,20,17,9.9574e+05,0.197,-0.404
10,20,17,9.9578e+05,-0.073,0.579
10,20,17,9.9582e+05,0.04,0.079
10,20,17,9.9586e+05,0.007,-0.541
10,20,17,9.959e+05,0.198,0.13
10,20,17,9.9594e+05,0.127,-0.235
10,20,17,9.9598e+05,0.057,-0.293
10,20,17,9.9602e+05,-0.452,0.437
10,20,17,9.9605e+05,-0.308,0.416
10,20,17,9.9609e+05,0.088,-0.685
10,20,17,9.9613e+05,-0.019,0.554
10,20,17,9.9617e+05,0.052,0.217
10,20,17,9.9621e+05,0.044,-0.098
10,20,17,9.9625e+05,0.462,0.35
10,20,17,9.9629e+05,0.193,-0.73
10,20,17,9.9633e+05,-0.128,0.338
10,20,17,9.9637e+05,0.023,0.343
10,20,17,9.9641e+05,-0.12,-0.202
10,20,17,9.9644e+05,0.236,-0.127
10,20,17,9.9648e+05,-0.007,0.436
10,20,17,9.9652e+05,0.024,0.05
10,20,17,9.9656e+05,-0.73,-0.609
10,20,17,9.966e+05,-0.957,0.89
10,20,17,9.9664e+05,-0.808,-0.147
10,20,17,9.9668e+05,-0.548,0.582
10,20,17,9.9672e+05,0.174,0.702
10,20,17,9.9676e+05,0.156,-0.554
10,20,17,9.968e+05,0.458,0.069
10,20,17,9.9684e+05,0.611,-1.087
10,20,17,9.9687e+05,0.485,-0.589
10,20,17,9.9691e+05,0.204,0.791
10,20,17,9.9695e+05,0.073,0.191
10,20,17,9.9699e+05,0.182,-0.181
10,20,17,9.9703e+05,0.295,0.028
10,20,17,9.9707e+05,0.401,0.277
10,20,17,9.9711e+05,0.404,-0.243
10,20,17,9.9715e+05,-0.189,-0.359
10,20,17,9.9719e+05,-0.535,-0.011
10,20,17,9.9723e+05,-0.998,0.292
10,20,17,9.9726e+05,-1.026,0.391
10,20,17,9.973e+05,-0.75,0.369
10,20,17,9.9734e+05,-0.016,0.175
10,20,17,9.9738e+05,-0.027,-0.162
10,20,17,9.9742e+05,0.011,-0.589
10,20,17,9.9746e+05,-0.126,-0.256
10,20,17,9.975e+05,0.13,0.505
10,20,17,9.9754e+05,0.181,0.16
10,20,17,9.9758e+05,0.149,0.121
10,20,17,9.9762e+05,0.122,0.059
10,20,17,9.9766e+05,0.555,-0.416
10,20,17,9.977e+05,0.398,-0.022
10,20,17,9.9773e+05,0.39,0.425
10,20,17,9.9777e+05,-0.132,-0.06
10,20,17,9.9781e+05,-0.511,-0.03
10,20,17,9.9785e+05,-0.449,0.343
10,20,17,9.9789e+05,0.023,0.185
10,20,17,9.9793e+05,0.161,0.24
10,20,17,9.9797e+05,-0.128,0.313
10,20,17,9.9801e+05,-0.075,-0.765
10,20,17,9.9805e+05,-0.183,-0.579
10,20,17,9.9808e+05,-0.253,-0.397
10,20,17,9.9812e+05,-0.065,0.285
10,20,17,9.9816e+05,0.142,0.618
10,20,17,9.982e+05,-0.021,-0.313
10,20,17,9.9824e+05,0.092,-0.665
10,20,17,9.9828e+05,-0.113,-0.172
10,20,17,9.9832e+05,-0.353,0.443
10,20,17,9.9836e+05,-0.866,0.297
10,20,17,9.984e+05,-0.261,0.441
10,20,17,9.9844e+05,0.381,-0.03
10,20,17,9.9848e+05,0.308,-0.444
10,20,17,9.9852e+05,0.087,0.122
10,20,17,9.9855e+05,0.905,-0.031
10,20,17,9.9859e+05,0.535,-0.176
10,20,17,9.9863e+05,0.337,0.513
10,20,17,9.9867e+05,0.148,-0.228
10,20,17,9.9871e+05,0.472,-0.118
10,20,17,9.9875e+05,0.177,-0.504
10,20,17,9.9879e+05,0.317,-0.354
10,20,17,9.9883e+05,-0.015,-0.022
10,20,17,9.9887e+05,-0.646,-0.071
10,20,17,9.9891e+05,-0.727,-0.205
10,20,17,9.9894e+05,-0.423,0.455
10,20,17,9.9898e+05,-0.288,-0.105
10,20,17,9.9902e+05,0.02,-0.261
10,20,17,9.9906e+05,-0.357,0.717
10,20,17,9.991e+05,-0.083,-1.008
10,20,17,9.9914e+05,-0.076,-0.608
10,20,17,9.9918e+05,0.084,0.904
10,20,17,9.9922e+05,-0.084,0.248
10,20,17,9.9926e+05,0.247,0.423
10,20,17,9.993e+05,0.41,0.09
10,20,17,9.9934e+05,0.866,-0.209
10,20,17,9.9937e+05,0.688,0.076
10,20,17,9.9941e+05,0.712,0.053
10,20,17,9.9945e+05,0.426,-0.004
10,20,17,9.9949e+05,0.297,-0.174
10,20,17,9.9953e+05,0.023,-0.454
10,20,17,9.9957e+05,-0.101,0.262
10,20,17,9.9961e+05,-0.205,0.262
10,20,17,9.9965e+05,-0.238,-0.044
10,20,17,9.9969e+05,-0.238,-0.236
10,20,17,9.9973e+05,-0.752,-0.157
10,20,17,9.9976e+05,-0.62,0.002
10,20,17,9.998e+05,-0.047,0.345
10,20,17,9.9984e+05,0.21,0.146
10,20,17,9.9988e+05,-0.392,-0.417
10,20,17,9.9992e+05,-0.05,0.331
10,20,17,9.9996e+05,0.198,-0.565
10,20,17,1e+06,0.4,-0.03
10,20,18,39,0.57,-0.024
10,20,18,78,0.053,0.824
10,20,18,117,0.703,-0.113
10,20,18,156,0.818,-0.723
10,20,18,195,0.896,0.467
10,20,18,234,-0.306,-0.248
10,20,18,273,-0.293,0.319
10,20,18,312,-0.435,-0.335
10,20,18,351,-0.027,0.058
10,20,18,390,-0.05,0.484
10,20,18,429,-0.374,-0.047
10,20,18,468,0.079,-1.042
10,20,18,507,-0.309,-0.231
10,20,18,546,0.089,-0.092
10,20,18,585,-0.566,-0.067
10,20,18,624,0.028,0.92
10,20,18,664,0.149,-0.564
10,20,18,703,0.417,0.488
10,20,18,742,0.556,-0.669
10,20,18,781,0.388,-0.651
10,20,18,820,-0.126,0.942
10,20,18,859,-0.402,0.225
10,20,18,898,-0.303,-0.024
10,20,18,937,-0.089,0.11
10,20,18,976,-0.072,0.179
10,20,18,1015,-0.299,0.797
10,20,18,1054,-0.089,-0.51
10,20,18,1093,-0.002,-0.142
10,20,18,1132,-0.148,0.248
10,20,18,1171,-0.309,-0.297
10,20,18,1210,-0.421,0.339
10,20,18,1249,-0.085,-0.153
10,20,18,1289,-0.03,-0.536
10,20,18,1328,0.146,0.294
10,20,18,1367,-0.246,-0.086
10,20,18,1406,-0.424,0.691
10,20,18,1445,0.111,-0.439
10,20,18,1484,-0.241,0.279
10,20,18,1523,0.099,0.037
10,20,18,1562,-0.406,-0.246
10,20,18,1601,-0.162,0.487
10,20,18,1640,-0.278,-0.472
10,20,18,1679,-0.063,0.305
10,20,18,1718,-0.164,0.418
10,20,18,1757,-0.33,0.301
10,20,18,1796,-0.488,0.388
10,20,18,1835,-0.02,-0.774
10,20,18,1874,-0.203,0.383
10,20,18,1914,0.336,0.095
10,20,18,1953,-0.303,0.259
10,20,18,1992,0.157,0.147
10,20,18,2031,-0.362,-0.599
10,20,18,2070,0.198,0.473
10,20,18,2109,-0.11,-0.599
10,20,18,2148,-0.171,0.645
10,20,18,2187,-0.228,0.22
10,20,18,2226,0.112,-0.482
10,20,18,2265,-0.092,0.024
10,20,18,2304,-0.053,0.226
10,20,18,2343,-0.375,0.099
10,20,18,2382,-0.203,0.215
10,20,18,2421,-0.086,0.323
10,20,18,2460,0.362,-0.025
10,20,18,2499,0.355,-0.168
10,20,18,2539,0.388,0.575
10,20,18,2578,0.051,-0.252
10,20,18,2617,0.243,-0.155
10,20,18,2656,-0.1,0.262
10,20,18,2695,-0.299,0.323
10,20,18,2734,-0.538,0.126
10,20,18,2773,-0.203,-0.082
10,20,18,2812,-0.285,-0.576
10,20,18,2851,-0.144,-0.312
10,20,18,2890,-0.507,0.325
10,20,18,2929,-0.504,-0.158
10,20,18,2968,-1.077,-0.056
10,20,18,3007,-0.45,0.663
10,20,18,3046,-0.009,-0.506
10,20,18,3085,0.053,0.486
10,20,18,3124,0.175,0.176
10,20,18,3164,0.374,-0.17
10,20,18,3203,0.561,-0.746
10,20,18,3242,0.039,0.039
10,20,18,3281,-0.087,0.993
10,20,18,3320,0.022,-0.581
10,20,18,3359,0.386,0.136
10,20,18,3398,0.38,-0.231
10,20,18,3437,0.131,-0.265
10,20,18,3476,-0.28,0.351
10,20,18,3515,-0.561,-0.227
10,20,18,3554,-0.49,0.156
10,20,18,3593,-0.69,-0.129
10,20,18,3632,-0.628,-0.445
10,20,18,3671,-0.621,0.071
10,20,18,3710,-0.061,0.097
10,20,18,3749,-0.323,-0.422
10,20,18,3789,0.017,0.18
10,20,18,3828,0.147,0.215
10,20,18,3867,-0.012,0.161
10,20,18,3906,0.239,-0.434
10,20,18,3945,0.103,0.409
10,20,18,3984,0.851,-0.694
10,20,18,4023,0.081,-0.368
10,20,18,4062,0.355,0.372
10,20,18,4101,-0.185,-0.484
10,20,18,4140,0.094,0.831
10,20,18,4179,-0.114,-0.709
10,20,18,4218,-0.371,-0.121
10,20,18,4257,-0.383,0.119
10,20,18,4296,-0.123,-0.244
10,20,18,4335,-0.077,-0.129
10,20,18,4374,-0.545,0.324
10,20,18,4414,-0.238,-0.191
10,20,18,4453,-0.328,-0.095
10,20,18,4492,0.059,-0.022
10,20,18,4531,0.007,-0.714
10,20,18,4570,0.219,0.459
10,20,18,4609,0.024,0.12
10,20,18,4648,0.395,-1.027
10,20,18,4687,0.25,1.281
10,20,18,4726,0.981,-0.396
10,20,18,4765,-0.017,-0.713
10,20,18,4804,-0.066,0.825
10,20,18,4843,-0.307,-1.143
10,20,18,4882,-0.139,0.279
10,20,18,4921,0.144,0.274
10,20,18,4960,0.14,0.228
10,20,18,4999,-0.15,0.007
10,20,18,5039,-0.15,-0.702
10,20,18,5078,-0.07,-0.388
10,20,18,5117,0.391,-0.002
10,20,18,5156,0.184,0.361
10,20,18,5195,-0.051,0.2
10,20,18,5234,0.073,-0.64
10,20,18,5273,0.306,-0.046
10,20,18,5312,0.369,0.209
10,20,18,5351,0.074,0.245
10,20,18,5390,-0.135,0.16
10,20,18,5429,-0.166,-0.18
10,20,18,5468,0.11,-0.275
10,20,18,5507,0.079,0.072
10,20,18,5546,-0.04,0.057
10,20,18,5585,-0.311,0.175
10,20,18,5624,0.2,-0.879
10,20,18,5664,-0.191,0.265
10,20,18,5703,0.311,-0.459
10,20,18,5742,-0.106,0.13
10,20,18,5781,0.241,0.292
10,20,18,5820,-0.186,-1.054
10,20,18,5859,0.175,-0.289
10,20,18,5898,0.32,-0.09
10,20,18,5937,0.227,0.261
10,20,18,5976,-0.276,0.815
10,20,18,6015,-0.052,-0.151
10,20,18,6054,-0.131,-0.562
10,20,18,6093,0.846,0.073
10,20,18,6132,0.307,0.097
10,20,18,6171,0.056,-0.076
10,20,18,6210,-0.07,-0.279
10,20,18,6249,0.608,-0.032
10,20,18,6289,0.684,-0.311
10,20,18,6328,0.33,0.417
10,20,18,6367,-0.401,-0.432
10,20,18,6406,-0.058,-0.228
10,20,18,6445,0.1,-0.406
10,20,18,6484,-0.114,0.236
10,20,18,6523,-0.385,0.563
10,20,18,6562,-0.354,-0.281
10,20,18,6601,-0.52,-0.383
10,20,18,6640,-0.461,0.221
10,20,18,6679,-0.142,0.098
10,20,18,6718,0.008,0.6
10,20,18,6757,0.326,-0.107
10,20,18,6796,0.156,-0.169
10,20,18,6835,0.364,0.014
10,20,18,6874,0.231,-0.389
10,20,18,6914,-0.257,0.495
10,20,18,6953,-0.255,0.494
10,20,18,6992,-0.141,-0.201
10,20,18,7031,-0.406,0.178
10,20,18,7070,-0.189,0.195
10,20,18,7109,0.491,-0.171
10,20,18,7148,0.501,-0.691
10,20,18,7187,-0.48,0.083
10,20,18,7226,-0.667,0.345
10,20,18,7265,-0.432,-0.164
10,20,18,7304,-0.364,0.457
10,20,18,7343,-0.215,0.447
10,20,18,7382,0.039,0.015
10,20,18,7421,0.253,0.045
10,20,18,7460,0.329,-0.811
10,20,18,7499,-0.166,-0.159
10,20,18,7539,-0.093,0.846
10,20,18,7578,-0.175,-0.23
10,20,18,7617,-0.136,0.064
10,20,18,7656,0.026,0.523
10,20,18,7695,-0.002,0.328
10,20,18,7734,0.409,0.022
10,20,18,7773,0.244,-0.095
10,20,18,7812,0.214,-0.075
10,20,18,7851,0.003,-0.051
10,20,18,7890,0.211,-0.315
10,20,18,7929,-0.039,-0.039
10,20,18,7968,0.15,0.468
10,20,18,8007,-0.366,-0.252
10,20,18,8046,-0.6,0.394
10,20,18,8085,-0.669,-0.302
10,20,18,8124,-0.378,0.324
10,20,18,8164,0.047,0.278
10,20,18,8203,-0.009,0.126
10,20,18,8242,0.086,-0.279
10,20,18,8281,0.005,-0.61
10,20,18,8320,0.417,0.364
10,20,18,8359,0.301,-0.147
10,20,18,8398,0.197,0.377
10,20,18,8437,0.107,0.528
10,20,18,8476,0.164,-0.442
10,20,18,8515,0.303,-0.247
10,20,18,8554,0.206,0
10,20,18,8593,0.252,0.169
10,20,18,8632,-0.35,0.179
10,20,18,8671,-0.622,-0.432
10,20,18,8710,-0.789,0.273
10,20,18,8749,-0.327,0.551
10,20,18,8789,-0.196,0.227
10,20,18,8828,0.043,0.212
10,20,18,8867,0.026,-0.574
10,20,18,8906,0.556,-0.352
10,20,18,8945,0.062,0.193
10,20,18,8984,-0.14,0.768
10,20,18,9023,0.1,0.134
10,20,18,9062,0.117,-0.621
10,20,18,9101,0.163,-0.412
10,20,18,9140,0.085,0.037
10,20,18,9179,0.632,0.634
10,20,18,9218,0.62,-0.167
10,20,18,9257,0.125,-0.507
10,20,18,9296,-0.231,0.286
10,20,18,9335,-0.328,0.31
10,20,18,9374,-0.159,0.077
10,20,18,9414,-0.173,0.709
10,20,18,9453,-0.172,-0.264
10,20,18,9492,-0.159,-0.61
10,20,18,9531,-0.042,-0.038
10,20,18,9570,0.312,-0.28
10,20,18,9609,0.467,0.207
10,20,18,9648,-0.325,-0.138
10,20,18,9687,-0.399,-0.261
10,20,18,9726,0.154,0.55
10,20,18,9765,0.744,0.275
10,20,18,9804,0.245,0.333
10,20,18,9843,0.023,0.321
10,20,18,9882,0.285,-0.845
10,20,18,9921,0.066,-0.258
10,20,18,9960,0.12,0.677
10,20,18,9999,0.284,0.61
10,20,18,10039,0.288,0.409
10,20,18,10078,0.229,-0.748
10,20,18,10117,0.131,-0.147
10,20,18,10156,0.409,-0.092
10,20,18,10195,0.189,0.284
10,20,18,10234,-0.29,0.552
10,20,18,10273,-0.184,-0.221
10,20,18,10312,0.151,0.26
10,20,18,10351,0.232,-0.247
10,20,18,10390,0.164,-0.177
10,20,18,10429,0.055,0.702
10,20,18,10468,0.228,-0.149
10,20,18,10507,0.117,-0.432
10,20,18,10546,-0.154,0.577
10,20,18,10585,0.199,0.229
10,20,18,10624,-0.047,-0.062
10,20,18,10664,0.433,-0.058
10,20,18,10703,0.277,-0.054
10,20,18,10742,0.256,0.332
10,20,18,10781,0.189,-0.056
10,20,18,10820,0.017,0.007
10,20,18,10859,-0.553,0.375
10,20,18,10898,-0.346,-0.038
10,20,18,10937,0.221,-0.152
10,20,18,10976,0.426,0.064
10,20,18,11015,0.071,-0.26
10,20,18,11054,0.103,-0.45
10,20,18,11093,-0.365,-0.254
10,20,18,11132,0.045,0.378
10,20,18,11171,0.119,0.192
10,20,18,11210,0.034,0.452
10,20,18,11249,-0.058,-0.154
10,20,18,11289,-0.465,0.218
10,20,18,11328,0.232,-0.416
10,20,18,11367,-0.022,-0.026
10,20,18,11406,0.155,0.377
10,20,18,11445,-0.108,-0.321
10,20,18,11484,0.092,-0.098
10,20,18,11523,0.094,0.056
10,20,18,11562,0.117,-0.066
10,20,18,11601,-0.478,0.457
10,20,18,11640,-0.121,0.549
10,20,18,11679,0.294,-0.238
10,20,18,11718,0.104,-0.086
10,20,18,11757,-0.099,-0.115
10,20,18,11796,-0.397,0.376
10,20,18,11835,-0.193,-0.291
10,20,18,11874,-0.383,0.107
10,20,18,11914,-0.163,0.644
10,20,18,11953,0.014,-0.177
10,20,18,11992,-0.017,0.387
10,20,18,12031,-0.208,-0.257
10,20,18,12070,0.038,-0.252
10,20,18,12109,0.087,-0.295
10,20,18,12148,-0.046,-0.226
10,20,18,12187,-0.294,0.314
10,20,18,12226,0.088,0.147
10,20,18,12265,0.062,-0.031
10,20,18,12304,-0.028,-0.158
10,20,18,12343,0.114,-0.004
10,20,18,12382,-0.019,0.29
10,20,18,12421,0.023,-0.192
10,20,18,12460,0.338,-0.337
10,20,18,12499,0.194,-0.123
10,20,18,12539,-0.483,0.197
10,20,18,12578,-0.676,0.07
10,20,18,12617,-0.193,0.474
10,20,18,12656,0.192,-0.045
10,20,18,12695,-0.105,-0.011
10,20,18,12734,-0.329,0.41
10,20,18,12773,-0.316,-0.787
10,20,18,12812,-0.232,-0.472
10,20,18,12851,-0.331,0.661
10,20,18,12890,-0.233,0.225
10,20,18,12929,-0.557,0.625
10,20,18,12968,-0.065,-0.058
10,20,18,13007,0.238,-0.692
10,20,18,13046,0.028,-0.14
10,20,18,13085,-0.333,0.24
10,20,18,13124,-0.316,0.286
10,20,18,13164,-0.221,0.023
10,20,18,13203,0.027,0.158
10,20,18,13242,-0.177,0.252
10,20,18,13281,0.011,-0.465
10,20,18,13320,-0.596,0.054
10,20,18,13359,-0.057,0.658
10,20,18,13398,0.106,-0.96
10,20,18,13437,-0.18,0.799
10,20,18,13476,-0.216,0.443
10,20,18,13515,-0.12,-0.215
10,20,18,13554,0.022,-0.133
10,20,18,13593,-0.15,-0.362
10,20,18,13632,-0.613,0.225
10,20,18,13671,-0.868,0.222
10,20,18,13710,-0.888,0.224
10,20,18,13749,-0.305,0.305
10,20,18,13789,-0.206,0.091
10,20,18,13828,-0.167,0.128
10,20,18,13867,-0.072,-0.319
10,20,18,13906,-0.376,-0.179
10,20,18,13945,-0.313,-0.025
10,20,18,13984,-0.282,0.307
10,20,18,14023,-0.07,0.462
10,20,18,14062,-0.189,0.494
10,20,18,14101,0.502,0.314
10,20,18,14140,0.306,-0.714
10,20,18,14179,0.182,-0.322
10,20,18,14218,-0.128,0.428
10,20,18,14257,0.047,0.098
10,20,18,14296,-0.011,-0.479
10,20,18,14335,-0.27,0.304
10,20,18,14374,-0.097,-0.155
10,20,18,14414,-0.183,-0.315
10,20,18,14453,-0.529,0.597
10,20,18,14492,-0.227,-0.277
10,20,18,14531,-0.709,0.131
10,20,18,14570,-0.782,0.322
10,20,18,14609,-1.053,0.25
10,20,18,14648,0.041,0.424
10,20,18,14687,-0.018,-0.406
10,20,18,14726,0.187,0.076
10,20,18,14765,-0.077,-0.174
10,20,18,14804,-0.051,0.476
10,20,18,14843,-0.104,-0.008
10,20,18,14882,-0.017,-0.226
10,20,18,14921,0.12,-0.072
10,20,18,14960,0.045,-0.243
10,20,18,14999,-0.057,0.154
10,20,18,15039,-0.336,-0.033
10,20,18,15078,-0.477,-0.347
10,20,18,15117,-0.445,0.681
10,20,18,15156,-0.564,0.336
10,20,18,15195,-0.342,0.166
10,20,18,15234,-0.306,-0.033
10,20,18,15273,0.222,-0.684
10,20,18,15312,-0.092,0.011
10,20,18,15351,0.026,0.525
10,20,18,15390,-0.092,-0.075
10,20,18,15429,0.084,0.175
10,20,18,15468,-0.042,-0.374
10,20,18,15507,0.079,0.325
10,20,18,15546,0.525,0.002
10,20,18,15585,0.483,-0.612
10,20,18,15624,0.278,-0.233
10,20,18,15664,-0.274,0.064
10,20,18,15703,-0.423,-0.126
10,20,18,15742,-0.446,-0.044
10,20,18,15781,-0.363,0.457
10,20,18,15820,-0.233,0.336
10,20,18,15859,-0.097,0.302
10,20,18,15898,-0.118,0.075
10,20,18,15937,-0.026,0.156
10,20,18,15976,0.405,0.086
10,20,18,16015,0.012,0.183
10,20,18,16054,0.463,-0.172
10,20,18,16093,0.156,-0.095
10,20,18,16132,0.215,0.159
10,20,18,16171,-0.475,-0.687
10,20,18,16210,-0.399,0.796
10,20,18,16249,-0.191,-0.04
10,20,18,16289,-0.333,-0.104
10,20,18,16328,-0.468,-0.159
10,20,18,16367,-0.151,-0.702
10,20,18,16406,-0.282,-0.12
10,20,18,16445,-0.214,-0.26
10,20,18,16484,-0.103,-0.844
10,20,18,16523,-0.314,0.176
10,20,18,16562,-0.267,0.094
10,20,18,16601,-0.314,0.265
10,20,18,16640,0.116,0.276
10,20,18,16679,0.393,0.233
10,20,18,16718,0.609,-0.107
10,20,18,16757,0.278,0.195
10,20,18,16796,0.641,-0.051
10,20,18,16835,0.475,0.002
10,20,18,16874,0.417,0.221
10,20,18,16914,-0.363,-0.345
10,20,18,16953,-0.063,0.398
10,20,18,16992,0.185,-0.316
10,20,18,17031,-0.022,-0.016
10,20,18,17070,-0.566,0.421
10,20,18,17109,-0.348,-0.198
10,20,18,17148,-0.56,-0.42
10,20,18,17187,-0.204,-0.541
10,20,18,17226,-0.192,-0.36
10,20,18,17265,-0.346,0.36
10,20,18,17304,-0.209,-0.243
10,20,18,17343,0.148,-0.34
10,20,18,17382,-0.025,0.226
10,20,18,17421,-0.023,0.224
10,20,18,17460,0.389,0.078
10,20,18,17499,0.541,0.3
10,20,18,17539,0.147,-0.198
10,20,18,17578,0.238,-0.277
10,20,18,17617,0.179,-0.085
10,20,18,17656,0.069,0.192
10,20,18,17695,0.04,-0.029
10,20,18,17734,0.058,0.308
10,20,18,17773,-0.227,-0.704
10,20,18,17812,-0.124,-0.159
10,20,18,17851,0.003,-0.396
10,20,18,17890,-0.052,-0.485
10,20,18,17929,0.033,0.402
10,20,18,17968,0.15,-0.307
10,20,18,18007,0.172,-0.089
10,20,18,18046,-0.007,0.203
10,20,18,18085,0.212,-0.216
10,20,18,18124,-0.384,0.624
10,20,18,18164,-0.427,0.072
10,20,18,18203,-0.259,-0.029
10,20,18,18242,-0.15,0.236
10,20,18,18281,-0.132,-0.059
10,20,18,18320,-0.159,0.185
10,20,18,18359,-0.064,0.2
10,20,18,18398,0.322,0.003
10,20,18,18437,-0.211,-0.117
10,20,18,18476,-0.129,-0.458
10,20,18,18515,-0.255,0.409
10,20,18,18554,-0.171,0.003
10,20,18,18593,-0.27,-0.169
10,20,18,18632,0.136,0.465
10,20,18,18671,-0.241,-0.658
10,20,18,18710,-0.068,-0.304
10,20,18,18749,-0.381,0.083
10,20,18,18789,-0.067,0.527
10,20,18,18828,-0.435,-0.055
10,20,18,18867,-0.495,0.334
10,20,18,18906,-0.204,-0.257
10,20,18,18945,-0.32,0.125
10,20,18,18984,0.045,-0.25
10,20,18,19023,-0.261,0.545
10,20,18,19062,-0.132,0.33
10,20,18,19101,-0.587,-0.566
10,20,18,19140,-0.259,0.306
10,20,18,19179,-0.082,-0.076
10,20,18,19218,0.327,0.116
10,20,18,19257,0.06,-0.19
10,20,18,19296,0.019,-0.692
10,20,18,19335,-0.282,-0.064
10,20,18,19374,-0.191,0.009
10,20,18,19414,-0.146,0.025
10,20,18,19453,-0.383,0.68
10,20,18,19492,-0.428,0.059
10,20,18,19531,-0.538,-0.346
10,20,18,19570,-0.037,-0.113
10,20,18,19609,-0.158,-0.042
10,20,18,19648,0.101,0.69
10,20,18,19687,0.25,-0.248
10,20,18,19726,-0.163,-0.388
10,20,18,19765,-0.19,-0.309
10,20,18,19804,-0.407,-0.247
10,20,18,19843,-0.172,0.838
10,20,18,19882,-0.099,-0.065
10,20,18,19921,-0.212,0.142
10,20,18,19960,-0.137,-0.094
10,20,18,19999,-0.448,-0.334
10,20,18,20039,-0.142,0.247
10,20,18,20078,-0.423,0.038
10,20,18,20117,-0.196,0.364
10,20,18,20156,-0.354,0.323
10,20,18,20195,0.154,-0.05
10,20,18,20234,0.054,-0.55
10,20,18,20273,0.106,0.632
10,20,18,20312,0.219,-0.317
10,20,18,20351,-0.101,-0.262
10,20,18,20390,0.024,0.593
10,20,18,20429,-0.099,-0.566
10,20,18,20468,-0.131,0.593
10,20,18,20507,-0.139,-0.337
10,20,18,20546,-0.27,-0.269
10,20,18,20585,0.088,0.344
10,20,18,20624,-0.344,-0.423
10,20,18,20664,-0.083,0.166
10,20,18,20703,-0.337,0.055
10,20,18,20742,-0.39,-0.106
10,20,18,20781,-0.696,0.249
10,20,18,20820,-0.036,0.062
10,20,18,20859,0.034,-0.345
10,20,18,20898,-0.061,0.716
10,20,18,20937,-0.163,-0.734
10,20,18,20976,-0.255,-0.525
10,20,18,21015,-0.134,0.723
10,20,18,21054,0.215,0.114
10,20,18,21093,0.344,0.353
10,20,18,21132,0.208,0.074
10,20,18,21171,-0.065,-0.825
10,20,18,21210,-0.019,-0.277
10,20,18,21249,-0.05,0.133
10,20,18,21289,0.015,0.12
10,20,18,21328,-0.172,-0.024
10,20,18,21367,-0.167,-0.191
10,20,18,21406,-0.272,-0.419
10,20,18,21445,0.051,-0.117
10,20,18,21484,-0.382,-0.188
10,20,18,21523,-0.114,0.373
10,20,18,21562,-0.023,0.166
10,20,18,21601,0.21,-0.264
10,20,18,21640,0.239,-0.122
10,20,18,21679,0.372,0.035
10,20,18,21718,0.185,-0.174
10,20,18,21757,0.183,0.038
10,20,18,21796,0.051,-0.218
10,20,18,21835,-0.097,-0.22
10,20,18,21874,-0.1,0.332
10,20,18,21914,-0.173,0.104
10,20,18,21953,0.039,-0.323
10,20,18,21992,0.64,-0.757
10,20,18,22031,-0.051,0.163
10,20,18,22070,0.039,-0.079
10,20,18,22109,-0.674,-0.468
10,20,18,22148,-0.375,0.676
10,20,18,22187,-0.23,-0.037
10,20,18,22226,0.311,-0.008
10,20,18,22265,0.204,-0.263
10,20,18,22304,-0.322,-0.238
10,20,18,22343,0.054,-0.62
10,20,18,22382,-0.339,-0.183
10,20,18,22421,0.199,0.611
10,20,18,22460,0.116,0.066
10,20,18,22499,0.531,0.265
10,20,18,22539,-0.408,-0.169
10,20,18,22578,0.235,-0.594
10,20,18,22617,0.132,-0.317
10,20,18,22656,0.388,0.601
10,20,18,22695,-0.07,0.297
10,20,18,22734,0.112,0.065
10,20,18,22773,-0.337,-0.241
10,20,18,22812,0.165,-0.652
10,20,18,22851,-0.08,0.046
10,20,18,22890,0.22,0.379
10,20,18,22929,-0.152,-0.048
10,20,18,22968,0.148,-0.097
10,20,18,23007,0.191,-0.997
10,20,18,23046,0.382,0.108
10,20,18,23085,0.102,-0.161
10,20,18,23124,0.308,-0.126
10,20,18,23164,0.326,-0.18
10,20,18,23203,0.213,0.107
10,20,18,23242,0.097,-0.566
10,20,18,23281,-0.357,0.241
10,20,18,23320,-0.094,0.302
10,20,18,23359,0.052,-0.141
10,20,18,23398,0.017,-0.317
10,20,18,23437,0.146,0.204
10,20,18,23476,0.377,0.008
10,20,18,23515,-0.008,0.063
10,20,18,23554,0.06,-0.567
10,20,18,23593,-0.78,0.185
10,20,18,23632,0.015,0.276
10,20,18,23671,-0.052,-0.285
10,20,18,23710,0.243,0.045
10,20,18,23749,-0.289,-0.173
10,20,18,23789,-0.148,0.02
10,20,18,23828,0.322,-0.489
10,20,18,23867,0.435,-0.304
10,20,18,23906,-0.124,0.323
10,20,18,23945,-0.043,0.012
10,20,18,23984,-0.216,-0.235
10,20,18,24023,-0.067,-0.207
10,20,18,24062,0.106,0.046
10,20,18,24101,-0.032,0.781
10,20,18,24140,-0.152,-0.678
10,20,18,24179,-0.353,0.239
10,20,18,24218,-0.092,-0.066
10,20,18,24257,-0.057,-0.328
10,20,18,24296,0.275,0.551
10,20,18,24335,-0.017,-0.275
10,20,18,24374,0.047,0.099
10,20,18,24414,-0.007,0.059
10,20,18,24453,0.335,-0.459
10,20,18,24492,0.139,-0.024
10,20,18,24531,-0.123,0.306
10,20,18,24570,-0.037,-0.189
10,20,18,24609,0.011,-0.23
10,20,18,24648,-0.038,-0.325
10,20,18,24687,-0.104,-0.006
10,20,18,24726,-0.552,0.433
10,20,18,24765,-0.225,0.458
10,20,18,24804,0.128,-0.024
10,20,18,24843,-0.086,0.215
10,20,18,24882,0.229,-0.54
10,20,18,24921,0.118,-0.133
10,20,18,24960,0.542,0.008
10,20,18,24999,0.344,-0.507
10,20,18,25039,-0.103,0.28
10,20,18,25078,-0.225,-0.094
10,20,18,25117,-0.418,-0.049
10,20,18,25156,-0.425,0.568
10,20,18,25195,-0.279,-0.02
10,20,18,25234,-0.314,0.196
10,20,18,25273,-0.11,-0.046
10,20,18,25312,0.304,0.098
10,20,18,25351,0.336,-0.506
10,20,18,25390,-0.721,0.27
10,20,18,25429,-0.469,0.75
10,20,18,25468,-0.013,-0.199
10,20,18,25507,0.449,0.316
10,20,18,25546,0.492,-0.142
10,20,18,25585,0.373,-0.239
10,20,18,25624,-0.235,0.353
10,20,18,25664,-0.445,-0.263
10,20,18,25703,-0.458,-0.228
10,20,18,25742,-0.13,1.125
10,20,18,25781,-0.341,-0.024
10,20,18,25820,-0.385,-0.196
10,20,18,25859,-0.37,-0.226
10,20,18,25898,-0.08,-0.464
10,20,18,25937,0.244,0.066
10,20,18,25976,-0.033,0.479
10,20,18,26015,-0.399,0.144
10,20,18,26054,-0.126,-0.083
10,20,18,26093,0.578,-0.248
10,20,18,26132,0.401,-0.196
10,20,18,26171,0.329,-0.112
10,20,18,26210,0.188,0.646
10,20,18,26249,0.416,-0.142
10,20,18,26289,0.514,-0.726
10,20,18,26328,-0.173,0.749
10,20,18,26367,-0.07,-0.296
10,20,18,26406,-0.513,0.08
10,20,18,26445,-0.412,0.243
10,20,18,26484,-0.414,-0.433
10,20,18,26523,-0.112,0.581
10,20,18,26562,-0.083,-0.184
10,20,18,26601,-0.542,0.186
10,20,18,26640,-0.267,0.011
10,20,18,26679,0.172,-0.204
10,20,18,26718,0.411,0.046
10,20,18,26757,0,-0.194
10,20,18,26796,0.091,0.585
10,20,18,26835,0.376,-1.021
10,20,18,26874,0.387,-0.233
10,20,18,26914,0.263,1.152
10,20,18,26953,0.303,-0.645
10,20,18,26992,-0.032,-0.255
10,20,18,27031,-0.12,0.041
10,20,18,27070,-0.247,0.172
10,20,18,27109,-0.122,0.586
10,20,18,27148,-0.72,-0.396
10,20,18,27187,-0.62,0.562
10,20,18,27226,-0.195,0.046
10,20,18,27265,-0.008,-0.197
10,20,18,27304,0.138,-0.201
10,20,18,27343,-0.087,-0.154
10,20,18,27382,0.19,0.162
10,20,18,27421,0.345,-0.376
10,20,18,27460,0.486,0.323
10,20,18,27499,0.651,-0.08
10,20,18,27539,0.469,-0.376
10,20,18,27578,-0.023,-0.092
10,20,18,27617,0.299,-0.312
10,20,18,27656,0.146,0.672
10,20,18,27695,0.15,0.354
10,20,18,27734,-0.277,-0.751
10,20,18,27773,-0.201,0.211
10,20,18,27812,-0.147,-0.318
10,20,18,27851,-0.241,-0.168
10,20,18,27890,-0.256,0.34
10,20,18,27929,-0.31,-0.056
10,20,18,27968,0.115,-0.404
10,20,18,28007,-0.04,-0.227
10,20,18,28046,0.208,0.261
10,20,18,28085,0.133,-0.251
10,20,18,28124,0.213,-0.347
10,20,18,28164,-0.068,-0.028
10,20,18,28203,0.28,-0.109
10,20,18,28242,0.21,-0.097
10,20,18,28281,0.485,0.316
10,20,18,28320,0.7,-0.354
10,20,18,28359,0.099,0.038
10,20,18,28398,0.143,-0.406
10,20,18,28437,0.256,-0.294
10,20,18,28476,0.425,1.228
10,20,18,28515,0.225,-0.674
10,20,18,28554,0.194,-0.699
10,20,18,28593,-0.255,0.002
10,20,18,28632,-0.593,0.013
10,20,18,28671,-0.352,0.41
10,20,18,28710,-0.288,0.114
10,20,18,28749,-0.367,0.106
10,20,18,28789,-0.12,0.269
10,20,18,28828,0.306,-0.552
10,20,18,28867,0.327,-0.247
10,20,18,28906,0.302,0.832
10,20,18,28945,0.487,-0.17
10,20,18,28984,0.14,-0.481
10,20,18,29023,0.001,0.561
10,20,18,29062,0.471,-0.131
10,20,18,29101,1.182,0.093
10,20,18,29140,0.989,-0.023
10,20,18,29179,0.23,-0.654
10,20,18,29218,-0.457,-0.473
10,20,18,29257,-0.497,-0.591
10,20,18,29296,-0.65,0.112
10,20,18,29335,-0.634,1.528
10,20,18,29374,-0.468,-0.155
10,20,18,29414,-0.183,-0.529
10,20,18,29453,0.737,-0.45
10,20,18,29492,0.62,-0.34
10,20,18,29531,0.538,0.356
10,20,18,29570,0.359,0.023
10,20,18,29609,0.358,0.072
10,20,18,29648,0.278,-0.305
10,20,18,29687,0.155,-0.088
10,20,18,29726,0.222,0.52
10,20,18,29765,-0.117,0.075
10,20,18,29804,0.282,0.107
10,20,18,29843,0.627,-0.567
10,20,18,29882,0.341,0.189
10,20,18,29921,0.241,-0.531
10,20,18,29960,-0.085,0.081
10,20,18,29999,0.148,-0.219
10,20,18,30039,-0.572,-0.723
10,20,18,30078,-0.303,0.871
10,20,18,30117,-0.655,0.096
10,20,18,30156,-0.039,0.49
10,20,18,30195,0.083,-0.151
10,20,18,30234,-0.067,-0.152
10,20,18,30273,-0.39,0.204
10,20,18,30312,-0.608,0.276
10,20,18,30351,-0.617,0.538
10,20,18,30390,-0.319,0.169
10,20,18,30429,-0.043,0.498
10,20,18,30468,-0.122,-0.377
10,20,18,30507,-0.022,-0.029
10,20,18,30546,0.232,-0.53
10,20,18,30585,0.129,-0.03
10,20,18,30624,0.063,0.206
10,20,18,30664,-0.5,-0.29
10,20,18,30703,-0.025,0.258
10,20,18,30742,0.27,-0.228
10,20,18,30781,0.638,-0.196
10,20,18,30820,0.443,0.198
10,20,18,30859,0.314,-0.095
10,20,18,30898,-0.254,0.214
10,20,18,30937,-0.495,0.167
10,20,18,30976,-0.755,-0.036
10,20,18,31015,-0.762,1.329
10,20,18,31054,-0.388,0.411
10,20,18,31093,-0.085,-0.665
10,20,18,31132,0.045,0.291
10,20,18,31171,-0.173,-0.368
10,20,18,31210,-0.384,-0.351
10,20,18,31249,-0.18,0.37
10,20,18,31289,-0.253,0.154
10,20,18,31328,0.219,-0.108
10,20,18,31367,0.049,-0.424
10,20,18,31406,0.365,-0.074
10,20,18,31445,0.104,-0.047
10,20,18,31484,-0.152,0.583
10,20,18,31523,-0.306,-0.438
10,20,18,31562,-0.004,-0.197
10,20,18,31601,0.183,0.426
10,20,18,31640,-0.052,0.357
10,20,18,31679,0.377,0.799
10,20,18,31718,0.469,0.052
10,20,18,31757,0.2,-0.937
10,20,18,31796,-0.184,0.214
10,20,18,31835,-0.138,0.821
10,20,18,31874,0.1,-0.203
10,20,18,31914,-0.328,0.042
10,20,18,31953,-0.405,-0.316
10,20,18,31992,-0.307,-1.012
10,20,18,32031,-0.125,0.45
10,20,18,32070,-0.413,0.478
10,20,18,32109,-0.412,0.296
10,20,18,32148,-0.419,0.395
10,20,18,32187,-0.315,-0.203
10,20,18,32226,0.154,0.055
10,20,18,32265,0.314,0.354
10,20,18,32304,0.363,0.165
10,20,18,32343,0.411,-0.091
10,20,18,32382,-0.02,-0.041
10,20,18,32421,-0.173,0.077
10,20,18,32460,-0.077,0.461
10,20,18,32499,0.127,0.127
10,20,18,32539,0.095,0.253
10,20,18,32578,0.046,0.036
10,20,18,32617,0.028,-0.613
10,20,18,32656,-0.211,0.202
10,20,18,32695,-0.326,0.252
10,20,18,32734,-0.393,-0.404
10,20,18,32773,-0.422,0.297
10,20,18,32812,-0.255,0.145
10,20,18,32851,0.028,-0.261
10,20,18,32890,-0.415,0.108
10,20,18,32929,-0.037,-0.153
10,20,18,32968,-0.034,-0.012
10,20,18,33007,0.39,0.659
10,20,18,33046,0.6,-0.445
10,20,18,33085,0.24,-0.166
10,20,18,33124,0.201,0.169
10,20,18,33164,0.04,-0.192
10,20,18,33203,0.069,0.02
10,20,18,33242,-0.353,0.375
10,20,18,33281,0.157,0.471
10,20,18,33320,-0.037,-0.59
10,20,18,33359,-0.402,0.058
10,20,18,33398,-0.934,-0.098
10,20,18,33437,-0.933,0.048
10,20,18,33476,-0.375,-0.074
10,20,18,33515,-0.149,0.198
10,20,18,33554,0.088,0.564
10,20,18,33593,-0.094,-0.659
10,20,18,33632,0.17,-0.478
10,20,18,33671,0.163,-0.345
10,20,18,33710,0.471,0.25
10,20,18,33749,0.458,0.326
10,20,18,33789,0.556,-0.132
10,20,18,33828,0.123,-0.776
10,20,18,33867,-0.192,0.546
10,20,18,33906,0.088,0.27
10,20,18,33945,-0.349,0.112
10,20,18,33984,0.027,0.476
10,20,18,34023,-0.057,-0.022
10,20,18,34062,0.372,-0.638
10,20,18,34101,-0.212,-0.409
10,20,18,34140,0.124,0.322
10,20,18,34179,-0.14,-0.3
10,20,18,34218,0.078,0.433
10,20,18,34257,0.382,-0.317
10,20,18,34296,0.071,0.307
10,20,18,34335,0.107,0.12
10,20,18,34374,0.164,-0.525
10,20,18,34414,0.455,0.288
10,20,18,34453,-0.071,-0.462
10,20,18,34492,-0.099,0.382
10,20,18,34531,-0.24,-0.262
10,20,18,34570,-0.191,-0.02
10,20,18,34609,-0.15,0.368
10,20,18,34648,-0.024,-0.537
10,20,18,34687,0.257,-0.002
10,20,18,34726,-0.179,0.534
10,20,18,34765,0.056,-0.408
10,20,18,34804,-0.048,0.536
10,20,18,34843,0.783,-0.106
10,20,18,34882,0.357,-0.42
10,20,18,34921,0.407,0.601
10,20,18,34960,-0.033,-0.363
10,20,18,34999,0.223,-0.616
10,20,18,35039,-0.13,-0.041
10,20,18,35078,-0.053,1.111
10,20,18,35117,-0.196,0.034
10,20,18,35156,0.042,-0.435
10,20,18,35195,-0.183,0.068
10,20,18,35234,0.074,-0.43
10,20,18,35273,-0.296,-0.338
10,20,18,35312,-0.287,0.193
10,20,18,35351,-0.325,0.194
10,20,18,35390,0.323,0.199
10,20,18,35429,0.274,-0.17
10,20,18,35468,0.333,0.196
10,20,18,35507,0.083,-0.554
10,20,18,35546,0.284,0.319
10,20,18,35585,0.123,0.313
10,20,18,35624,-0.053,0.267
10,20,18,35664,-0.076,0.535
10,20,18,35703,0.091,-0.065
10,20,18,35742,0.275,-0.418
10,20,18,35781,0.182,-0.205
10,20,18,35820,0.136,0.115
10,20,18,35859,-0.216,0.062
10,20,18,35898,-0.445,-0.269
10,20,18,35937,-0.785,-0.516
10,20,18,35976,-0.026,0.093
10,20,18,36015,-0.149,-0.217
10,20,18,36054,0.037,-0.097
10,20,18,36093,0.173,-0.421
10,20,18,36132,-0.094,-0.298
10,20,18,36171,-0.236,0.195
10,20,18,36210,0.084,0.371
10,20,18,36249,-0.161,0.321
10,20,18,36289,-0.144,0.318
10,20,18,36328,0.1,-0.153
10,20,18,36367,0.097,0.136
10,20,18,36406,0.478,-0.253
10,20,18,36445,0.202,0.031
10,20,18,36484,0.43,-0.038
10,20,18,36523,-0.577,-0.414
10,20,18,36562,-0.432,0.071
10,20,18,36601,-0.438,0.443
10,20,18,36640,0.319,0.425
10,20,18,36679,0.04,-0.425
10,20,18,36718,-0.188,-0.391
10,20,18,36757,-1.173,-0.165
10,20,18,36796,-0.995,-0.01
10,20,18,36835,-0.913,1.147
10,20,18,36874,0.249,0.208
10,20,18,36914,-0.498,-0.271
10,20,18,36953,0.352,0.145
10,20,18,36992,0.022,-1.072
10,20,18,37031,0.486,-0.301
10,20,18,37070,-0.25,0.778
10,20,18,37109,0.312,0.678
10,20,18,37148,-0.058,-0.615
10,20,18,37187,0.125,0.193
10,20,18,37226,-0.151,-0.534
10,20,18,37265,0.154,-0.127
10,20,18,37304,-0.253,-0.231
10,20,18,37343,0.093,0.54
10,20,18,37382,-0.627,0.208
10,20,18,37421,-0.475,-0.208
10,20,18,37460,-0.482,0.13
10,20,18,37499,-0.15,0.624
10,20,18,37539,-0.219,-0.304
10,20,18,37578,-0.478,0.283
10,20,18,37617,-0.076,-0.21
10,20,18,37656,-0.048,0.238
10,20,18,37695,0.004,-0.115
10,20,18,37734,-0.358,-0.245
10,20,18,37773,-0.421,0.209
10,20,18,37812,-0.197,-0.178
10,20,18,37851,-0.376,-0.333
10,20,18,37890,0.074,0.866
10,20,18,37929,0.019,-0.112
10,20,18,37968,0.016,-0.662
10,20,18,38007,-0.163,-0.354
10,20,18,38046,-0.32,0.41
10,20,18,38085,-0.595,0.567
10,20,18,38124,-0.305,0.372
10,20,18,38164,0.007,-0.13
10,20,18,38203,-0.159,0.118
10,20,18,38242,-0.193,-0.304
10,20,18,38281,-0.25,0.272
10,20,18,38320,0.083,0.286
10,20,18,38359,0.093,-0.355
10,20,18,38398,0.11,0.026
10,20,18,38437,-0.261,-0.222
10,20,18,38476,-0.131,-0.27
10,20,18,38515,-0.194,-0.044
10,20,18,38554,0.085,0.305
10,20,18,38593,-0.092,-0.166
10,20,18,38632,-0.135,0.31
10,20,18,38671,-0.1,-0.167
10,20,18,38710,-0.039,-0.247
10,20,18,38749,-0.163,0.038
10,20,18,38789,-0.33,-0.191
10,20,18,38828,-0.139,0.264
10,20,18,38867,0.053,0.361
10,20,18,38906,0.193,-0.789
10,20,18,38945,-0.272,0.262
10,20,18,38984,0.356,0.451
10,20,18,39023,0.319,-0.143
10,20,18,39062,0.293,0.078
10,20,18,39101,-0.179,-0.095
10,20,18,39140,-0.068,-0.072
10,20,18,39179,0.191,-0.112
10,20,18,39218,0.107,-0.183
10,20,18,39257,-0.232,0.265
10,20,18,39296,-0.145,-0.469
10,20,18,39335,-0.295,-0.192
10,20,18,39374,0.071,0.31
10,20,18,39414,0.166,0.343
10,20,18,39453,-0.024,-0.257
10,20,18,39492,0.018,-0.291
10,20,18,39531,0.32,-0.666
10,20,18,39570,0.098,-0.599
10,20,18,39609,-0.042,0.345
10,20,18,39648,-0.159,0.514
10,20,18,39687,0.356,-0.466
10,20,18,39726,0.003,0.324
10,20,18,39765,0.543,-0.368
10,20,18,39804,0.361,-0.186
10,20,18,39843,0.375,0.122
10,20,18,39882,-0.495,-0.65
10,20,18,39921,-0.048,0.048
10,20,18,39960,-0.216,0.229
10,20,18,39999,0.372,0.333
10,20,18,40039,-0.233,-0.224
10,20,18,40078,0.112,-0.253
10,20,18,40117,0.006,-0.066
10,20,18,40156,0.181,0.07
10,20,18,40195,-0.052,-0.64
10,20,18,40234,0.032,0.52
10,20,18,40273,-0.117,-0.139
10,20,18,40312,0.261,-0.702
10,20,18,40351,0.06,0.618
10,20,18,40390,0.672,0.162
10,20,18,40429,0.43,-0.571
10,20,18,40468,-0.075,0.143
10,20,18,40507,-0.353,-0.228
10,20,18,40546,-0.053,0.577
10,20,18,40585,0.217,-0.238
10,20,18,40624,0.026,-0.011
10,20,18,40664,0.128,0.545
10,20,18,40703,0.272,-0.447
10,20,18,40742,-0.126,-0.513
10,20,18,40781,0.26,-0.201
10,20,18,40820,0.054,0.474
10,20,18,40859,0.04,0.559
10,20,18,40898,-0.152,-0.466
10,20,18,40937,0.06,0.163
10,20,18,40976,0.21,-0.375
10,20,18,41015,0.423,0.143
10,20,18,41054,0.018,0.497
10,20,18,41093,0.471,-0.395
10,20,18,41132,-0.007,-0.265
10,20,18,41171,0.471,-0.045
10,20,18,41210,0.411,-0.468
10,20,18,41249,0.149,0.365
10,20,18,41289,-0.037,0.029
10,20,18,41328,-0.194,-0.18
10,20,18,41367,0.279,0.024
10,20,18,41406,-0.026,0.148
10,20,18,41445,-0.051,-0.157
10,20,18,41484,-0.107,-0.356
10,20,18,41523,0.002,0.596
10,20,18,41562,0.232,-0.731
10,20,18,41601,0.046,-0.317
10,20,18,41640,0.218,0.954
10,20,18,41679,0.593,-0.656
10,20,18,41718,0.527,-0.156
10,20,18,41757,0.421,0.584
10,20,18,41796,0.175,-0.875
10,20,18,41835,-0.249,-0.017
10,20,18,41874,0.114,0.633
10,20,18,41914,0.25,-0.378
10,20,18,41953,0.267,0.476
10,20,18,41992,-0.002,0.086
10,20,18,42031,0.023,-0.173
10,20,18,42070,0.272,0.003
10,20,18,42109,-0.111,0.112
10,20,18,42148,-0.183,0.009
10,20,18,42187,-0.498,0.155
10,20,18,42226,-0.253,-0.146
10,20,18,42265,-0.22,-0.241
10,20,18,42304,-0.053,0.428
10,20,18,42343,-0.304,-0.062
10,20,18,42382,-0.067,0.552
10,20,18,42421,-0.033,-0.025
10,20,18,42460,0.134,-0.098
10,20,18,42499,0.507,0.04
10,20,18,42539,0.542,-0.262
10,20,18,42578,0.353,-0.032
10,20,18,42617,0.023,0.106
10,20,18,42656,0.19,-0.299
10,20,18,42695,-0.318,0.539
10,20,18,42734,0.238,0.33
10,20,18,42773,-0.282,0.133
10,20,18,42812,0.003,0.143
10,20,18,42851,-0.07,-0.301
10,20,18,42890,0.044,0.195
10,20,18,42929,-0.023,0.224
10,20,18,42968,-0.136,0.314
10,20,18,43007,-0.175,-0.077
10,20,18,43046,0.058,0.511
10,20,18,43085,0.381,-0.121
10,20,18,43124,0.412,-0.171
10,20,18,43164,0.338,0.617
10,20,18,43203,0.381,-0.664
10,20,18,43242,0.168,-0.155
10,20,18,43281,-0.094,0.597
10,20,18,43320,-0.327,0.275
10,20,18,43359,-0.029,0.315
10,20,18,43398,0.018,0.057
10,20,18,43437,-0.247,-0.201
10,20,18,43476,-0.039,0.379
10,20,18,43515,-0.166,0.323
10,20,18,43554,-0.354,0.112
10,20,18,43593,-0.356,0.035
10,20,18,43632,-0.052,0.319
10,20,18,43671,0.01,-0.029
10,20,18,43710,-0.232,0.078
10,20,18,43749,-0.122,0.147
10,20,18,43789,-0.186,-0.234
10,20,18,43828,-0.174,-0.026
10,20,18,43867,-0.204,0.308
10,20,18,43906,0.177,0.132
10,20,18,43945,0.17,0.177
10,20,18,43984,-0.074,-0.005
10,20,18,44023,0.126,-0.712
10,20,18,44062,-0.193,0.124
10,20,18,44101,-0.185,-0.077
10,20,18,44140,-0.483,0.195
10,20,18,44179,-0.066,1.008
10,20,18,44218,-0.074,-0.662
10,20,18,44257,-0.021,-0.059
10,20,18,44296,-0.4,0.193
10,20,18,44335,-0.097,-0.493
10,20,18,44374,-0.333,0.385
10,20,18,44414,-0.227,0.434
10,20,18,44453,-0.113,-0.341
10,20,18,44492,0.012,0.277
10,20,18,44531,-0.229,-0.251
10,20,18,44570,0.302,-0.311
10,20,18,44609,0.2,-0.038
10,20,18,44648,0.005,-0.276
10,20,18,44687,-0.448,0.097
10,20,18,44726,-0.212,0.649
10,20,18,44765,0.263,-0.054
10,20,18,44804,0.156,0.027
10,20,18,44843,0.066,-0.621
10,20,18,44882,-0.572,0.52
10,20,18,44921,-0.19,-0.043
10,20,18,44960,-0.16,-0.009
10,20,18,44999,0.043,1.048
10,20,18,45039,0.096,-0.106
10,20,18,45078,-0.081,-0.172
10,20,18,45117,-0.444,-0.101
10,20,18,45156,-0.412,-0.316
10,20,18,45195,-0.6,0.577
10,20,18,45234,-0.369,0.32
10,20,18,45273,-0.406,-0.092
10,20,18,45312,-0.244,-0.161
10,20,18,45351,0.369,-0.403
10,20,18,45390,0.075,0.212
10,20,18,45429,0.333,0.311
10,20,18,45468,0.156,-0.597
10,20,18,45507,-0.03,-0.037
10,20,18,45546,-0.068,-0.052
10,20,18,45585,0.063,0.397
10,20,18,45624,0.023,0.041
10,20,18,45664,-0.385,0.115
10,20,18,45703,0.01,-0.33
10,20,18,45742,0.33,-0.101
10,20,18,45781,0.229,0.941
10,20,18,45820,-0.511,-0.097
10,20,18,45859,-0.05,-0.022
10,20,18,45898,0.071,-0.255
10,20,18,45937,0.108,-0.293
10,20,18,45976,-0.153,0.084
10,20,18,46015,-0.488,0.474
10,20,18,46054,0.008,-0.708
10,20,18,46093,-0.055,-0.109
10,20,18,46132,0.128,0.927
10,20,18,46171,0.081,-0.601
10,20,18,46210,0.262,0.309
10,20,18,46249,0.029,-0.101
10,20,18,46289,-0.173,-0.2
10,20,18,46328,-0.17,0.224
10,20,18,46367,-0,-0.173
10,20,18,46406,-0.207,0.186
10,20,18,46445,0.019,0.009
10,20,18,46484,-0.044,-0.044
10,20,18,46523,-0.123,0.133
10,20,18,46562,0.113,-0.229
10,20,18,46601,0.006,0.361
10,20,18,46640,-0.124,0.41
10,20,18,46679,0.025,-0.14
10,20,18,46718,-0.093,-0.19
10,20,18,46757,0.256,-0.109
10,20,18,46796,0.215,-0.027
10,20,18,46835,-0.073,-0.27
10,20,18,46874,-0.279,-0.142
10,20,18,46914,-0.141,-0.048
10,20,18,46953,-0.113,-0.217
10,20,18,46992,0.168,-0.05
10,20,18,47031,-0.18,0.194
10,20,18,47070,0.107,-0.206
10,20,18,47109,-0.05,-0.38
10,20,18,47148,0.59,-0.046
10,20,18,47187,0.255,-0.185
10,20,18,47226,0.057,0.383
10,20,18,47265,-0.113,-0.297
10,20,18,47304,-0.157,-0.296
10,20,18,47343,0.375,0.082
10,20,18,47382,-0.103,0.567
10,20,18,47421,-0.048,-0.029
10,20,18,47460,-0.297,-0.315
10,20,18,47499,-0.261,0.658
10,20,18,47539,0.026,-0.52
10,20,18,47578,0.011,0.336
10,20,18,47617,0.283,0.129
10,20,18,47656,0.056,-0.823
10,20,18,47695,-0.023,0.359
10,20,18,47734,0.218,-0.302
10,20,18,47773,-0.199,-0.435
10,20,18,47812,-0.707,0.423
10,20,18,47851,-0.633,-0.006
10,20,18,47890,-0.599,0.058
10,20,18,47929,-0.285,0.714
10,20,18,47968,0.234,0.438
10,20,18,48007,0.178,-0.345
10,20,18,48046,-0.008,-0.32
10,20,18,48085,0.134,-0.078
10,20,18,48124,-0.149,-0.027
10,20,18,48164,-0.16,0.614
10,20,18,48203,-0.324,0.138
10,20,18,48242,-0.134,-0.421
10,20,18,48281,-0.597,-0.049
10,20,18,48320,-0.06,0.316
10,20,18,48359,-0.134,0.038
10,20,18,48398,-0.252,0.533
10,20,18,48437,-0.333,-0.01
10,20,18,48476,-0.22,-0.351
10,20,18,48515,-0.204,-0.036
10,20,18,48554,-0.272,0.419
10,20,18,48593,-0.158,0.087
10,20,18,48632,-0.563,-0.03
10,20,18,48671,-0.311,-0.209
10,20,18,48710,-0.465,0.289
10,20,18,48749,-0.06,0.462
10,20,18,48789,-0.146,-0.141
10,20,18,48828,0.167,0.215
10,20,18,48867,0.379,-0.718
10,20,18,48906,0.081,0.239
10,20,18,48945,-0.188,0.56
10,20,18,48984,-0.349,-0.288
10,20,18,49023,-0.184,-0.058
10,20,18,49062,-0.318,0.534
10,20,18,49101,-0.388,0.141
10,20,18,49140,-0.107,-0.211
10,20,18,49179,-0.386,-0.05
10,20,18,49218,-0.417,-0.104
10,20,18,49257,-0.425,0.194
10,20,18,49296,-0.717,0.164
10,20,18,49335,-0.259,-0.155
10,20,18,49374,-0.153,0.52
10,20,18,49414,0.338,-0.129
10,20,18,49453,0.244,-0.169
10,20,18,49492,0.293,0.173
10,20,18,49531,0.302,-0.11
10,20,18,49570,0.098,-0.076
10,20,18,49609,-0.102,-0.255
10,20,18,49648,-0.493,0.689
10,20,18,49687,-0.261,0.256
10,20,18,49726,-0.2,-0.213
10,20,18,49765,-0.419,0.423
10,20,18,49804,-0.348,-0.5
10,20,18,49843,-0.717,0.315
10,20,18,49882,-0.459,0.004
10,20,18,49921,-0.453,-0.343
10,20,18,49960,-0.379,0.705
10,20,18,49999,-0.243,-0.349
10,20,18,50039,0.208,-0.208
10,20,18,50078,0.198,0.166
10,20,18,50117,0.364,0.087
10,20,18,50156,-0.02,0.202
10,20,18,50195,0.24,-0.188
10,20,18,50234,-0.202,-0.035
10,20,18,50273,-0.127,0.384
10,20,18,50312,0.154,0.224
10,20,18,50351,0.09,-0.27
10,20,18,50390,-0.011,-0.213
10,20,18,50429,-0.295,0.141
10,20,18,50468,-0.491,-0.062
10,20,18,50507,-0.592,0.265
10,20,18,50546,-0.715,0.328
10,20,18,50585,-0.348,-0.478
10,20,18,50624,-0.452,0.233
10,20,18,50664,-0.234,0.127
10,20,18,50703,-0.127,-0.333
10,20,18,50742,0.04,0.545
10,20,18,50781,-0.051,-0.577
10,20,18,50820,0.25,0.384
10,20,18,50859,0.216,-0.018
10,20,18,50898,0.304,-0.533
10,20,18,50937,0.418,0.348
10,20,18,50976,0.157,0.13
10,20,18,51015,0.352,-0.037
10,20,18,51054,0.111,0.047
10,20,18,51093,-0.143,-0.412
10,20,18,51132,-0.478,-0.081
10,20,18,51171,-0.488,0.802
10,20,18,51210,-0.404,-0.558
10,20,18,51249,-0.422,-0.383
10,20,18,51289,-0.123,0.608
10,20,18,51328,-0.01,-0.698
10,20,18,51367,-0.401,-0.094
10,20,18,51406,0.023,0.101
10,20,18,51445,0.398,-0.354
10,20,18,51484,0.381,0.558
10,20,18,51523,0.142,-0.616
10,20,18,51562,-0.181,-0.125
10,20,18,51601,0.23,0.351
10,20,18,51640,0.535,-0.578
10,20,18,51679,-0.025,0.334
10,20,18,51718,-0.395,0.065
10,20,18,51757,-0.363,-0.276
10,20,18,51796,-0.283,0.063
10,20,18,51835,-0.016,-0.287
10,20,18,51874,-0.348,-0.085
10,20,18,51914,-0.241,0.702
10,20,18,51953,-0.136,-0.585
10,20,18,51992,0.066,-0.706
10,20,18,52031,0.003,0.338
10,20,18,52070,-0.194,0.386
10,20,18,52109,0.548,-0.418
10,20,18,52148,-0.138,0.07
10,20,18,52187,-0.081,-0.116
10,20,18,52226,0.072,-0.33
10,20,18,52265,0.115,0.542
10,20,18,52304,0.009,-0.233
10,20,18,52343,-0.184,-0.031
10,20,18,52382,-0.008,-0.083
10,20,18,52421,0.138,-0.577
10,20,18,52460,0.429,-0.011
10,20,18,52499,0.057,0.273
10,20,18,52539,-0.313,-0.173
10,20,18,52578,0.228,-0.426
10,20,18,52617,0.338,-0.157
10,20,18,52656,-0.035,-0.034
10,20,18,52695,-0.226,0.172
10,20,18,52734,-0.063,0.162
10,20,18,52773,0.161,-0.537
10,20,18,52812,0.099,-0.212
10,20,18,52851,-0.266,0.506
10,20,18,52890,-0.031,0.063
10,20,18,52929,-0.15,0.201
10,20,18,52968,0.22,0.062
10,20,18,53007,-0.099,-0.452
10,20,18,53046,-0.108,0.197
10,20,18,53085,0.029,-0.194
10,20,18,53124,0.421,-0.189
10,20,18,53164,0.466,-0.728
10,20,18,53203,0.163,-0.045
10,20,18,53242,0.041,-0.078
10,20,18,53281,-0.419,-0.171
10,20,18,53320,-0.383,0.661
10,20,18,53359,0.074,-0.485
10,20,18,53398,0.029,0.407
10,20,18,53437,0.408,0.088
10,20,18,53476,0.302,-0.617
10,20,18,53515,0.209,0.152
10,20,18,53554,-0.509,-0.231
10,20,18,53593,-0.244,0.032
10,20,18,53632,-0.51,0.361
10,20,18,53671,-0.364,0.589
10,20,18,53710,0.154,-0.846
10,20,18,53749,0.221,0.167
10,20,18,53789,0.063,0.106
10,20,18,53828,0.228,-1.171
10,20,18,53867,0.134,0.335
10,20,18,53906,0.084,-0.177
10,20,18,53945,-0.514,0.075
10,20,18,53984,-0.6,0.493
10,20,18,54023,-0.467,-0.627
10,20,18,54062,-0.046,-0.44
10,20,18,54101,-0.375,0.44
10,20,18,54140,0.062,0.216
10,20,18,54179,-0.192,-0.387
10,20,18,54218,0.111,0.575
10,20,18,54257,-0.007,-0.531
10,20,18,54296,-0.332,-0.348
10,20,18,54335,-0.178,0.7
10,20,18,54374,-0.528,0.367
10,20,18,54414,-0.531,-0.049
10,20,18,54453,-0.323,0.373
10,20,18,54492,-0.084,0.016
10,20,18,54531,0.475,-0.373
10,20,18,54570,-0.049,-0.014
10,20,18,54609,-0.087,-0.348
10,20,18,54648,-0.096,-0.401
10,20,18,54687,-0.024,0.328
10,20,18,54726,-0.162,0.327
10,20,18,54765,-0.375,0.558
10,20,18,54804,-0.152,-0.263
10,20,18,54843,0.045,-0.14
10,20,18,54882,-0.047,-0.429
10,20,18,54921,-0.114,0.196
10,20,18,54960,0.015,0.128
10,20,18,54999,-0.501,-0.407
10,20,18,55039,-0.293,0.552
10,20,18,55078,-0.353,-0.075
10,20,18,55117,0.01,0.223
10,20,18,55156,-0.117,0.19
10,20,18,55195,-0.196,0.119
10,20,18,55234,0.018,-0.008
10,20,18,55273,-0.118,-0.417
10,20,18,55312,0.265,0.357
10,20,18,55351,-0.019,0.423
10,20,18,55390,-0.082,-0.27
10,20,18,55429,-0.373,-0.265
10,20,18,55468,-0.213,0.277
10,20,18,55507,-0.099,0.041
10,20,18,55546,-0.343,0.487
10,20,18,55585,-0.421,-0.346
10,20,18,55624,-0.376,0.453
10,20,18,55664,0.561,0.622
10,20,18,55703,0.614,-1.069
10,20,18,55742,0.422,0.091
10,20,18,55781,-0.152,0.386
10,20,18,55820,-0.123,-0.41
10,20,18,55859,-0.175,-0.222
10,20,18,55898,-0.242,0.24
10,20,18,55937,-0.224,0.469
10,20,18,55976,-0.165,0.009
10,20,18,56015,-0.159,-0.412
10,20,18,56054,-0.197,-0.32
10,20,18,56093,-0.146,0.256
10,20,18,56132,-0.239,0.44
10,20,18,56171,-0.44,0.027
10,20,18,56210,-0.343,0.004
10,20,18,56249,-0.342,0.037
10,20,18,56289,0.02,-0.197
10,20,18,56328,0.366,-0.161
10,20,18,56367,0.317,0.482
10,20,18,56406,-0.001,0.077
10,20,18,56445,0.035,-0.65
10,20,18,56484,-0.172,-0.238
10,20,18,56523,-0.036,0.391
10,20,18,56562,-0.055,0.039
10,20,18,56601,-0.06,0.394
10,20,18,56640,-0,-0.517
10,20,18,56679,-0.222,0.13
10,20,18,56718,0,0.389
10,20,18,56757,0.067,-0.378
10,20,18,56796,-0.097,0.546
10,20,18,56835,-0.558,0.116
10,20,18,56874,-0.394,-0.438
10,20,18,56914,0.129,0.326
10,20,18,56953,-0.003,0.387
10,20,18,56992,0.21,-0.917
10,20,18,57031,-0.491,-0.36
10,20,18,57070,-0.073,0.24
10,20,18,57109,0.137,-0.593
10,20,18,57148,0.556,0.391
10,20,18,57187,0.604,-0.723
10,20,18,57226,0.198,-0.133
10,20,18,57265,0.354,0.15
10,20,18,57304,0.218,-0.628
10,20,18,57343,0.096,0.507
10,20,18,57382,-0.383,0.554
10,20,18,57421,-0.644,0.413
10,20,18,57460,-0.265,-0.253
10,20,18,57499,0.142,0.159
10,20,18,57539,0.396,0.006
10,20,18,57578,-0.089,-0.832
10,20,18,57617,0.056,-0.249
10,20,18,57656,-0.166,0.054
10,20,18,57695,0.14,-0.224
10,20,18,57734,0.039,0.019
10,20,18,57773,0.157,0.706
10,20,18,57812,0.182,-0.685
10,20,18,57851,-0.033,-0.609
10,20,18,57890,-0.087,-0.409
10,20,18,57929,-0.299,0.089
10,20,18,57968,-0.643,1.011
10,20,18,58007,-0.54,0.135
10,20,18,58046,0.463,-0.383
10,20,18,58085,0.471,0.289
10,20,18,58124,0.962,-0.637
10,20,18,58164,0.401,-0.417
10,20,18,58203,0.084,0.868
10,20,18,58242,0.034,-0.575
10,20,18,58281,0.063,0.499
10,20,18,58320,0.486,0.359
10,20,18,58359,0.16,-0.717
10,20,18,58398,0.439,-0.266
10,20,18,58437,-0.139,-0.562
10,20,18,58476,-0.022,-0.243
10,20,18,58515,-0.489,0.315
10,20,18,58554,-0.544,0.791
10,20,18,58593,-0.657,-0.244
10,20,18,58632,-0.266,-0.045
10,20,18,58671,0.255,-0.2
10,20,18,58710,0.672,-0.272
10,20,18,58749,0.671,0.095
10,20,18,58789,0.449,0.104
10,20,18,58828,0.697,-0.692
10,20,18,58867,0.704,-0
10,20,18,58906,0.523,0.151
10,20,18,58945,-0.375,-0.404
10,20,18,58984,-0.226,0.724
10,20,18,59023,0.254,-0.315
10,20,18,59062,0.229,0.07
10,20,18,59101,0.312,-0.001
10,20,18,59140,-0.132,-0.97
10,20,18,59179,-0.689,-0.078
10,20,18,59218,-0.116,-0.21
10,20,18,59257,-0.156,0.277
10,20,18,59296,0.124,-0.218
10,20,18,59335,-0.462,0.099
10,20,18,59374,0.257,-0.284
10,20,18,59414,-0.219,-0.63
10,20,18,59453,0.069,1.073
10,20,18,59492,0.195,-0.738
10,20,18,59531,0.056,0.463
10,20,18,59570,0.485,0.791
10,20,18,59609,0.543,-0.793
10,20,18,59648,0.333,-0.073
10,20,18,59687,0.14,0.278
10,20,18,59726,0.171,-0.203
10,20,18,59765,0.137,0.232
10,20,18,59804,-0.082,0.016
10,20,18,59843,-0.543,-0.03
10,20,18,59882,-0.406,0.098
10,20,18,59921,-0.279,-0.413
10,20,18,59960,-0.427,-0.209
10,20,18,59999,-0.593,0.147
10,20,18,60039,-1.245,0.081
10,20,18,60078,-0.745,0.371
10,20,18,60117,-0.122,0.512
10,20,18,60156,0.324,0.232
10,20,18,60195,0.052,0.02
10,20,18,60234,0.242,-0.212
10,20,18,60273,0.169,-0.469
10,20,18,60312,0.323,0.254
10,20,18,60351,0.176,-0.148
10,20,18,60390,0.349,0.238
10,20,18,60429,0.003,0.222
10,20,18,60468,0.025,-0.324
10,20,18,60507,0.263,-0.227
10,20,18,60546,0.149,0.146
10,20,18,60585,0.092,0.243
10,20,18,60624,-0.297,-0.015
10,20,18,60664,-0.473,0.415
10,20,18,60703,-0.05,-0.444
10,20,18,60742,-0.064,-0.349
10,20,18,60781,-0.103,0.139
10,20,18,60820,-0.486,0.214
10,20,18,60859,-0.526,0.365
10,20,18,60898,-0.211,-0.6
10,20,18,60937,-0.121,0.253
10,20,18,60976,0.008,0.476
10,20,18,61015,0.056,-0.248
10,20,18,61054,-0.004,-0.121
10,20,18,61093,0.376,0.078
10,20,18,61132,0.418,-0.149
10,20,18,61171,-0.234,0.496
10,20,18,61210,-0.346,0.17
10,20,18,61249,-0.257,0.043
10,20,18,61289,0.35,-0.212
10,20,18,61328,0.262,-0.253
10,20,18,61367,0.49,0.311
10,20,18,61406,0.37,-0.011
10,20,18,61445,0.529,-0.049
10,20,18,61484,0.217,0.308
10,20,18,61523,0.051,0.73
10,20,18,61562,-0.305,-0.066
10,20,18,61601,-0.322,-0.653
10,20,18,61640,-0.823,-0.445
10,20,18,61679,-1.062,-0.233
10,20,18,61718,-1.571,-0.008
10,20,18,61757,-1.366,0.43
10,20,18,61796,-0.638,0.341
10,20,18,61835,0.401,0.961
10,20,18,61874,0.927,-0.351
10,20,18,61914,0.797,-0.465
10,20,18,61953,1.196,-0.07
10,20,18,61992,1.119,-0.775
10,20,18,62031,0.75,-0.522
10,20,18,62070,-0.307,0.643
10,20,18,62109,-0.422,1.053
10,20,18,62148,-0.252,-0.401
10,20,18,62187,-0.206,0.331
10,20,18,62226,0.246,0.357
10,20,18,62265,-0.061,-0.342
10,20,18,62304,-0.032,-0.066
10,20,18,62343,-0.051,-0.366
10,20,18,62382,0.074,0.307
10,20,18,62421,0.237,0.181
10,20,18,62460,0.272,-0.267
10,20,18,62499,0.463,-0.379
