12,6,37,9.6254e+05,0.27,0.332
12,6,37,9.6258e+05,0.091,-0.087
12,6,37,9.6262e+05,0.362,-0.294
12,6,37,9.6266e+05,-0.07,-0.402
12,6,37,9.627e+05,0.538,-0.085
12,6,37,9.6273e+05,0.409,-0.432
12,6,37,9.6277e+05,0.146,0.5
12,6,37,9.6281e+05,0.218,-0.327
12,6,37,9.6285e+05,0.509,0.102
12,6,37,9.6289e+05,1.024,-0.25
12,6,37,9.6293e+05,1.006,-0.17
12,6,37,9.6297e+05,0.449,0.312
12,6,37,9.6301e+05,0.065,0.234
12,6,37,9.6305e+05,-0.145,-0.638
12,6,37,9.6308e+05,-0.015,0.377
12,6,37,9.6312e+05,-0.12,0.212
12,6,37,9.6316e+05,-0.458,0.918
12,6,37,9.632e+05,0.078,0.044
12,6,37,9.6324e+05,-0.376,-0.275
12,6,37,9.6328e+05,0.01,-0.104
12,6,37,9.6332e+05,-0.463,0.176
12,6,37,9.6336e+05,-0.098,0.177
12,6,37,9.634e+05,-0.564,-0.106
12,6,37,9.6344e+05,-0.131,0.155
12,6,37,9.6348e+05,-0.2,-0.354
12,6,37,9.6352e+05,0.161,0.617
12,6,37,9.6355e+05,0.343,-0.442
12,6,37,9.6359e+05,0.174,0.739
12,6,37,9.6363e+05,0.921,-0.085
12,6,37,9.6367e+05,-0.295,0.294
12,6,37,9.6371e+05,1.135,-0.102
12,6,37,9.6375e+05,-0.49,-0.158
12,6,37,9.6379e+05,0.791,0.499
12,6,37,9.6383e+05,-0.81,-0.616
12,6,37,9.6387e+05,0.185,1.934
12,6,37,9.6391e+05,-0.6,-1.146
12,6,37,9.6394e+05,-0.191,1.523
12,6,37,9.6398e+05,0.026,-1.639
12,6,37,9.6402e+05,-0.518,0.605
12,6,37,9.6406e+05,0.021,-0.328
12,6,37,9.641e+05,-0.816,0.129
12,6,37,9.6414e+05,0.955,0.063
12,6,37,9.6418e+05,-0.761,0.151
12,6,37,9.6422e+05,0.594,0.491
12,6,37,9.6426e+05,-0.892,-0.194
12,6,37,9.643e+05,0.968,0.473
12,6,37,9.6434e+05,-0.31,-0.473
12,6,37,9.6437e+05,0.839,0.397
12,6,37,9.6441e+05,-0.757,-0.153
12,6,37,9.6445e+05,0.233,0.492
12,6,37,9.6449e+05,-0.13,-0.493
12,6,37,9.6453e+05,0.08,0.432
12,6,37,9.6457e+05,-0.547,0.37
12,6,37,9.6461e+05,-0.152,-0.141
12,6,37,9.6465e+05,-0.703,0.363
12,6,37,9.6469e+05,0.119,-0.494
12,6,37,9.6473e+05,-0.366,0.177
12,6,37,9.6476e+05,0.16,0.582
12,6,37,9.648e+05,-0.184,-0.44
12,6,37,9.6484e+05,0.261,0.224
12,6,37,9.6488e+05,-0.121,-0.865
12,6,37,9.6492e+05,0.153,0.458
12,6,37,9.6496e+05,-0.168,0.329
12,6,37,9.65e+05,0.116,0.101
12,6,37,9.6504e+05,-0.522,0.324
12,6,37,9.6508e+05,0.201,-0.054
12,6,37,9.6512e+05,-0.156,-0.191
12,6,37,9.6516e+05,0.172,0.713
12,6,37,9.652e+05,0.098,-0.385
12,6,37,9.6523e+05,-0.097,0.242
12,6,37,9.6527e+05,-0.47,-0.375
12,6,37,9.6531e+05,-0.419,0.535
12,6,37,9.6535e+05,-0.416,0.305
12,6,37,9.6539e+05,0.195,-0.25
12,6,37,9.6543e+05,-0.536,-0.048
12,6,37,9.6547e+05,-0.344,-0.075
12,6,37,9.6551e+05,-0.178,-0.129
12,6,37,9.6555e+05,-0.124,0.601
12,6,37,9.6558e+05,0.275,0.012
12,6,37,9.6562e+05,0.53,0.176
12,6,37,9.6566e+05,-0.069,0.257
12,6,37,9.657e+05,-0.173,-0.832
12,6,37,9.6574e+05,-0.07,-0.335
12,6,37,9.6578e+05,-0.287,0.864
12,6,37,9.6582e+05,-0.539,-0.007
12,6,37,9.6586e+05,-0.445,-0.151
12,6,37,9.659e+05,-0.426,0.214
12,6,37,9.6594e+05,-0.043,-0.016
12,6,37,9.6598e+05,-0.458,0.064
12,6,37,9.6602e+05,-0.245,0.547
12,6,37,9.6605e+05,-0.415,-0.085
12,6,37,9.6609e+05,0.237,0.126
12,6,37,9.6613e+05,0.089,-0.009
12,6,37,9.6617e+05,0.497,-0.245
12,6,37,9.6621e+05,0.492,0.031
12,6,37,9.6625e+05,0.386,-0.103
12,6,37,9.6629e+05,0.375,-0.376
12,6,37,9.6633e+05,0.266,0.062
12,6,37,9.6637e+05,-0.023,0.226
12,6,37,9.6641e+05,-0.254,0.091
12,6,37,9.6644e+05,-0.515,0.02
12,6,37,9.6648e+05,-0.13,-0.389
12,6,37,9.6652e+05,-0.589,0.108
12,6,37,9.6656e+05,-0.578,0.302
12,6,37,9.666e+05,-0.561,-0.594
12,6,37,9.6664e+05,-0.225,0.412
12,6,37,9.6668e+05,-0.086,-0.179
12,6,37,9.6672e+05,-0.274,-0.169
12,6,37,9.6676e+05,-0.176,0.446
12,6,37,9.668e+05,0.346,-0.537
12,6,37,9.6684e+05,0.365,-0.006
12,6,37,9.6687e+05,0.131,-0.126
12,6,37,9.6691e+05,0.31,0.722
12,6,37,9.6695e+05,0.613,0.5
12,6,37,9.6699e+05,0.448,-0.555
12,6,37,9.6703e+05,0.348,-0.186
12,6,37,9.6707e+05,-0.142,-0.155
12,6,37,9.6711e+05,0.05,0.062
12,6,37,9.6715e+05,-0.441,0.124
12,6,37,9.6719e+05,-0.061,-0.049
12,6,37,9.6723e+05,-0.576,0.592
12,6,37,9.6726e+05,0.112,-0.36
12,6,37,9.673e+05,-0.206,-0.155
12,6,37,9.6734e+05,0.742,0.035
12,6,37,9.6738e+05,-0.42,-0.746
12,6,37,9.6742e+05,0.033,0.841
12,6,37,9.6746e+05,-0.249,0.131
12,6,37,9.675e+05,0.594,-0.014
12,6,37,9.6754e+05,-0.254,0.333
12,6,37,9.6758e+05,0.212,0.118
12,6,37,9.6762e+05,-0.2,-0.688
12,6,37,9.6766e+05,0.423,0.273
12,6,37,9.677e+05,-0.005,-0.252
12,6,37,9.6773e+05,0.336,0.343
12,6,37,9.6777e+05,-0.095,-0.158
12,6,37,9.6781e+05,0.147,-0.518
12,6,37,9.6785e+05,-0.139,-0.375
12,6,37,9.6789e+05,-0.259,0.204
12,6,37,9.6793e+05,-0.11,-0.305
12,6,37,9.6797e+05,-0.417,0.331
12,6,37,9.6801e+05,-0.077,0.169
12,6,37,9.6805e+05,0.107,-0.171
12,6,37,9.6808e+05,-0.377,-0.169
12,6,37,9.6812e+05,-0.175,0.07
12,6,37,9.6816e+05,-0.144,0.471
12,6,37,9.682e+05,0.589,-0.136
12,6,37,9.6824e+05,-0.122,0.133
12,6,37,9.6828e+05,0.238,-0.011
12,6,37,9.6832e+05,0.044,-0.346
12,6,37,9.6836e+05,0.521,-0.335
12,6,37,9.684e+05,0.34,-0.428
12,6,37,9.6844e+05,0.252,0.065
12,6,37,9.6848e+05,-0.494,0.217
12,6,37,9.6852e+05,0.586,-0.813
12,6,37,9.6855e+05,-0.314,-0.151
12,6,37,9.6859e+05,0.572,-0.27
12,6,37,9.6863e+05,-0.887,0.292
12,6,37,9.6867e+05,0.529,0.39
12,6,37,9.6871e+05,-0.669,-0.922
12,6,37,9.6875e+05,0.366,0.759
12,6,37,9.6879e+05,-0.116,-0.841
12,6,37,9.6883e+05,0.445,0.339
12,6,37,9.6887e+05,0.091,0.029
12,6,37,9.6891e+05,1.319,-0.307
12,6,37,9.6894e+05,-0.191,-0.555
12,6,37,9.6898e+05,-0.071,0.419
12,6,37,9.6902e+05,-0.684,0.527
12,6,37,9.6906e+05,0.31,0.061
12,6,37,9.691e+05,-0.035,-0.554
12,6,37,9.6914e+05,-0.326,1.325
12,6,37,9.6918e+05,-0.233,-0.551
12,6,37,9.6922e+05,0.085,-0.353
12,6,37,9.6926e+05,-0.302,0.026
12,6,37,9.693e+05,-0.133,0.131
12,6,37,9.6934e+05,-0.242,0.571
12,6,37,9.6937e+05,-0.616,-0.13
12,6,37,9.6941e+05,-0.337,-0.272
12,6,37,9.6945e+05,-0.622,0.539
12,6,37,9.6949e+05,0.407,-0.079
12,6,37,9.6953e+05,-0.277,0.115
12,6,37,9.6957e+05,0.235,0.131
12,6,37,9.6961e+05,-0.088,0.266
12,6,37,9.6965e+05,0.569,-0.56
12,6,37,9.6969e+05,-0.015,-0.805
12,6,37,9.6973e+05,0.127,0.954
12,6,37,9.6976e+05,-0.085,-0.327
12,6,37,9.698e+05,0.492,-0.223
12,6,37,9.6984e+05,0.045,-0.043
12,6,37,9.6988e+05,-0.01,0.402
12,6,37,9.6992e+05,-0.358,-0.109
12,6,37,9.6996e+05,-0.762,-0.03
12,6,37,9.7e+05,-0.453,0.434
12,6,37,9.7004e+05,-0.31,0.306
12,6,37,9.7008e+05,-0.547,0.156
12,6,37,9.7012e+05,-0.175,0.296
12,6,37,9.7016e+05,0.029,-0.081
12,6,37,9.702e+05,0.12,-0.304
12,6,37,9.7023e+05,-0.487,0.462
12,6,37,9.7027e+05,-0.053,0.462
12,6,37,9.7031e+05,-0.064,-0.3
12,6,37,9.7035e+05,-0.206,0.279
12,6,37,9.7039e+05,0.32,0.18
12,6,37,9.7043e+05,0.024,0.211
12,6,37,9.7047e+05,-0.004,-0.444
12,6,37,9.7051e+05,-0.188,-0.287
12,6,37,9.7055e+05,-0.306,0.259
12,6,37,9.7058e+05,-0.076,-0.154
12,6,37,9.7062e+05,-0.287,0.619
12,6,37,9.7066e+05,0.057,-0.021
12,6,37,9.707e+05,0.235,0.114
12,6,37,9.7074e+05,0.149,0.345
12,6,37,9.7078e+05,0.061,-0.388
12,6,37,9.7082e+05,0.024,0.27
12,6,37,9.7086e+05,-0.469,0.239
12,6,37,9.709e+05,-0.166,-0.137
12,6,37,9.7094e+05,-0.392,0.619
12,6,37,9.7098e+05,0.253,0.549
12,6,37,9.7102e+05,0.44,-0.71
12,6,37,9.7105e+05,0.034,0.144
12,6,37,9.7109e+05,0.15,-0.026
12,6,37,9.7113e+05,-0.382,-0.103
12,6,37,9.7117e+05,-0.341,0.684
12,6,37,9.7121e+05,-0.445,-0.319
12,6,37,9.7125e+05,-0.378,0.73
12,6,37,9.7129e+05,-0.179,-0.055
12,6,37,9.7133e+05,-0.179,-0.397
12,6,37,9.7137e+05,0.343,-0.3
12,6,37,9.7141e+05,-0.16,-0.199
12,6,37,9.7144e+05,-0.243,0.352
12,6,37,9.7148e+05,-0.804,-0.129
12,6,37,9.7152e+05,-0.401,0.724
12,6,37,9.7156e+05,-0.268,0.014
12,6,37,9.716e+05,0.425,-0.071
12,6,37,9.7164e+05,0.216,0.297
12,6,37,9.7168e+05,0.306,-0.175
12,6,37,9.7172e+05,-0.121,0.043
12,6,37,9.7176e+05,0.108,-0.276
12,6,37,9.718e+05,-0.494,-0.173
12,6,37,9.7184e+05,-0.082,0.941
12,6,37,9.7187e+05,-0.368,-0.204
12,6,37,9.7191e+05,0.037,0.218
12,6,37,9.7195e+05,0.148,-0.39
12,6,37,9.7199e+05,0.161,-0.328
12,6,37,9.7203e+05,-0.178,-0.279
12,6,37,9.7207e+05,-0.672,0.137
12,6,37,9.7211e+05,-0.34,-0.063
12,6,37,9.7215e+05,-0.493,-0.255
12,6,37,9.7219e+05,-0.217,0.538
12,6,37,9.7223e+05,0.083,-0.129
12,6,37,9.7226e+05,0.04,-0.505
12,6,37,9.723e+05,-0.035,-0.106
12,6,37,9.7234e+05,-0.112,-0.064
12,6,37,9.7238e+05,-0.2,-0.03
12,6,37,9.7242e+05,-0.346,0.207
12,6,37,9.7246e+05,0.424,-0.043
12,6,37,9.725e+05,0.349,-0.118
12,6,37,9.7254e+05,0.476,0.039
12,6,37,9.7258e+05,0.076,-0.461
12,6,37,9.7262e+05,0.221,0.159
12,6,37,9.7266e+05,0.278,0.513
12,6,37,9.727e+05,0.12,-0.161
12,6,37,9.7273e+05,0.038,0.212
12,6,37,9.7277e+05,-0.026,0.011
12,6,37,9.7281e+05,0.072,-0.72
12,6,37,9.7285e+05,0.024,0.138
12,6,37,9.7289e+05,0.017,0.179
12,6,37,9.7293e+05,-0.267,-0.262
12,6,37,9.7297e+05,-0.517,0.191
12,6,37,9.7301e+05,-0.032,-0.492
12,6,37,9.7305e+05,0.031,0.062
12,6,37,9.7308e+05,0.218,0.289
12,6,37,9.7312e+05,0.356,-0.277
12,6,37,9.7316e+05,-0.082,0.444
12,6,37,9.732e+05,-0.004,-0.176
12,6,37,9.7324e+05,-0.213,-0.387
12,6,37,9.7328e+05,0.119,0.635
12,6,37,9.7332e+05,0.299,-0.067
12,6,37,9.7336e+05,0.1,0.234
12,6,37,9.734e+05,0.267,-0.85
12,6,37,9.7344e+05,-0.053,-0.202
12,6,37,9.7348e+05,0.384,0.04
12,6,37,9.7352e+05,-0.344,0.115
12,6,37,9.7355e+05,-0.06,0.392
12,6,37,9.7359e+05,-0.705,-0.572
12,6,37,9.7363e+05,-0.042,-0.328
12,6,37,9.7367e+05,-0.266,-0.233
12,6,37,9.7371e+05,0.332,-0.201
12,6,37,9.7375e+05,-0.182,0.174
12,6,37,9.7379e+05,0.333,-0.337
12,6,37,9.7383e+05,-0.406,-0.285
12,6,37,9.7387e+05,-0.002,0.101
12,6,37,9.7391e+05,-0.262,-0.292
12,6,37,9.7394e+05,0.446,0.177
12,6,37,9.7398e+05,-0.077,0.317
12,6,37,9.7402e+05,0.38,-0.314
12,6,37,9.7406e+05,-0.359,-0.135
12,6,37,9.741e+05,0.064,-0.087
12,6,37,9.7414e+05,-0.555,0.165
12,6,37,9.7418e+05,0.291,-0.153
12,6,37,9.7422e+05,-0.651,0.364
12,6,37,9.7426e+05,0.882,-0.243
12,6,37,9.743e+05,-0.182,-0.925
12,6,37,9.7434e+05,1.029,0.276
12,6,37,9.7437e+05,-0.354,-0.331
12,6,37,9.7441e+05,0.674,0.272
12,6,37,9.7445e+05,-0.789,-0.177
12,6,37,9.7449e+05,0.309,0.243
12,6,37,9.7453e+05,-0.294,-0.961
12,6,37,9.7457e+05,0.316,1.132
12,6,37,9.7461e+05,-0.203,-0.923
12,6,37,9.7465e+05,-0.085,-0.276
12,6,37,9.7469e+05,-0.53,0.264
12,6,37,9.7473e+05,0.24,0.096
12,6,37,9.7476e+05,0.169,-0.01
12,6,37,9.748e+05,0.468,0.668
12,6,37,9.7484e+05,-0.321,-0.731
12,6,37,9.7488e+05,-0.076,-0.398
12,6,37,9.7492e+05,-0.185,-0.131
12,6,37,9.7496e+05,0.127,0.964
12,6,37,9.75e+05,-0.418,-0.484
12,6,37,9.7504e+05,-0.698,0.662
12,6,37,9.7508e+05,-0.423,-0.737
12,6,37,9.7512e+05,-0.627,0.215
12,6,37,9.7516e+05,0.456,0.067
12,6,37,9.752e+05,0.011,0.025
12,6,37,9.7523e+05,0.35,0.061
12,6,37,9.7527e+05,-0.044,0.549
12,6,37,9.7531e+05,0.487,-0.993
12,6,37,9.7535e+05,-0.444,0.21
12,6,37,9.7539e+05,0.206,0.855
12,6,37,9.7543e+05,-0.77,-0.104
12,6,37,9.7547e+05,0.584,-0.292
12,6,37,9.7551e+05,-0.442,0.217
12,6,37,9.7555e+05,0.559,-0.393
12,6,37,9.7558e+05,-0.54,0.053
12,6,37,9.7562e+05,0.211,0.63
12,6,37,9.7566e+05,-0.43,-1.13
12,6,37,9.757e+05,0.05,0.511
12,6,37,9.7574e+05,-0.526,0.217
12,6,37,9.7578e+05,-0.106,-0.22
12,6,37,9.7582e+05,-0.268,-0.007
12,6,37,9.7586e+05,-0.026,0.334
12,6,37,9.759e+05,-0.161,-0.427
12,6,37,9.7594e+05,-0.063,-0.039
12,6,37,9.7598e+05,-0.177,0.578
12,6,37,9.7602e+05,0.429,-0.426
12,6,37,9.7605e+05,-0.098,0.388
12,6,37,9.7609e+05,0.161,0.365
12,6,37,9.7613e+05,-0.41,-0.284
12,6,37,9.7617e+05,0.014,0.634
12,6,37,9.7621e+05,-0.213,-0.319
12,6,37,9.7625e+05,-0.237,0.038
12,6,37,9.7629e+05,-0.618,-0.099
12,6,37,9.7633e+05,-0.42,0.281
12,6,37,9.7637e+05,-0.327,-0.159
12,6,37,9.7641e+05,0.075,-0.244
12,6,37,9.7644e+05,0.186,0.264
12,6,37,9.7648e+05,0.407,0.212
12,6,37,9.7652e+05,0.581,-0.336
12,6,37,9.7656e+05,0.183,-0.261
12,6,37,9.766e+05,0.375,-0.443
12,6,37,9.7664e+05,-0.024,0.307
12,6,37,9.7668e+05,0.151,0.605
12,6,37,9.7672e+05,-0.08,-0.271
12,6,37,9.7676e+05,-0.044,0.241
12,6,37,9.768e+05,-0.092,-0.095
12,6,37,9.7684e+05,-0.359,-0.031
12,6,37,9.7687e+05,-0.137,-0.384
12,6,37,9.7691e+05,-0.356,0
12,6,37,9.7695e+05,0.064,0.243
12,6,37,9.7699e+05,-0.195,-0.223
12,6,37,9.7703e+05,0.013,0.442
12,6,37,9.7707e+05,0.332,-0.364
12,6,37,9.7711e+05,-0.029,-0
12,6,37,9.7715e+05,0.014,0.096
12,6,37,9.7719e+05,-0.005,-0.499
12,6,37,9.7723e+05,0.167,0.014
12,6,37,9.7726e+05,-0.066,0.098
12,6,37,9.773e+05,0.223,0.29
12,6,37,9.7734e+05,0.233,-0.086
12,6,37,9.7738e+05,-0.056,-0.482
12,6,37,9.7742e+05,-0.393,0.045
12,6,37,9.7746e+05,-0.458,0.414
12,6,37,9.775e+05,-0.239,-0.015
12,6,37,9.7754e+05,-0.373,-0.05
12,6,37,9.7758e+05,-0.297,-0.269
12,6,37,9.7762e+05,0.101,-0.187
12,6,37,9.7766e+05,0.389,0.172
12,6,37,9.777e+05,0.649,-0.4
12,6,37,9.7773e+05,0.489,-0.21
12,6,37,9.7777e+05,-0.005,0.202
12,6,37,9.7781e+05,0.545,-0.493
12,6,37,9.7785e+05,0.086,-0.174
12,6,37,9.7789e+05,0.434,0.562
12,6,37,9.7793e+05,-0.358,-0.019
12,6,37,9.7797e+05,-0.313,0.14
12,6,37,9.7801e+05,-0.646,-0.165
12,6,37,9.7805e+05,0.064,0.142
12,6,37,9.7808e+05,0.158,-0.053
12,6,37,9.7812e+05,-0.116,0.369
12,6,37,9.7816e+05,-0.172,-0.428
12,6,37,9.782e+05,0.21,-0.63
12,6,37,9.7824e+05,0.009,0.082
12,6,37,9.7828e+05,0.194,0.024
12,6,37,9.7832e+05,-0.053,0.344
12,6,37,9.7836e+05,-0.209,-0.099
12,6,37,9.784e+05,-0.093,-0.187
12,6,37,9.7844e+05,0.363,0.005
12,6,37,9.7848e+05,0.439,-0.145
12,6,37,9.7852e+05,0.489,0.35
12,6,37,9.7855e+05,0.391,0.093
12,6,37,9.7859e+05,0.583,-0.409
12,6,37,9.7863e+05,0.222,-0.408
12,6,37,9.7867e+05,0.147,0.047
12,6,37,9.7871e+05,-0.244,0.064
12,6,37,9.7875e+05,-0.014,0.001
12,6,37,9.7879e+05,0.25,-0.136
12,6,37,9.7883e+05,0.525,-0.08
12,6,37,9.7887e+05,0.157,-0.574
12,6,37,9.7891e+05,-0.155,-0.102
12,6,37,9.7894e+05,-0.007,-0.46
12,6,37,9.7898e+05,0.066,-0.253
12,6,37,9.7902e+05,-0.578,0.989
12,6,37,9.7906e+05,-0.666,-0.025
12,6,37,9.791e+05,-0.608,-0.004
12,6,37,9.7914e+05,0.103,0.603
12,6,37,9.7918e+05,0.763,-0.461
12,6,37,9.7922e+05,0.656,0.114
12,6,37,9.7926e+05,-0.04,0.322
12,6,37,9.793e+05,0.211,-0.502
12,6,37,9.7934e+05,0.3,-0.282
12,6,37,9.7937e+05,0.421,0.359
12,6,37,9.7941e+05,0.115,0.222
12,6,37,9.7945e+05,0.257,-0.048
12,6,37,9.7949e+05,0.232,-0.202
12,6,37,9.7953e+05,0.328,-0.597
12,6,37,9.7957e+05,0.305,-0.807
12,6,37,9.7961e+05,-0.254,-0.012
12,6,37,9.7965e+05,-0.318,0.023
12,6,37,9.7969e+05,0.106,-0.267
12,6,37,9.7973e+05,0.263,0.508
12,6,37,9.7976e+05,0.324,-0.635
12,6,37,9.798e+05,-0.11,0.216
12,6,37,9.7984e+05,-0.066,0.724
12,6,37,9.7988e+05,0.202,-0.769
12,6,37,9.7992e+05,0.453,0.06
12,6,37,9.7996e+05,-0.261,0.351
12,6,37,9.8e+05,-0.753,-0.489
12,6,37,9.8004e+05,-0.242,0.116
12,6,37,9.8008e+05,0.282,-0.039
12,6,37,9.8012e+05,0.371,0.121
12,6,37,9.8016e+05,0.101,0.671
12,6,37,9.802e+05,0.198,-0.422
12,6,37,9.8023e+05,0.317,-0.837
12,6,37,9.8027e+05,0.575,0.097
12,6,37,9.8031e+05,0.685,-0.181
12,6,37,9.8035e+05,0.083,0.583
12,6,37,9.8039e+05,0.381,-0.582
12,6,37,9.8043e+05,-0.282,0.146
12,6,37,9.8047e+05,0.932,0.106
12,6,37,9.8051e+05,0.124,-0.442
12,6,37,9.8055e+05,0.247,0.888
12,6,37,9.8058e+05,-0.702,-0.325
12,6,37,9.8062e+05,-0.084,0.059
12,6,37,9.8066e+05,-0.212,-0.375
12,6,37,9.807e+05,0.058,0.396
12,6,37,9.8074e+05,-0.096,0.563
12,6,37,9.8078e+05,0.15,0.142
12,6,37,9.8082e+05,0.033,-0.513
12,6,37,9.8086e+05,0.072,-0.009
12,6,37,9.809e+05,0.133,0.212
12,6,37,9.8094e+05,0.01,0.097
12,6,37,9.8098e+05,0.057,0.193
12,6,37,9.8102e+05,0.206,0.259
12,6,37,9.8105e+05,-0.071,-0.535
12,6,37,9.8109e+05,-0.012,0.117
12,6,37,9.8113e+05,0.06,-0.069
12,6,37,9.8117e+05,-0.14,0.562
12,6,37,9.8121e+05,-0.136,0.124
12,6,37,9.8125e+05,-0.527,-0.282
12,6,37,9.8129e+05,-0.197,0.165
12,6,37,9.8133e+05,0.035,0.093
12,6,37,9.8137e+05,0.385,0.186
12,6,37,9.8141e+05,0.359,-0.296
12,6,37,9.8144e+05,0.242,-0.134
12,6,37,9.8148e+05,-0.027,-0.315
12,6,37,9.8152e+05,0,0.14
12,6,37,9.8156e+05,0.204,0.424
12,6,37,9.816e+05,0.072,0.279
12,6,37,9.8164e+05,0.4,-0.309
12,6,37,9.8168e+05,0.193,0.266
12,6,37,9.8172e+05,0.197,-0.101
12,6,37,9.8176e+05,-0.113,-0.512
12,6,37,9.818e+05,-0.348,0.324
12,6,37,9.8184e+05,-0.486,0.391
12,6,37,9.8187e+05,-0.264,0.426
12,6,37,9.8191e+05,0.013,0.096
12,6,37,9.8195e+05,0.351,-0.338
12,6,37,9.8199e+05,0.105,0.383
12,6,37,9.8203e+05,0.136,-0.429
12,6,37,9.8207e+05,-0.211,-0.41
12,6,37,9.8211e+05,-0.274,0.263
12,6,37,9.8215e+05,-0.182,0.755
12,6,37,9.8219e+05,0.058,0.168
12,6,37,9.8223e+05,0.189,-0.416
12,6,37,9.8226e+05,-0.135,0.235
12,6,37,9.823e+05,-0.157,-0.013
12,6,37,9.8234e+05,0.149,-0.491
12,6,37,9.8238e+05,-0.102,0.397
12,6,37,9.8242e+05,0.421,0.754
12,6,37,9.8246e+05,0.318,-0.072
12,6,37,9.825e+05,0.225,-0.266
12,6,37,9.8254e+05,0.195,-0.213
12,6,37,9.8258e+05,0.359,0.221
12,6,37,9.8262e+05,0.23,-0.017
12,6,37,9.8266e+05,0.05,0.114
12,6,37,9.827e+05,-0.215,0.271
12,6,37,9.8273e+05,-0.113,-0.498
12,6,37,9.8277e+05,-0.07,-0.239
12,6,37,9.8281e+05,0.271,0.092
12,6,37,9.8285e+05,-0.114,-0.073
12,6,37,9.8289e+05,0.435,0.361
12,6,37,9.8293e+05,0.216,-0.298
12,6,37,9.8297e+05,0.301,-0.033
12,6,37,9.8301e+05,-0.342,0.355
12,6,37,9.8305e+05,-0.019,-0.234
12,6,37,9.8308e+05,-0.018,-0.066
12,6,37,9.8312e+05,0.227,0.831
12,6,37,9.8316e+05,0.084,-0.456
12,6,37,9.832e+05,0.076,-0.404
12,6,37,9.8324e+05,-0.482,0.56
12,6,37,9.8328e+05,0.187,-0.345
12,6,37,9.8332e+05,0.227,0.053
12,6,37,9.8336e+05,0.144,0.629
12,6,37,9.834e+05,0.196,-0.923
12,6,37,9.8344e+05,-0.49,1.007
12,6,37,9.8348e+05,0.769,-1.538
12,6,37,9.8352e+05,-0.857,0.125
12,6,37,9.8355e+05,0.751,1.128
12,6,37,9.8359e+05,-0.686,-0.74
12,6,37,9.8363e+05,0.354,0.319
12,6,37,9.8367e+05,-0.033,-1.121
12,6,37,9.8371e+05,-0.133,1.356
12,6,37,9.8375e+05,0.46,-1.605
12,6,37,9.8379e+05,-0.864,1.379
12,6,37,9.8383e+05,0.892,0.064
12,6,37,9.8387e+05,-0.678,-0.224
12,6,37,9.8391e+05,1.2,0.48
12,6,37,9.8394e+05,-0.585,-1.199
12,6,37,9.8398e+05,0.338,0.98
12,6,37,9.8402e+05,-0.252,-1.202
12,6,37,9.8406e+05,0.801,0.51
12,6,37,9.841e+05,-0.193,-0.499
12,6,37,9.8414e+05,0.139,0.695
12,6,37,9.8418e+05,0.274,-1.006
12,6,37,9.8422e+05,-0.709,0.131
12,6,37,9.8426e+05,0.574,-0.154
12,6,37,9.843e+05,-0.603,0.734
12,6,37,9.8434e+05,0.646,-0.237
12,6,37,9.8437e+05,-0.583,-0.334
12,6,37,9.8441e+05,0.418,0.86
12,6,37,9.8445e+05,-0.142,-1.387
12,6,37,9.8449e+05,0.317,0.82
12,6,37,9.8453e+05,0.135,-0.02
12,6,37,9.8457e+05,-0.261,-0.306
12,6,37,9.8461e+05,0.302,0.287
12,6,37,9.8465e+05,0.333,-0.381
12,6,37,9.8469e+05,0.478,0.118
12,6,37,9.8473e+05,0.068,-0.176
12,6,37,9.8476e+05,0.267,-0.226
12,6,37,9.848e+05,-0.04,-0.483
12,6,37,9.8484e+05,-0.046,0.897
12,6,37,9.8488e+05,0.407,-0.26
12,6,37,9.8492e+05,-0.244,0.208
12,6,37,9.8496e+05,-0.023,0.516
12,6,37,9.85e+05,0.08,-1.147
12,6,37,9.8504e+05,0.364,0.033
12,6,37,9.8508e+05,-0.02,0.058
12,6,37,9.8512e+05,0.298,0.286
12,6,37,9.8516e+05,-0.154,0.21
12,6,37,9.852e+05,0.457,-0.112
12,6,37,9.8523e+05,0.134,-0.378
12,6,37,9.8527e+05,0.212,0.338
12,6,37,9.8531e+05,-0.288,0.082
12,6,37,9.8535e+05,-0.001,0.049
12,6,37,9.8539e+05,-0.369,-0.359
12,6,37,9.8543e+05,0.184,-0.039
12,6,37,9.8547e+05,-0.363,0.043
12,6,37,9.8551e+05,-0.06,0.531
12,6,37,9.8555e+05,-0.597,-0.304
12,6,37,9.8558e+05,0.512,-0.392
12,6,37,9.8562e+05,-0.631,0.076
12,6,37,9.8566e+05,0.253,0.841
12,6,37,9.857e+05,0.143,-1.151
12,6,37,9.8574e+05,-0.017,1.269
12,6,37,9.8578e+05,0.623,-1.693
12,6,37,9.8582e+05,-0.643,0.935
12,6,37,9.8586e+05,0.423,-0.575
12,6,37,9.859e+05,-0.654,0.025
12,6,37,9.8594e+05,0.873,0.41
12,6,37,9.8598e+05,-0.805,0.141
12,6,37,9.8602e+05,0.704,0.06
12,6,37,9.8605e+05,-1.152,-0.412
12,6,37,9.8609e+05,1.192,0.271
12,6,37,9.8613e+05,-1.219,0.005
12,6,37,9.8617e+05,0.991,0.23
12,6,37,9.8621e+05,-0.998,-0.22
12,6,37,9.8625e+05,1.067,0.62
12,6,37,9.8629e+05,-0.157,-1.724
12,6,37,9.8633e+05,0.447,1.397
12,6,37,9.8637e+05,0.012,-0.732
12,6,37,9.8641e+05,0.511,0.485
12,6,37,9.8644e+05,-0.024,-0.108
12,6,37,9.8648e+05,0.14,-0.365
12,6,37,9.8652e+05,-0.099,0.26
12,6,37,9.8656e+05,0.302,-0.351
12,6,37,9.866e+05,0.168,0.154
12,6,37,9.8664e+05,0.768,0.325
12,6,37,9.8668e+05,-0.167,-0.736
12,6,37,9.8672e+05,-0.318,0.614
12,6,37,9.8676e+05,-0.635,-0.496
12,6,37,9.868e+05,0.456,0.223
12,6,37,9.8684e+05,-0.032,0.463
12,6,37,9.8687e+05,0.149,0.665
12,6,37,9.8691e+05,-0.466,-0.776
12,6,37,9.8695e+05,-0.084,0.06
12,6,37,9.8699e+05,-0.184,-0.381
12,6,37,9.8703e+05,-0.445,0.496
12,6,37,9.8707e+05,-0.369,0.677
12,6,37,9.8711e+05,-0.532,0.135
12,6,37,9.8715e+05,-0.059,-0.542
12,6,37,9.8719e+05,0.421,0.242
12,6,37,9.8723e+05,0.265,0.3
12,6,37,9.8726e+05,0.119,-0.269
12,6,37,9.873e+05,-0.165,0.221
12,6,37,9.8734e+05,0.096,-0.476
12,6,37,9.8738e+05,0.429,-0.631
12,6,37,9.8742e+05,0.237,0.851
12,6,37,9.8746e+05,0.43,0.131
12,6,37,9.875e+05,0.243,0.052
12,6,37,9.8754e+05,0.258,-0.635
12,6,37,9.8758e+05,-0.149,-0.226
12,6,37,9.8762e+05,0.13,0.869
12,6,37,9.8766e+05,-0.868,0.274
12,6,37,9.877e+05,0.049,0.02
12,6,37,9.8773e+05,-0.405,0.191
12,6,37,9.8777e+05,0.751,-0.532
12,6,37,9.8781e+05,-0.4,-0.039
12,6,37,9.8785e+05,0.354,0.074
12,6,37,9.8789e+05,-1.159,-0.344
12,6,37,9.8793e+05,0.613,0.648
12,6,37,9.8797e+05,-0.713,-0.21
12,6,37,9.8801e+05,0.827,0.264
12,6,37,9.8805e+05,-0.632,-0.041
12,6,37,9.8808e+05,0.959,0.321
12,6,37,9.8812e+05,-0.271,-1.002
12,6,37,9.8816e+05,0.498,0.73
12,6,37,9.882e+05,-0.862,-0.358
12,6,37,9.8824e+05,-0.18,1.18
12,6,37,9.8828e+05,-0.835,-0.46
12,6,37,9.8832e+05,0.505,0.475
12,6,37,9.8836e+05,-0.365,-0.382
12,6,37,9.884e+05,0.472,0.402
12,6,37,9.8844e+05,-0.262,-0.548
12,6,37,9.8848e+05,0.19,0.597
12,6,37,9.8852e+05,-0.292,-0.348
12,6,37,9.8855e+05,-0.05,0.68
12,6,37,9.8859e+05,-0.614,-0.183
12,6,37,9.8863e+05,0.516,-0.106
12,6,37,9.8867e+05,0.154,-0.196
12,6,37,9.8871e+05,0.343,0.9
12,6,37,9.8875e+05,0.07,-1.135
12,6,37,9.8879e+05,-0.307,1.021
12,6,37,9.8883e+05,0.012,-0.726
12,6,37,9.8887e+05,-0.961,0.867
12,6,37,9.8891e+05,0.6,-0.684
12,6,37,9.8894e+05,-1.372,0.564
12,6,37,9.8898e+05,0.595,-0.041
12,6,37,9.8902e+05,-0.984,-0.202
12,6,37,9.8906e+05,0.751,0.92
12,6,37,9.891e+05,-0.347,-0.972
12,6,37,9.8914e+05,-0.034,0.746
12,6,37,9.8918e+05,-0.416,-0.615
12,6,37,9.8922e+05,-0.158,-0.285
12,6,37,9.8926e+05,0.323,0.268
12,6,37,9.893e+05,-0.024,0.06
12,6,37,9.8934e+05,0.068,0.421
12,6,37,9.8937e+05,-0.076,-0.953
12,6,37,9.8941e+05,-0.326,0.408
12,6,37,9.8945e+05,0.144,-0.092
12,6,37,9.8949e+05,-0.288,0.539
12,6,37,9.8953e+05,0.258,-0.254
12,6,37,9.8957e+05,-0.593,0.374
12,6,37,9.8961e+05,0.573,-0.506
12,6,37,9.8965e+05,-0.27,-0.15
12,6,37,9.8969e+05,0.496,0.499
12,6,37,9.8973e+05,-0.584,-0.692
12,6,37,9.8976e+05,0.572,0.606
12,6,37,9.898e+05,-0.261,-0.219
12,6,37,9.8984e+05,0.632,-0.244
12,6,37,9.8988e+05,-0.236,-0.081
12,6,37,9.8992e+05,0.085,0.235
12,6,37,9.8996e+05,-0.467,-0.225
12,6,37,9.9e+05,0.316,0.605
12,6,37,9.9004e+05,-0.098,-0.286
12,6,37,9.9008e+05,0.156,-0.388
12,6,37,9.9012e+05,-0.775,0.506
12,6,37,9.9016e+05,0.542,-0.334
12,6,37,9.902e+05,-0.034,-0.34
12,6,37,9.9023e+05,0.626,0.777
12,6,37,9.9027e+05,-0.013,-0.967
12,6,37,9.9031e+05,0.169,0.349
12,6,37,9.9035e+05,-0.1,-0.705
12,6,37,9.9039e+05,-0.054,-0.397
12,6,37,9.9043e+05,-0.485,0.515
12,6,37,9.9047e+05,-0.183,-0.207
12,6,37,9.9051e+05,-0.617,-0.05
12,6,37,9.9055e+05,0.093,0.869
12,6,37,9.9058e+05,0.525,-1.143
12,6,37,9.9062e+05,-0.4,0.806
12,6,37,9.9066e+05,0.42,-0.263
12,6,37,9.907e+05,0.154,-0.442
12,6,37,9.9074e+05,0.315,0.425
12,6,37,9.9078e+05,0.746,-1.035
12,6,37,9.9082e+05,-0.302,0.829
12,6,37,9.9086e+05,0.509,-0.058
12,6,37,9.909e+05,0.185,-0.57
12,6,37,9.9094e+05,-0.211,0.866
12,6,37,9.9098e+05,0.141,-1.033
12,6,37,9.9102e+05,-0.664,1.11
12,6,37,9.9105e+05,0.396,-0.775
12,6,37,9.9109e+05,0.111,-0.068
12,6,37,9.9113e+05,0.316,0.558
12,6,37,9.9117e+05,-0.325,-1.171
12,6,37,9.9121e+05,0.727,-0.049
12,6,37,9.9125e+05,-0.354,0.54
12,6,37,9.9129e+05,0.254,-0.238
12,6,37,9.9133e+05,0.103,-0.765
12,6,37,9.9137e+05,-0.603,1.313
12,6,37,9.9141e+05,0.158,-0.831
12,6,37,9.9144e+05,0.214,-0.339
12,6,37,9.9148e+05,-0.193,1.372
12,6,37,9.9152e+05,0.545,-1.806
12,6,37,9.9156e+05,-0.956,1.466
12,6,37,9.916e+05,-0.064,-0.647
12,6,37,9.9164e+05,-0.812,-0.245
12,6,37,9.9168e+05,0.444,1.139
12,6,37,9.9172e+05,-0.124,-1
12,6,37,9.9176e+05,0.484,0.361
12,6,37,9.918e+05,-0.463,-0.037
12,6,37,9.9184e+05,0.609,-0.713
12,6,37,9.9187e+05,-0.496,0.175
12,6,37,9.9191e+05,0.84,-0.243
12,6,37,9.9195e+05,-0.508,0.291
12,6,37,9.9199e+05,1.027,-0.542
12,6,37,9.9203e+05,-0.286,-0.245
12,6,37,9.9207e+05,0.913,0.074
12,6,37,9.9211e+05,-0.139,-0.134
12,6,37,9.9215e+05,1.008,-0.048
12,6,37,9.9219e+05,-0.64,-0.421
12,6,37,9.9223e+05,0.663,0.122
12,6,37,9.9226e+05,-0.823,-0.387
12,6,37,9.923e+05,1.012,-0.128
12,6,37,9.9234e+05,-0.529,0.555
12,6,37,9.9238e+05,1.12,-0.483
12,6,37,9.9242e+05,-0.745,-0.497
12,6,37,9.9246e+05,0.391,0.829
12,6,37,9.925e+05,-1.01,-0.75
12,6,37,9.9254e+05,0.327,0.913
12,6,37,9.9258e+05,-0.997,0.043
12,6,37,9.9262e+05,0.568,0.115
12,6,37,9.9266e+05,-0.829,0.076
12,6,37,9.927e+05,1.425,-0.397
12,6,37,9.9273e+05,-0.62,0.022
12,6,37,9.9277e+05,1.077,0.34
12,6,37,9.9281e+05,-0.421,-1.519
12,6,37,9.9285e+05,0.25,1.25
12,6,37,9.9289e+05,-0.318,-1.202
12,6,37,9.9293e+05,0.324,1.659
12,6,37,9.9297e+05,-0.07,-0.559
12,6,37,9.9301e+05,0.835,-0.517
12,6,37,9.9305e+05,-0.342,0.63
12,6,37,9.9308e+05,-0.408,-0.202
12,6,37,9.9312e+05,0.091,-0.403
12,6,37,9.9316e+05,-0.347,1.229
12,6,37,9.932e+05,0.296,-0.852
12,6,37,9.9324e+05,0.075,0.08
12,6,37,9.9328e+05,-0.153,0.888
12,6,37,9.9332e+05,0.367,-1.205
12,6,37,9.9336e+05,-0.158,0.755
12,6,37,9.934e+05,0.241,0.424
12,6,37,9.9344e+05,-0.467,-1.065
12,6,37,9.9348e+05,-0.338,1.246
12,6,37,9.9352e+05,0.249,-1.471
12,6,37,9.9355e+05,-0.134,0.774
12,6,37,9.9359e+05,0.328,0.035
12,6,37,9.9363e+05,0.02,0.013
12,6,37,9.9367e+05,0.088,-0.116
12,6,37,9.9371e+05,-0.827,-0.125
12,6,37,9.9375e+05,0.216,0.433
12,6,37,9.9379e+05,-0.549,-0.408
12,6,37,9.9383e+05,0.758,0.819
12,6,37,9.9387e+05,-0.321,-0.314
12,6,37,9.9391e+05,0.497,-0.486
12,6,37,9.9394e+05,0.192,-0.068
12,6,37,9.9398e+05,0.444,0.899
12,6,37,9.9402e+05,0.521,-0.817
12,6,37,9.9406e+05,-0.242,0.816
12,6,37,9.941e+05,0.134,-0.145
12,6,37,9.9414e+05,0.141,-1.061
12,6,37,9.9418e+05,0.255,1.086
12,6,37,9.9422e+05,0.271,-0.291
12,6,37,9.9426e+05,0.035,0.461
12,6,37,9.943e+05,-0.26,-0.078
12,6,37,9.9434e+05,-0.412,-0.238
12,6,37,9.9437e+05,0.065,0.592
12,6,37,9.9441e+05,-0.462,-0.078
12,6,37,9.9445e+05,-0.329,0.103
12,6,37,9.9449e+05,-0.271,-0.061
12,6,37,9.9453e+05,0.243,0.059
12,6,37,9.9457e+05,-0.21,-0.381
12,6,37,9.9461e+05,-0.046,0.16
12,6,37,9.9465e+05,-0.108,0.03
12,6,37,9.9469e+05,0.031,-0.161
12,6,37,9.9473e+05,0.205,-0.117
12,6,37,9.9476e+05,0.239,-0.047
12,6,37,9.948e+05,0.449,0.398
12,6,37,9.9484e+05,0.419,0.115
12,6,37,9.9488e+05,0.423,0.328
12,6,37,9.9492e+05,0.219,-0.271
12,6,37,9.9496e+05,0.071,0.281
12,6,37,9.95e+05,-0.046,0.2
12,6,37,9.9504e+05,0.016,-0.131
12,6,37,9.9508e+05,-0.262,0.008
12,6,37,9.9512e+05,-0.311,-0.174
12,6,37,9.9516e+05,-0.279,-0.529
12,6,37,9.952e+05,-0.491,0.731
12,6,37,9.9523e+05,0.187,-0.947
12,6,37,9.9527e+05,-0.283,0.624
12,6,37,9.9531e+05,-0.008,-0.33
12,6,37,9.9535e+05,-0.022,-0.698
12,6,37,9.9539e+05,0.219,0.641
12,6,37,9.9543e+05,-0.298,-0.201
12,6,37,9.9547e+05,0.685,-0.358
12,6,37,9.9551e+05,-0.067,1.21
12,6,37,9.9555e+05,0.801,-0.729
12,6,37,9.9558e+05,-0.841,0.312
12,6,37,9.9562e+05,0.98,-0.603
12,6,37,9.9566e+05,-1.2,-0.293
12,6,37,9.957e+05,0.777,1.342
12,6,37,9.9574e+05,-0.812,-0.643
12,6,37,9.9578e+05,0.088,0.766
12,6,37,9.9582e+05,-0.846,-1.001
12,6,37,9.9586e+05,0.35,0.504
12,6,37,9.959e+05,-0.472,-0.822
12,6,37,9.9594e+05,0.221,0.858
12,6,37,9.9598e+05,-0.142,-0.821
12,6,37,9.9602e+05,-0.157,0.134
12,6,37,9.9605e+05,0.433,-0.542
12,6,37,9.9609e+05,-0.385,1.113
12,6,37,9.9613e+05,0.118,-0.286
12,6,37,9.9617e+05,-0.691,0.81
12,6,37,9.9621e+05,0.39,-0.339
12,6,37,9.9625e+05,-0.526,-0.359
12,6,37,9.9629e+05,0.688,0.5
12,6,37,9.9633e+05,-0.07,-0.047
12,6,37,9.9637e+05,1.062,0.226
12,6,37,9.9641e+05,0.014,-0.59
12,6,37,9.9644e+05,0.562,-0.056
12,6,37,9.9648e+05,-0.059,-0.106
12,6,37,9.9652e+05,0.443,0.487
12,6,37,9.9656e+05,0.365,-0.102
12,6,37,9.966e+05,0.404,0.129
12,6,37,9.9664e+05,0.126,-0.073
12,6,37,9.9668e+05,0.325,-0.191
12,6,37,9.9672e+05,0.555,0.005
12,6,37,9.9676e+05,0.122,0.578
12,6,37,9.968e+05,-0.351,0.238
12,6,37,9.9684e+05,-0.088,-0.646
12,6,37,9.9687e+05,0.061,0.061
12,6,37,9.9691e+05,-0.07,0.2
12,6,37,9.9695e+05,0.089,0.019
12,6,37,9.9699e+05,0.122,0.271
12,6,37,9.9703e+05,-0.432,-0.305
12,6,37,9.9707e+05,0.294,0.028
12,6,37,9.9711e+05,-0.129,0.541
12,6,37,9.9715e+05,0.176,0.537
12,6,37,9.9719e+05,-0.043,-0.113
12,6,37,9.9723e+05,0.204,-0.449
12,6,37,9.9726e+05,0.144,-0.452
12,6,37,9.973e+05,0.344,0.878
12,6,37,9.9734e+05,0.141,-0.419
12,6,37,9.9738e+05,0.332,0.396
12,6,37,9.9742e+05,-0.093,0.387
12,6,37,9.9746e+05,0.624,-0.878
12,6,37,9.975e+05,0.105,0.53
12,6,37,9.9754e+05,0.255,0.212
12,6,37,9.9758e+05,0.061,-0.426
12,6,37,9.9762e+05,0.085,0.082
12,6,37,9.9766e+05,-0.474,-0.304
12,6,37,9.977e+05,0.035,0.594
12,6,37,9.9773e+05,-0.069,-0.01
12,6,37,9.9777e+05,0.074,0.181
12,6,37,9.9781e+05,0.072,0.125
12,6,37,9.9785e+05,0.118,-0.239
12,6,37,9.9789e+05,-0.063,0.577
12,6,37,9.9793e+05,0.033,-0.135
12,6,37,9.9797e+05,0.062,0.415
12,6,37,9.9801e+05,0.179,-0.093
12,6,37,9.9805e+05,0.13,-0.136
12,6,37,9.9808e+05,0.572,0.011
12,6,37,9.9812e+05,0.267,-0.04
12,6,37,9.9816e+05,0.117,-0.255
12,6,37,9.982e+05,-0.057,0.147
12,6,37,9.9824e+05,0.721,-0.046
12,6,37,9.9828e+05,-0.06,0.317
12,6,37,9.9832e+05,0.586,-0.166
12,6,37,9.9836e+05,-0.434,-0.541
12,6,37,9.984e+05,0.074,-0.058
12,6,37,9.9844e+05,-0.683,0.02
12,6,37,9.9848e+05,0.042,0.747
12,6,37,9.9852e+05,-0.621,0.378
12,6,37,9.9855e+05,0.139,0.411
12,6,37,9.9859e+05,-0.351,-0.652
12,6,37,9.9863e+05,-0.139,0.396
12,6,37,9.9867e+05,-0.273,-0.324
12,6,37,9.9871e+05,-0.031,0.367
12,6,37,9.9875e+05,-0.168,0.077
12,6,37,9.9879e+05,-0.086,0.022
12,6,37,9.9883e+05,0.197,-0.189
12,6,37,9.9887e+05,-0.009,-0.137
12,6,37,9.9891e+05,-0.133,0.333
12,6,37,9.9894e+05,-0.135,0.281
12,6,37,9.9898e+05,-0.033,-0.2
12,6,37,9.9902e+05,-0.312,0.433
12,6,37,9.9906e+05,-0.031,-0.12
12,6,37,9.991e+05,0.007,-0.015
12,6,37,9.9914e+05,-0.124,0.379
12,6,37,9.9918e+05,-0.299,-0.422
12,6,37,9.9922e+05,-0.792,0.571
12,6,37,9.9926e+05,-0.159,0.722
12,6,37,9.993e+05,-0.138,-0.295
12,6,37,9.9934e+05,0.187,0.935
12,6,37,9.9937e+05,-0.047,-0.702
12,6,37,9.9941e+05,-0.04,0.234
12,6,37,9.9945e+05,0.145,-0.218
12,6,37,9.9949e+05,-0.045,-0.236
12,6,37,9.9953e+05,-0.249,0.915
12,6,37,9.9957e+05,-0.39,-0.031
12,6,37,9.9961e+05,-0.492,-0.255
12,6,37,9.9965e+05,-0.098,-0.035
12,6,37,9.9969e+05,0.044,0.299
12,6,37,9.9973e+05,0.025,-0.169
12,6,37,9.9976e+05,-0.484,0.755
12,6,37,9.998e+05,0.347,0.123
12,6,37,9.9984e+05,-0.476,-0.496
12,6,37,9.9988e+05,0.077,0.305
12,6,37,9.9992e+05,-0.781,-0.035
12,6,37,9.9996e+05,0.149,0.523
12,6,37,1e+06,-0.448,0.04
12,6,38,39,0.259,-0.195
12,6,38,78,-0.015,-0.186
12,6,38,117,0.478,0.578
12,6,38,156,-0.136,-0.348
12,6,38,195,0.031,0.12
12,6,38,234,-0.428,-0.228
12,6,38,273,-0.059,-0.074
12,6,38,312,-0.31,0.374
12,6,38,351,-0.406,0.523
12,6,38,390,0.106,-0.809
12,6,38,429,-0.423,0.334
12,6,38,468,0.439,-0.289
12,6,38,507,-0.129,0.119
12,6,38,546,0.182,0.749
12,6,38,585,0.193,-0.805
12,6,38,624,-0.096,0.25
12,6,38,664,0.302,-0.113
12,6,38,703,-0.539,0.401
12,6,38,742,0.275,0.099
12,6,38,781,-0.707,0.343
12,6,38,820,0.343,-0.169
12,6,38,859,-0.331,-0.669
12,6,38,898,0.167,0.951
12,6,38,937,-0.435,-1.409
12,6,38,976,-0.354,1.105
12,6,38,1015,-0.131,-0.042
12,6,38,1054,-0.065,-0.283
12,6,38,1093,0.022,0.25
12,6,38,1132,-0.085,-0.313
12,6,38,1171,-0.372,0.055
12,6,38,1210,-0.027,-0.163
12,6,38,1249,-0.194,0.429
12,6,38,1289,-0.145,0.118
12,6,38,1328,-0.552,-0.125
12,6,38,1367,-0.109,0.151
12,6,38,1406,-0.026,-0.333
12,6,38,1445,0.281,0.502
12,6,38,1484,-0.248,0.07
12,6,38,1523,0.314,0.125
12,6,38,1562,0.211,-0.402
12,6,38,1601,0.194,-0.126
12,6,38,1640,-0.124,-0.555
12,6,38,1679,-0.077,0.35
12,6,38,1718,-0.223,0.29
12,6,38,1757,0.14,-0.389
12,6,38,1796,-0.033,-0.369
12,6,38,1835,-0.442,-0.142
12,6,38,1874,-0.513,0.108
12,6,38,1914,-0.125,-0.122
12,6,38,1953,-0.702,-0.005
12,6,38,1992,-0.406,0.946
12,6,38,2031,0.127,-0.221
12,6,38,2070,0.802,-0.362
12,6,38,2109,0.249,0.326
12,6,38,2148,0.41,-0.127
12,6,38,2187,0.319,-0.513
12,6,38,2226,0.535,0.414
12,6,38,2265,0.659,-0.14
12,6,38,2304,0.599,0.566
12,6,38,2343,0.121,-0.281
12,6,38,2382,0.216,-0.675
12,6,38,2421,-0.259,-0.107
12,6,38,2460,-0.009,0.564
12,6,38,2499,-0.461,-0.571
12,6,38,2539,-0.688,1.021
12,6,38,2578,-0.1,-0.547
12,6,38,2617,-0.596,-0.812
12,6,38,2656,-0.29,0.224
12,6,38,2695,-0.258,0.535
12,6,38,2734,-0.03,-0.328
12,6,38,2773,0.04,0.04
12,6,38,2812,0.354,-0.153
12,6,38,2851,0.459,-0.301
12,6,38,2890,0.215,-0.097
12,6,38,2929,0.11,0.474
12,6,38,2968,0.344,-0.619
12,6,38,3007,0.537,1.187
12,6,38,3046,0.368,-0.43
12,6,38,3085,-0.019,0.272
12,6,38,3124,0.304,-0.037
12,6,38,3164,-0.001,-0.422
12,6,38,3203,0.442,-0.489
12,6,38,3242,-1.034,0.931
12,6,38,3281,-0.383,-0.72
12,6,38,3320,-1.02,0.39
12,6,38,3359,0.487,-0.112
12,6,38,3398,-0.27,-0.844
12,6,38,3437,-0.122,0.922
12,6,38,3476,-0.415,-0.346
12,6,38,3515,0.798,-0.274
12,6,38,3554,-0.016,-0.506
12,6,38,3593,0.597,-0.175
12,6,38,3632,-0.65,0.186
12,6,38,3671,0.524,-0.531
12,6,38,3710,-0.072,0.381
12,6,38,3749,0.869,0.137
12,6,38,3789,-0.221,0.366
12,6,38,3828,0.472,0.476
12,6,38,3867,-0.258,-1.238
12,6,38,3906,0.44,0.54
12,6,38,3945,-0.528,-0.425
12,6,38,3984,-0.186,0.348
12,6,38,4023,-0.936,0.156
12,6,38,4062,-0.075,0.161
12,6,38,4101,-0.279,-0.185
12,6,38,4140,-0.24,0.306
12,6,38,4179,-0.068,-0.335
12,6,38,4218,-0.012,0.753
12,6,38,4257,0.564,-0.396
12,6,38,4296,0.04,-0.304
12,6,38,4335,0.132,0.207
12,6,38,4374,-0.307,0.358
12,6,38,4414,0.363,0.178
12,6,38,4453,-0.209,-0.3
12,6,38,4492,0.281,-0.128
12,6,38,4531,-0.574,0.59
12,6,38,4570,0.418,-0.354
12,6,38,4609,-0.829,0.075
12,6,38,4648,0.377,1.018
12,6,38,4687,-0.856,-0.3
12,6,38,4726,0.489,0.409
12,6,38,4765,-0.655,-0.277
12,6,38,4804,0.712,0.642
12,6,38,4843,-0.553,-0.617
12,6,38,4882,0.58,1.088
12,6,38,4921,-0.093,-1.16
12,6,38,4960,0.111,0.957
12,6,38,4999,-0.255,-0.84
12,6,38,5039,-0.205,0.716
12,6,38,5078,0.232,-0.593
12,6,38,5117,-0.278,1.205
12,6,38,5156,0.078,-0.777
12,6,38,5195,-0.762,0.319
12,6,38,5234,0.306,-0.171
12,6,38,5273,-0.715,-0.238
12,6,38,5312,0.54,0.242
12,6,38,5351,-1.395,0.516
12,6,38,5390,0.258,-0.71
12,6,38,5429,-0.944,-0.213
12,6,38,5468,0.434,0.305
12,6,38,5507,-0.847,0.006
12,6,38,5546,0.501,1.186
12,6,38,5585,-0.579,-1.008
12,6,38,5624,1.024,-0.003
12,6,38,5664,-0.555,0.353
12,6,38,5703,0.524,-0.175
12,6,38,5742,-0.797,-0.073
12,6,38,5781,0.183,0.697
12,6,38,5820,-0.376,-1.461
12,6,38,5859,-0.048,1.018
12,6,38,5898,-0.274,-0.266
12,6,38,5937,0.17,0.296
12,6,38,5976,-0.025,-0.292
12,6,38,6015,-0.198,-0.2
12,6,38,6054,-0.659,0.224
12,6,38,6093,-0.096,0.528
12,6,38,6132,-0.198,-0.75
12,6,38,6171,-0.042,0.126
12,6,38,6210,-0.079,0.197
12,6,38,6249,0.069,-0.252
12,6,38,6289,0.078,-0.567
12,6,38,6328,-0.443,0.706
12,6,38,6367,-0.164,0.051
12,6,38,6406,0.035,0.249
12,6,38,6445,0.098,-0.026
12,6,38,6484,0.059,-0.393
12,6,38,6523,-0.124,0.573
12,6,38,6562,-0.095,-0.488
12,6,38,6601,-0.101,-0.26
12,6,38,6640,0.161,1.061
12,6,38,6679,-0.033,-0.477
12,6,38,6718,-0.235,-0.091
12,6,38,6757,-0.144,-0.006
12,6,38,6796,-0.266,-0.555
12,6,38,6835,-0.618,0.178
12,6,38,6874,-0.986,0.405
12,6,38,6914,-0.689,0.28
12,6,38,6953,-0.605,0.352
12,6,38,6992,0.046,0.002
12,6,38,7031,0.095,-0.402
12,6,38,7070,0.086,0.337
12,6,38,7109,0.079,-0.247
12,6,38,7148,0.004,-0.085
12,6,38,7187,0.151,-0.296
12,6,38,7226,-0.177,-0.124
12,6,38,7265,-0.152,0.721
12,6,38,7304,0.419,-0.395
12,6,38,7343,0.553,0.106
12,6,38,7382,0.417,-0.937
12,6,38,7421,-0.314,-0.029
12,6,38,7460,-0.168,0.681
12,6,38,7499,-0.288,-0.503
12,6,38,7539,-0.125,0.444
12,6,38,7578,-0.205,0.336
12,6,38,7617,-0.263,-0.388
12,6,38,7656,-0.36,-0.417
12,6,38,7695,0.088,-0.671
12,6,38,7734,-0.44,0.293
12,6,38,7773,0.079,0.469
12,6,38,7812,-0.304,0.013
12,6,38,7851,0.221,-0.203
12,6,38,7890,0.101,-0.815
12,6,38,7929,0.395,0.68
12,6,38,7968,0.306,-0.212
12,6,38,8007,0.521,-0.058
12,6,38,8046,-0.098,0.452
12,6,38,8085,-0.205,-0.857
12,6,38,8124,-0.159,0.201
12,6,38,8164,0.218,0.711
12,6,38,8203,0.143,-0.744
12,6,38,8242,-0.039,0.843
12,6,38,8281,-0.032,-0.705
12,6,38,8320,-0.135,-0.896
12,6,38,8359,-0.187,0.704
12,6,38,8398,-0.145,-0.215
12,6,38,8437,-0.374,0.268
12,6,38,8476,-0.006,0.03
12,6,38,8515,0.359,-0.662
12,6,38,8554,0.437,0.025
12,6,38,8593,0.169,-0.232
12,6,38,8632,0.471,-0.347
12,6,38,8671,-0.017,-0.074
12,6,38,8710,0.059,0.226
12,6,38,8749,0.004,-0.293
12,6,38,8789,-0.07,0.231
12,6,38,8828,0.058,0.21
12,6,38,8867,0.158,-0.058
12,6,38,8906,-0.053,0.185
12,6,38,8945,-0.192,-0.047
12,6,38,8984,0.115,-0.876
12,6,38,9023,-0.278,0.352
12,6,38,9062,0.232,-0.05
12,6,38,9101,0.177,-0.647
12,6,38,9140,0.307,-0.212
12,6,38,9179,0.032,-0.922
12,6,38,9218,-0.198,0.204
12,6,38,9257,0.025,-0.119
12,6,38,9296,0.125,0.274
12,6,38,9335,0.421,0.234
12,6,38,9374,0.376,-0.764
12,6,38,9414,0.305,-0.256
12,6,38,9453,0.594,-0.518
12,6,38,9492,0.168,0.389
12,6,38,9531,-0.27,0.158
12,6,38,9570,-0.909,0.489
12,6,38,9609,-0.004,-0.116
12,6,38,9648,-0.244,-0.188
12,6,38,9687,0.642,0.091
12,6,38,9726,-0.032,-0.304
12,6,38,9765,0.917,-0.428
12,6,38,9804,-0.098,-0.864
12,6,38,9843,0.573,0.166
12,6,38,9882,-0.539,-0.495
12,6,38,9921,0.119,0.535
12,6,38,9960,0.023,-0.194
12,6,38,9999,0.277,0.034
12,6,38,10039,0.05,-0.067
12,6,38,10078,0.328,0.154
12,6,38,10117,0.108,-0.348
12,6,38,10156,0.091,0.457
12,6,38,10195,-0.383,-0.388
12,6,38,10234,-0.289,-0.064
12,6,38,10273,-0.254,0.237
12,6,38,10312,0.236,0.085
12,6,38,10351,0.143,-0.267
12,6,38,10390,-0.214,0.222
12,6,38,10429,0.014,-0.389
12,6,38,10468,0.135,0.11
12,6,38,10507,0.403,-0.217
12,6,38,10546,0.398,0.165
12,6,38,10585,0.155,0.107
12,6,38,10624,-0.337,-0.505
12,6,38,10664,-0.596,-0.02
12,6,38,10703,-0.319,0.673
12,6,38,10742,0.142,0.111
12,6,38,10781,-0.593,0.102
12,6,38,10820,-0.1,0.28
12,6,38,10859,-0.26,-0.322
12,6,38,10898,0.328,-0.416
12,6,38,10937,0.133,-0.228
12,6,38,10976,0.048,0.678
12,6,38,11015,-0.007,0.142
12,6,38,11054,-0.041,-0.083
12,6,38,11093,0.303,-0.327
12,6,38,11132,0.301,-0.01
12,6,38,11171,0.028,0.34
12,6,38,11210,0.139,-0.251
12,6,38,11249,0.097,-0.019
12,6,38,11289,0.233,-0.294
12,6,38,11328,-0.419,-0.28
12,6,38,11367,-0.149,0.591
12,6,38,11406,-0.227,-0.017
12,6,38,11445,-0.065,0.509
12,6,38,11484,0.121,-0.086
12,6,38,11523,0.141,0.078
12,6,38,11562,0.023,0.248
12,6,38,11601,-0.308,-0.207
12,6,38,11640,-0.087,-0.102
12,6,38,11679,-0.069,-0.34
12,6,38,11718,-0.154,-0.099
12,6,38,11757,-0.315,0.263
12,6,38,11796,0.13,0.129
12,6,38,11835,0.149,-0.057
12,6,38,11874,0.529,-0.176
12,6,38,11914,0.139,0.201
12,6,38,11953,0.131,0.399
12,6,38,11992,0.165,-0.169
12,6,38,12031,0.178,0.032
12,6,38,12070,0.436,0.102
12,6,38,12109,0.17,-0.228
12,6,38,12148,-0.158,-0.021
12,6,38,12187,0.227,-0.094
12,6,38,12226,0.262,0.428
12,6,38,12265,0.103,0.472
12,6,38,12304,-0.274,-0.224
12,6,38,12343,-0.185,0.214
12,6,38,12382,0.094,0.036
12,6,38,12421,0.238,0.07
12,6,38,12460,-0.063,-0.423
12,6,38,12499,-0.196,0.209
12,6,38,12539,-0.185,-0.25
12,6,38,12578,0.16,-0.26
12,6,38,12617,0.313,0.307
12,6,38,12656,-0.287,-0.045
12,6,38,12695,-0.03,0.288
12,6,38,12734,0.397,-0.345
12,6,38,12773,0.379,-0.613
12,6,38,12812,0.02,0.278
12,6,38,12851,-0.551,0.45
12,6,38,12890,0.391,-0.511
12,6,38,12929,0.325,0.187
12,6,38,12968,0.546,0.071
12,6,38,13007,-0.147,-0.376
12,6,38,13046,-0.362,0.436
12,6,38,13085,-0.336,-0.393
12,6,38,13124,0.035,0.267
12,6,38,13164,-0.116,0.571
12,6,38,13203,0.242,-0.227
12,6,38,13242,-0.203,0.177
12,6,38,13281,0.241,-0.851
12,6,38,13320,0.105,-0.35
12,6,38,13359,-0.368,0.583
12,6,38,13398,-0.602,-0.268
12,6,38,13437,-0.406,0.652
12,6,38,13476,0.486,0.045
12,6,38,13515,0.569,-0.427
12,6,38,13554,0.219,0.067
12,6,38,13593,0.128,-0.453
12,6,38,13632,0.223,0.166
12,6,38,13671,0.518,-0.237
12,6,38,13710,0.342,0.179
12,6,38,13749,0.088,0.423
12,6,38,13789,-0.051,-0.286
12,6,38,13828,0.514,-0.593
12,6,38,13867,0.365,-0.317
12,6,38,13906,0.081,0.707
12,6,38,13945,-0.195,0.032
12,6,38,13984,-0.231,-0.054
12,6,38,14023,0.291,-0.116
12,6,38,14062,0.151,-0.169
12,6,38,14101,0.2,-0.021
12,6,38,14140,0.013,0.043
12,6,38,14179,0.084,0.327
12,6,38,14218,0.37,-1.201
12,6,38,14257,-0.135,-0.051
12,6,38,14296,0.115,0.587
12,6,38,14335,0.033,-0.401
12,6,38,14374,0.391,0.329
12,6,38,14414,0.328,-0.595
12,6,38,14453,-0.145,0.206
12,6,38,14492,0.006,0.327
12,6,38,14531,-0.095,0.031
12,6,38,14570,0.265,0.03
12,6,38,14609,-0.162,0.337
12,6,38,14648,0.122,0.338
12,6,38,14687,0.221,-1.166
12,6,38,14726,0.458,0.481
12,6,38,14765,0.061,-0.404
12,6,38,14804,0.026,-0.162
12,6,38,14843,0.275,0.568
12,6,38,14882,0.358,-0.291
12,6,38,14921,0.486,-0.545
12,6,38,14960,0.046,-0.225
12,6,38,14999,0.238,-0.199
12,6,38,15039,0.143,0.066
12,6,38,15078,0.216,-0.025
12,6,38,15117,0.082,-0.469
12,6,38,15156,0.11,0.497
12,6,38,15195,0.162,-0.117
12,6,38,15234,-0.02,-0.327
12,6,38,15273,-0.056,0.376
12,6,38,15312,-0.188,-0.377
12,6,38,15351,-0.046,0.241
12,6,38,15390,0.31,0.227
12,6,38,15429,0.002,0.053
12,6,38,15468,0.145,-0.32
12,6,38,15507,0.018,-0.013
12,6,38,15546,0.261,-0.191
12,6,38,15585,-0.304,0.192
12,6,38,15624,0.39,0.403
12,6,38,15664,0.653,-0.762
12,6,38,15703,1.413,-0.412
12,6,38,15742,0.403,0.027
12,6,38,15781,0.375,-0.677
12,6,38,15820,-0.136,0.031
12,6,38,15859,-0.119,0.598
12,6,38,15898,-0.158,0.687
12,6,38,15937,0.525,0.369
12,6,38,15976,0.152,-0.537
12,6,38,16015,0.251,-0.303
12,6,38,16054,-0.087,-0.146
12,6,38,16093,0.226,-0.211
12,6,38,16132,-0.448,0.271
12,6,38,16171,-0.31,0.894
12,6,38,16210,-0.374,-0.271
12,6,38,16249,0.123,-0.079
12,6,38,16289,-0.007,-0.083
12,6,38,16328,0.202,0.345
12,6,38,16367,0.091,0.073
12,6,38,16406,0.042,-0.031
12,6,38,16445,0.247,-0.414
12,6,38,16484,0.044,0.389
12,6,38,16523,0.353,-0.076
12,6,38,16562,0.415,-0.4
12,6,38,16601,0.306,0.289
12,6,38,16640,0.298,-0.253
12,6,38,16679,-0.255,0.197
12,6,38,16718,-0.156,0.397
12,6,38,16757,-0.33,0.272
12,6,38,16796,-0.079,-0.177
12,6,38,16835,-0.151,-0.031
12,6,38,16874,0.264,0.392
12,6,38,16914,-0.014,-0.277
12,6,38,16953,-0.015,-0.003
12,6,38,16992,-0.103,-0.292
12,6,38,17031,-0.161,-0.369
12,6,38,17070,-0.156,0.57
12,6,38,17109,0.116,-0.023
12,6,38,17148,0.231,0.225
12,6,38,17187,0.21,-0.395
12,6,38,17226,-0.226,0.592
12,6,38,17265,0.418,-0.629
12,6,38,17304,-0.509,0.049
12,6,38,17343,0.104,0.089
12,6,38,17382,-0.7,0.164
12,6,38,17421,-0.106,-0.038
12,6,38,17460,-0.572,-0.194
12,6,38,17499,0.153,0.307
12,6,38,17539,-0.453,0.218
12,6,38,17578,0.574,0.25
12,6,38,17617,0.063,0.225
12,6,38,17656,0.956,-0.231
12,6,38,17695,-0.292,-0.049
12,6,38,17734,0.563,0.093
12,6,38,17773,-0.607,0.386
12,6,38,17812,0.469,0.516
12,6,38,17851,-0.09,-0.488
12,6,38,17890,0.229,0.551
12,6,38,17929,-0.47,-0.589
12,6,38,17968,-0.103,0.214
12,6,38,18007,-0.406,0.552
12,6,38,18046,0.069,0.001
12,6,38,18085,-0.288,0.199
12,6,38,18124,0.099,0.061
12,6,38,18164,-0.072,-0.612
12,6,38,18203,0.394,0.186
12,6,38,18242,0.004,0.103
12,6,38,18281,0.255,0.24
12,6,38,18320,-0.578,-0.056
12,6,38,18359,-0.24,0.097
12,6,38,18398,-0.502,-0.487
12,6,38,18437,-0.174,0.863
12,6,38,18476,0.087,-0.29
12,6,38,18515,0.304,0.378
12,6,38,18554,0.633,-0.15
12,6,38,18593,0.471,-0.524
12,6,38,18632,0.123,0.351
12,6,38,18671,0.13,-0.171
12,6,38,18710,-0.244,0.394
12,6,38,18749,0.222,0.132
12,6,38,18789,-0.141,-0.249
12,6,38,18828,0.117,0.464
12,6,38,18867,-0.209,0.184
12,6,38,18906,-0.452,0.056
12,6,38,18945,-0.377,-1.025
12,6,38,18984,-0.985,0.878
12,6,38,19023,-0.274,-0.655
12,6,38,19062,-0.408,-0.086
12,6,38,19101,-0.202,0.808
12,6,38,19140,0.039,-1.205
12,6,38,19179,0.179,0.285
12,6,38,19218,0.735,-0.652
12,6,38,19257,0.096,0.958
12,6,38,19296,0.812,0.472
12,6,38,19335,0.38,-0.641
12,6,38,19374,0.593,0.289
12,6,38,19414,0.221,-0.763
12,6,38,19453,0.065,0.258
12,6,38,19492,-0.247,0.072
12,6,38,19531,-0.074,0.217
12,6,38,19570,-0.72,0.293
12,6,38,19609,0.067,-0.496
12,6,38,19648,-1.02,1.044
12,6,38,19687,0.947,-0.798
12,6,38,19726,-0.37,-0.222
12,6,38,19765,0.454,0.173
12,6,38,19804,-0.53,-1.462
12,6,38,19843,-0.199,1.249
12,6,38,19882,0.379,-1.462
12,6,38,19921,-0.169,2.017
12,6,38,19960,0.187,-0.655
12,6,38,19999,0.499,-1.008
12,6,38,20039,0.074,1.499
12,6,38,20078,0.623,-2.213
12,6,38,20117,-0.215,1.167
12,6,38,20156,-0.13,0.834
12,6,38,20195,0.091,-2.091
12,6,38,20234,0.304,1.899
12,6,38,20273,0.009,-0.54
12,6,38,20312,0.707,-0.943
12,6,38,20351,-0.776,1.456
12,6,38,20390,0.117,-0.342
12,6,38,20429,0.427,-1.025
12,6,38,20468,-0.428,2.414
12,6,38,20507,0.735,-2.304
12,6,38,20546,-0.592,1.183
12,6,38,20585,0.673,-0.449
12,6,38,20624,-0.719,-1.323
12,6,38,20664,0.265,1.788
12,6,38,20703,-0.851,-0.354
12,6,38,20742,-0.256,0.242
12,6,38,20781,-0.145,-0.38
12,6,38,20820,0.462,0.401
12,6,38,20859,-0.241,-0.561
12,6,38,20898,0.294,0.447
12,6,38,20937,-0.189,0.355
12,6,38,20976,0.317,-0.793
12,6,38,21015,0.193,0.668
12,6,38,21054,0.407,0.153
12,6,38,21093,0.597,-0.833
12,6,38,21132,0.681,0.354
12,6,38,21171,0.272,-0.958
12,6,38,21210,0.077,-0.132
12,6,38,21249,-0.348,0.972
12,6,38,21289,-0.324,0.304
12,6,38,21328,-0.378,-0.102
12,6,38,21367,-0.449,0.224
12,6,38,21406,-0.152,-0.446
12,6,38,21445,0.02,-0.164
12,6,38,21484,0.259,0.11
12,6,38,21523,0.17,-0.34
12,6,38,21562,0.095,-0.276
12,6,38,21601,-0.009,-0.189
12,6,38,21640,0.155,0.154
12,6,38,21679,0.246,0.304
12,6,38,21718,0.171,0.445
12,6,38,21757,0.443,-0.597
12,6,38,21796,0.506,0.481
12,6,38,21835,0.787,-0.133
12,6,38,21874,0.479,-0.91
12,6,38,21914,0.387,0.551
12,6,38,21953,-0.254,0.24
12,6,38,21992,0.095,-0.676
12,6,38,22031,-0.347,0.92
12,6,38,22070,0.196,-0.349
12,6,38,22109,-0.33,-0.055
12,6,38,22148,0.022,0.313
12,6,38,22187,-0.39,-0.316
12,6,38,22226,0.051,0.323
12,6,38,22265,-0.326,-0.01
12,6,38,22304,0.313,0.126
12,6,38,22343,-0.251,0.264
12,6,38,22382,0.156,-0.342
12,6,38,22421,-0.193,0.049
12,6,38,22460,0.257,0.143
12,6,38,22499,-0.338,0.127
12,6,38,22539,-0.379,0.523
12,6,38,22578,-0.289,0.131
12,6,38,22617,-0.441,-0.176
12,6,38,22656,0.659,-0.427
12,6,38,22695,-0.222,0.934
12,6,38,22734,0.649,-0.499
12,6,38,22773,-0.156,-0.302
12,6,38,22812,0.496,0.565
12,6,38,22851,0.148,-0.743
12,6,38,22890,-0.298,1.528
12,6,38,22929,0.015,-1.142
12,6,38,22968,-0.396,0.522
12,6,38,23007,0.326,0.616
12,6,38,23046,-0.066,-1.379
12,6,38,23085,-0.09,1.136
12,6,38,23124,-0.184,-0.057
12,6,38,23164,-0.716,-0.244
12,6,38,23203,-0.277,-0.06
12,6,38,23242,-0.49,-0.032
12,6,38,23281,0.138,0.879
12,6,38,23320,0.144,-0.431
12,6,38,23359,-0.26,0.04
12,6,38,23398,-0.245,-0.436
12,6,38,23437,-0.171,0.662
12,6,38,23476,0.289,0.126
12,6,38,23515,0.183,-0.468
12,6,38,23554,0.153,0.576
12,6,38,23593,0.143,-0.325
12,6,38,23632,0.087,-0.226
12,6,38,23671,-0.369,0.526
12,6,38,23710,-0.342,0.429
12,6,38,23749,-0.642,-0.064
12,6,38,23789,-0.287,0.275
12,6,38,23828,-0.182,-0.458
12,6,38,23867,-0.153,0.116
12,6,38,23906,0.28,-0.122
12,6,38,23945,-0.324,-0.028
12,6,38,23984,0.297,-0.435
12,6,38,24023,-0.552,0.206
12,6,38,24062,-0.002,-0.033
12,6,38,24101,0.052,-0.315
12,6,38,24140,-0.392,1.531
12,6,38,24179,0.416,-0.872
12,6,38,24218,-0.347,0.256
12,6,38,24257,0.726,0.007
12,6,38,24296,-0.405,-0.946
12,6,38,24335,0.309,1.148
12,6,38,24374,-0.204,-0.909
12,6,38,24414,-0.052,0.237
12,6,38,24453,0.248,-0.385
12,6,38,24492,-0.332,0.965
12,6,38,24531,0.543,-1.18
12,6,38,24570,-0.961,0.738
12,6,38,24609,0.708,-0.55
12,6,38,24648,-2.127,-0.032
12,6,38,24687,1.236,-0
12,6,38,24726,-2.395,0.12
12,6,38,24765,1.074,0.664
12,6,38,24804,-1.552,-1.014
12,6,38,24843,1.257,1.15
12,6,38,24882,-1.046,-2.122
12,6,38,24921,0.911,1.77
12,6,38,24960,-0.881,-0.946
12,6,38,24999,0.909,0.385
12,6,38,25039,-0.599,-0.493
12,6,38,25078,0.754,0.84
12,6,38,25117,-0.203,-1.297
12,6,38,25156,0.293,0.874
12,6,38,25195,-0.115,-0.514
12,6,38,25234,-0.115,0.849
12,6,38,25273,0.138,-1.111
12,6,38,25312,-0.203,0.366
12,6,38,25351,0.356,-0.277
12,6,38,25390,-0.228,0.098
12,6,38,25429,0.321,-0.237
12,6,38,25468,-0.465,0.497
12,6,38,25507,0.128,-0.465
12,6,38,25546,-0.667,-0.254
12,6,38,25585,0.388,0.083
12,6,38,25624,0.054,0.299
12,6,38,25664,0.411,-0.171
12,6,38,25703,-0.255,-0.137
12,6,38,25742,0.689,-0.108
12,6,38,25781,0.27,0.083
12,6,38,25820,0.592,0.118
12,6,38,25859,0.376,0.471
12,6,38,25898,0.32,-0.378
12,6,38,25937,-0.304,-0.221
12,6,38,25976,0.546,-0.662
12,6,38,26015,0.011,0.585
12,6,38,26054,0.241,0.093
12,6,38,26093,-0.285,0.207
12,6,38,26132,0.348,0.141
12,6,38,26171,-0.382,-1.107
12,6,38,26210,0.193,0.291
12,6,38,26249,-0.429,0.663
12,6,38,26289,0.572,-0.427
12,6,38,26328,0.057,-0.088
12,6,38,26367,0.355,0.483
12,6,38,26406,-0.317,-0.574
12,6,38,26445,0.47,0.267
12,6,38,26484,-0.009,-0.186
12,6,38,26523,0.671,-0.743
12,6,38,26562,-0.012,0.49
12,6,38,26601,0.596,-0.109
12,6,38,26640,-0.486,-0.375
12,6,38,26679,0.826,-0.062
12,6,38,26718,-0.447,0.089
12,6,38,26757,0.926,-0.536
12,6,38,26796,-1.279,0.998
12,6,38,26835,1.469,-0.393
12,6,38,26874,-0.924,-0.475
12,6,38,26914,1.189,0.984
12,6,38,26953,-0.714,-1.572
12,6,38,26992,0.408,1.098
12,6,38,27031,-0.628,-1.304
12,6,38,27070,0.455,0.787
12,6,38,27109,-0.843,0.222
12,6,38,27148,0.903,-0.318
12,6,38,27187,-0.644,0.272
12,6,38,27226,0.573,-0.325
12,6,38,27265,0.419,-1.129
12,6,38,27304,0.218,1.363
12,6,38,27343,-0.435,-0.674
12,6,38,27382,0.777,-0.146
12,6,38,27421,-0.728,1.267
12,6,38,27460,1.205,-1.196
12,6,38,27499,-0.237,-0.313
12,6,38,27539,0.947,1.229
12,6,38,27578,-0.633,-1.406
12,6,38,27617,0.252,0.752
12,6,38,27656,-0.749,-0.774
12,6,38,27695,0.495,0.445
12,6,38,27734,-0.518,0.028
12,6,38,27773,0.769,0.162
12,6,38,27812,-0.359,-0.84
12,6,38,27851,0.752,0.525
12,6,38,27890,-0.143,-0.868
12,6,38,27929,-0.079,1.224
12,6,38,27968,0.177,0.006
12,6,38,28007,0.305,0.907
12,6,38,28046,0.496,-0.667
12,6,38,28085,0.01,-0.317
12,6,38,28124,-0.027,0.173
12,6,38,28164,-0.047,-0.3
12,6,38,28203,-0.398,0.925
12,6,38,28242,-0.398,-0.044
12,6,38,28281,-0.629,0.402
12,6,38,28320,-0.025,0.172
12,6,38,28359,-0.394,-0.659
12,6,38,28398,0.038,0.395
12,6,38,28437,-0.384,0.296
12,6,38,28476,0.782,0.13
12,6,38,28515,-0.206,-0.62
12,6,38,28554,0.583,0.067
12,6,38,28593,-0.307,0.003
12,6,38,28632,0.597,0.461
12,6,38,28671,-0.147,-0.475
12,6,38,28710,0.285,0.903
12,6,38,28749,0.044,-0.133
12,6,38,28789,0.448,0.277
12,6,38,28828,0.283,0.027
12,6,38,28867,0.263,0.006
12,6,38,28906,-0.242,-0.303
12,6,38,28945,-0.433,-0.078
12,6,38,28984,-0.243,0.013
12,6,38,29023,-0.201,0.329
12,6,38,29062,-0.177,0.366
12,6,38,29101,-0.239,-0.152
12,6,38,29140,0.091,-0.03
12,6,38,29179,0.173,0.328
12,6,38,29218,0.002,-0.182
12,6,38,29257,0.01,0.101
12,6,38,29296,-0.221,0.422
12,6,38,29335,0.781,-0.792
12,6,38,29374,0.161,0.696
12,6,38,29414,0.952,-0.142
12,6,38,29453,-0.079,-0.521
12,6,38,29492,0.52,0.515
12,6,38,29531,-0.651,-0.436
12,6,38,29570,0.322,0.879
12,6,38,29609,-0.661,-0.401
12,6,38,29648,-0.134,0.72
12,6,38,29687,-0.741,-0.209
12,6,38,29726,0.194,-0.033
12,6,38,29765,-0.214,-0.34
12,6,38,29804,-0.109,0.05
12,6,38,29843,-0.432,0.637
12,6,38,29882,-0.152,0.31
12,6,38,29921,0.272,-0.558
12,6,38,29960,0.445,0.592
12,6,38,29999,0.075,0.045
12,6,38,30039,0.23,-0.323
12,6,38,30078,0.158,-0.093
12,6,38,30117,0.005,0.721
12,6,38,30156,0.039,0.035
12,6,38,30195,-0.306,0.491
12,6,38,30234,-0.034,-0.596
12,6,38,30273,-0.164,0.112
12,6,38,30312,0.111,0.188
12,6,38,30351,0.308,-0.39
12,6,38,30390,0.072,0.68
12,6,38,30429,-0.164,0.122
12,6,38,30468,-0.262,-0.411
12,6,38,30507,-0.109,0.889
12,6,38,30546,-0.086,-0.158
12,6,38,30585,0.154,0.386
12,6,38,30624,0.097,-0.086
12,6,38,30664,0.092,-0.209
12,6,38,30703,0.088,0.206
12,6,38,30742,0.195,-0.151
12,6,38,30781,-0.314,0.115
12,6,38,30820,0.057,0.165
12,6,38,30859,0.046,-0.267
12,6,38,30898,0.137,0.286
12,6,38,30937,0.126,-0.489
12,6,38,30976,0.003,0.329
12,6,38,31015,-0.093,0.085
12,6,38,31054,-0.306,-0.35
12,6,38,31093,-0.213,0.51
12,6,38,31132,-0.364,0.05
12,6,38,31171,0.106,0.095
12,6,38,31210,0.135,-0.179
12,6,38,31249,-0.122,-0.384
12,6,38,31289,-0.138,0.579
12,6,38,31328,-0.219,0.027
12,6,38,31367,-0.077,0.029
12,6,38,31406,0.174,0.434
12,6,38,31445,0.303,0.154
12,6,38,31484,0.443,-0.48
12,6,38,31523,-0.232,-0.526
12,6,38,31562,-0.041,-0.073
12,6,38,31601,-0.295,0.343
12,6,38,31640,0.353,-0.012
12,6,38,31679,0.004,0.262
12,6,38,31718,0.283,-0.098
12,6,38,31757,-0.158,-0.662
12,6,38,31796,-0.022,-0.34
12,6,38,31835,-0.213,0.373
12,6,38,31874,0.145,0.619
12,6,38,31914,-0.403,-0.268
12,6,38,31953,0.04,0.247
12,6,38,31992,0.258,-0.312
12,6,38,32031,0.342,-0.51
12,6,38,32070,0.083,0.235
12,6,38,32109,0.107,0.522
12,6,38,32148,0.324,0.145
12,6,38,32187,-0.021,0.375
12,6,38,32226,-0.312,0.079
12,6,38,32265,0.068,-1.284
12,6,38,32304,-0.336,0.698
12,6,38,32343,0.133,0.256
12,6,38,32382,-0.121,-0.062
12,6,38,32421,-0.151,0.567
12,6,38,32460,-0.485,-0.832
12,6,38,32499,0.187,0.285
12,6,38,32539,-0.247,0.219
12,6,38,32578,-0.098,-0.298
12,6,38,32617,-0.129,0.076
12,6,38,32656,0.232,0.234
12,6,38,32695,-0.232,-0.227
12,6,38,32734,-0.043,0.152
12,6,38,32773,-0.31,0.26
12,6,38,32812,0.345,0.063
12,6,38,32851,0.159,-0.357
12,6,38,32890,0.129,0.173
12,6,38,32929,-0.005,-0.408
12,6,38,32968,-0.052,0.129
12,6,38,33007,0.047,0.245
12,6,38,33046,0.128,0.12
12,6,38,33085,-0.025,-0.123
12,6,38,33124,-0.243,-0.252
12,6,38,33164,-0.289,-0.565
12,6,38,33203,-0.002,0.323
12,6,38,33242,0.149,0.006
12,6,38,33281,-0.202,0.071
12,6,38,33320,0.023,0.345
12,6,38,33359,0.223,-0.283
12,6,38,33398,0.457,0.019
12,6,38,33437,0.03,0.017
12,6,38,33476,0.318,0.066
12,6,38,33515,0.442,-0.207
12,6,38,33554,0.483,-0.355
12,6,38,33593,-0.13,-0.067
12,6,38,33632,-0.042,0.48
12,6,38,33671,0.131,-0.035
12,6,38,33710,0.325,-0.32
12,6,38,33749,0.141,-0.324
12,6,38,33789,-0.158,0.247
12,6,38,33828,-0.568,-0.169
12,6,38,33867,0.109,-0.047
12,6,38,33906,-0.052,-0.057
12,6,38,33945,-0.123,0.161
12,6,38,33984,-0.134,-0.102
12,6,38,34023,-0.213,0.4
12,6,38,34062,0.363,-0.422
12,6,38,34101,-0.339,0.33
12,6,38,34140,0.126,-0.155
12,6,38,34179,-0.518,0.977
12,6,38,34218,0.612,0.048
12,6,38,34257,-0.193,-0.532
12,6,38,34296,0.48,0.391
12,6,38,34335,-0.368,-0.018
12,6,38,34374,0.533,0.008
12,6,38,34414,-0.346,-0.143
12,6,38,34453,0.244,-0.278
12,6,38,34492,-0.882,0.224
12,6,38,34531,0.098,0.023
12,6,38,34570,-1.089,0.276
12,6,38,34609,0.493,-0.04
12,6,38,34648,-0.794,0.004
12,6,38,34687,0.27,0.122
12,6,38,34726,-0.832,-0.28
12,6,38,34765,0.666,0.368
12,6,38,34804,-0.861,-0.815
12,6,38,34843,0.346,0.911
12,6,38,34882,-0.682,-0.013
12,6,38,34921,0.666,0.199
12,6,38,34960,-0.955,-0.221
12,6,38,34999,0.738,0.658
12,6,38,35039,-0.539,-0.729
12,6,38,35078,0.167,0.874
12,6,38,35117,-0.675,-0.725
12,6,38,35156,-0.027,0.684
12,6,38,35195,-0.669,0.139
12,6,38,35234,-0.164,0.56
12,6,38,35273,-0.27,-0.679
12,6,38,35312,0.245,0.021
12,6,38,35351,-0.108,-0.069
12,6,38,35390,0.118,0.075
12,6,38,35429,-0.095,-0.151
12,6,38,35468,-0.175,0.874
12,6,38,35507,-0.216,-1.091
12,6,38,35546,-0.152,0.789
12,6,38,35585,0.198,0.1
12,6,38,35624,-0.169,0.155
12,6,38,35664,0.54,0.117
12,6,38,35703,-0.27,-0.157
12,6,38,35742,0.154,0.035
12,6,38,35781,-0.155,0.186
12,6,38,35820,-0.133,0.729
12,6,38,35859,-0.305,-0.335
12,6,38,35898,-0.136,-0.088
12,6,38,35937,-0.352,0.249
12,6,38,35976,-0.152,-0.51
12,6,38,36015,-0.237,0.772
12,6,38,36054,0.148,0.086
12,6,38,36093,-0.246,-0.69
12,6,38,36132,-0.085,0.526
12,6,38,36171,-0.597,0.144
12,6,38,36210,0.148,-0.82
12,6,38,36249,-0.085,0.286
12,6,38,36289,0.21,0.289
12,6,38,36328,-0.358,-0.431
12,6,38,36367,0.053,-0.035
12,6,38,36406,-0.535,-0.293
12,6,38,36445,0.019,0.037
12,6,38,36484,-0.532,0.251
12,6,38,36523,-0.058,0.341
12,6,38,36562,-0.166,-0.568
12,6,38,36601,0.232,0.631
12,6,38,36640,0.073,-0.609
12,6,38,36679,-0.051,0.015
12,6,38,36718,-0.076,0.554
12,6,38,36757,-0.249,-0.403
12,6,38,36796,0.023,-0.366
12,6,38,36835,-0.038,0.19
12,6,38,36874,0.327,0.088
12,6,38,36914,0.047,-0.042
12,6,38,36953,0.171,-0.051
12,6,38,36992,-0.112,0.067
12,6,38,37031,0.099,-0.385
12,6,38,37070,-0.457,0.533
12,6,38,37109,0.306,0.339
12,6,38,37148,-0.629,-0.306
12,6,38,37187,0.205,-0.415
12,6,38,37226,-0.689,-0.294
12,6,38,37265,-0.029,0.637
12,6,38,37304,-0.091,-0.905
12,6,38,37343,-0.304,1.149
12,6,38,37382,0.61,-1.102
12,6,38,37421,0.398,-0.028
12,6,38,37460,0.786,-0.082
12,6,38,37499,0.23,-0.06
12,6,38,37539,0.479,0.547
12,6,38,37578,0.184,-0.162
12,6,38,37617,-0.004,0.488
12,6,38,37656,0.146,-0.429
12,6,38,37695,0.048,0.735
12,6,38,37734,0.807,-0.343
12,6,38,37773,-0.499,-0.597
12,6,38,37812,0.411,0.768
12,6,38,37851,-0.858,-0.604
12,6,38,37890,0.265,0.264
12,6,38,37929,-0.937,-0.05
12,6,38,37968,0.245,0.515
12,6,38,38007,-0.842,-0.963
12,6,38,38046,0.199,0.77
12,6,38,38085,-0.386,-0.429
12,6,38,38124,-0.281,0.39
12,6,38,38164,-0.465,-0.739
12,6,38,38203,-0.45,0.645
12,6,38,38242,0.578,-1.137
12,6,38,38281,-0.117,0.723
12,6,38,38320,0.644,-0.311
12,6,38,38359,0.253,-0.512
12,6,38,38398,0.512,0.945
12,6,38,38437,0.247,-0.444
12,6,38,38476,0.414,-0.06
12,6,38,38515,-0.045,0.059
12,6,38,38554,0.358,-0.765
12,6,38,38593,-0.116,0.203
12,6,38,38632,-0.183,-0.191
12,6,38,38671,-0.765,0.428
12,6,38,38710,-0.349,-0.11
12,6,38,38749,-0.197,-0.429
12,6,38,38789,-0.156,-0.069
12,6,38,38828,-0.51,0.396
12,6,38,38867,0.074,-0.151
12,6,38,38906,-0.275,-0.591
12,6,38,38945,0.435,0.132
12,6,38,38984,-0.504,-0.146
12,6,38,39023,-0.175,0.419
12,6,38,39062,0.294,0.202
12,6,38,39101,0.46,-0.043
12,6,38,39140,0.561,-0.595
12,6,38,39179,0.228,0.418
12,6,38,39218,0.608,-0.613
12,6,38,39257,0.246,-0.205
12,6,38,39296,0.676,-0.072
12,6,38,39335,-0.171,-0.21
12,6,38,39374,0.033,0.695
12,6,38,39414,-0.465,-0.096
12,6,38,39453,0.167,-0.137
12,6,38,39492,-0.253,0.065
12,6,38,39531,-0.149,0.059
12,6,38,39570,-0.392,-0.316
12,6,38,39609,-0.368,0.451
12,6,38,39648,-0.018,-0.591
12,6,38,39687,-0.32,0.036
12,6,38,39726,-0.332,0.451
12,6,38,39765,-0.574,0.142
12,6,38,39804,0.024,-0.019
12,6,38,39843,-0.187,0.169
12,6,38,39882,0.271,0.534
12,6,38,39921,-0.007,-0.418
12,6,38,39960,-0.108,-0.37
12,6,38,39999,-0.123,0.091
12,6,38,40039,0.382,0.073
12,6,38,40078,0.065,0.604
12,6,38,40117,-0.045,-0.04
12,6,38,40156,-0.181,-0.129
12,6,38,40195,-0.076,-0.02
12,6,38,40234,0.288,-0.672
12,6,38,40273,-0.038,0.142
12,6,38,40312,0.068,0.627
12,6,38,40351,-0.052,0.203
12,6,38,40390,0.413,-0.513
12,6,38,40429,-0.369,0.054
12,6,38,40468,-0.232,0.17
12,6,38,40507,-0.606,0.115
12,6,38,40546,-0.113,-0.107
12,6,38,40585,-0.347,-0.383
12,6,38,40624,-0.194,0.908
12,6,38,40664,-0.362,-0.823
12,6,38,40703,-0.215,-0.048
12,6,38,40742,-0.083,0.815
12,6,38,40781,-0.118,-0.621
12,6,38,40820,-0.409,0.32
12,6,38,40859,-0.1,0.187
12,6,38,40898,0.064,-0.659
12,6,38,40937,0.431,0.103
12,6,38,40976,-0.383,0.636
12,6,38,41015,0.218,-0.346
12,6,38,41054,-0.3,0.404
12,6,38,41093,0.257,0.316
12,6,38,41132,-0.214,-0.94
12,6,38,41171,0.091,1.133
12,6,38,41210,-0.096,-0.408
12,6,38,41249,0.27,-0.312
12,6,38,41289,0.244,0.152
12,6,38,41328,0.059,0.27
12,6,38,41367,-0.158,-0.661
12,6,38,41406,-0.33,0.389
12,6,38,41445,-0.302,0.219
12,6,38,41484,-0.492,-0.466
12,6,38,41523,-0.735,0.773
12,6,38,41562,0.039,0.006
12,6,38,41601,0.043,-0.775
12,6,38,41640,0.348,0.643
12,6,38,41679,0.2,-0.661
12,6,38,41718,-0.161,0.196
12,6,38,41757,0.026,-0.301
12,6,38,41796,-0.179,0.27
12,6,38,41835,-0.179,0.252
12,6,38,41874,-0.622,0.137
12,6,38,41914,-0.044,0.06
12,6,38,41953,-0.199,-0.287
12,6,38,41992,0.435,-0.116
12,6,38,42031,-0.308,-0.234
12,6,38,42070,-0.015,0.245
12,6,38,42109,0.015,-0.183
12,6,38,42148,0.298,-0.21
12,6,38,42187,-0.118,-0.23
12,6,38,42226,-0.038,0.457
12,6,38,42265,-0.229,-0.03
12,6,38,42304,-0.078,-0.471
12,6,38,42343,-0.162,0.1
12,6,38,42382,0.072,0.023
12,6,38,42421,-0.027,0.537
12,6,38,42460,0.179,0.16
12,6,38,42499,0.101,-0.732
12,6,38,42539,0.195,-0.168
12,6,38,42578,-0.41,0.279
12,6,38,42617,-0.119,-0.146
12,6,38,42656,-0.444,0.06
12,6,38,42695,0.044,0.292
12,6,38,42734,-0.093,-0.566
12,6,38,42773,0.23,0.2
12,6,38,42812,0.035,-0.343
12,6,38,42851,0.034,-0.064
12,6,38,42890,0.032,-0.102
12,6,38,42929,-0.083,-0.229
12,6,38,42968,0.02,-0.045
12,6,38,43007,-0.132,0.287
12,6,38,43046,0.038,-0.588
12,6,38,43085,-0.27,-0.044
12,6,38,43124,0.02,0.517
12,6,38,43164,-0.237,-0.103
12,6,38,43203,-0.054,-0.189
12,6,38,43242,0.018,0.139
12,6,38,43281,0.185,-0.032
12,6,38,43320,0.038,-0.344
12,6,38,43359,0.237,0.083
12,6,38,43398,0.368,-0.487
12,6,38,43437,0.24,0.055
12,6,38,43476,0.286,-0.165
12,6,38,43515,0.219,0.108
12,6,38,43554,0.066,0.484
12,6,38,43593,0.146,-0.723
12,6,38,43632,0.113,0.126
12,6,38,43671,0.091,0.127
12,6,38,43710,-0.386,-0.309
12,6,38,43749,-0.425,0.404
12,6,38,43789,0.179,-0.913
12,6,38,43828,0.446,0.52
12,6,38,43867,0.303,0.168
12,6,38,43906,0.167,-0.883
12,6,38,43945,0.261,0.147
12,6,38,43984,-0.109,-0.374
12,6,38,44023,0.096,0.018
12,6,38,44062,0.305,0.235
12,6,38,44101,-0.025,0.139
12,6,38,44140,0.271,-0.585
12,6,38,44179,0.306,-0.16
12,6,38,44218,0.552,-0.209
12,6,38,44257,-0.188,-0.157
12,6,38,44296,-0.332,0.765
12,6,38,44335,-0.309,-0.456
12,6,38,44374,0.243,-0.297
12,6,38,44414,0.141,0.01
12,6,38,44453,-0.018,-0.183
12,6,38,44492,0.286,-0.201
12,6,38,44531,0.112,-0.259
12,6,38,44570,-0.167,0.103
12,6,38,44609,0.024,0.166
12,6,38,44648,0.084,-0.043
12,6,38,44687,0.726,-0.269
12,6,38,44726,0.203,-0.293
12,6,38,44765,0.258,0.287
12,6,38,44804,-0.122,-0.082
12,6,38,44843,-0.025,0.562
12,6,38,44882,-0.126,0.156
12,6,38,44921,-0.006,0.176
12,6,38,44960,0.189,-0.593
12,6,38,44999,0.054,-0.03
12,6,38,45039,0.027,-0.099
12,6,38,45078,0.136,0.066
12,6,38,45117,0.445,0.036
12,6,38,45156,0.405,0.017
12,6,38,45195,0.778,-0.079
12,6,38,45234,0.113,-0.064
12,6,38,45273,0.464,-1.073
12,6,38,45312,-0.315,-0.304
12,6,38,45351,0.377,-0.039
12,6,38,45390,-0.294,-0.052
12,6,38,45429,-0.395,1.355
12,6,38,45468,0.004,-0.629
12,6,38,45507,0.321,0.283
12,6,38,45546,0.526,0.113
12,6,38,45585,0.479,-0.536
12,6,38,45624,0.381,0.245
12,6,38,45664,0.179,-0.476
12,6,38,45703,0.22,-0.093
12,6,38,45742,0.091,0.617
12,6,38,45781,0.049,0.223
12,6,38,45820,-0.1,0.615
12,6,38,45859,0.293,-0.14
12,6,38,45898,0.116,0.129
12,6,38,45937,-0.118,0.122
12,6,38,45976,-0.158,-0.535
12,6,38,46015,-0.727,0.305
12,6,38,46054,-0.373,-0.075
12,6,38,46093,0.072,-0.513
12,6,38,46132,-0.05,0.805
12,6,38,46171,0.651,-0.441
12,6,38,46210,0.124,-0.073
12,6,38,46249,0.236,0.373
12,6,38,46289,-0.01,-0.703
12,6,38,46328,0.035,0.681
12,6,38,46367,-0.296,0.379
12,6,38,46406,-0.064,0.272
12,6,38,46445,-0.051,0.25
12,6,38,46484,0.29,0.279
12,6,38,46523,0.401,-0.624
12,6,38,46562,0.016,0.06
12,6,38,46601,-0.184,-0.038
12,6,38,46640,-0.33,0.101
12,6,38,46679,-0.162,0.772
12,6,38,46718,-0.148,0.027
12,6,38,46757,-0.045,0.129
12,6,38,46796,0.307,0.402
12,6,38,46835,0.372,-0.871
12,6,38,46874,0.081,-0.348
12,6,38,46914,0.097,-0.291
12,6,38,46953,-0.351,-0.36
12,6,38,46992,-0.088,0.462
12,6,38,47031,-0.154,-0.28
12,6,38,47070,-0.083,0.153
12,6,38,47109,-0.374,0.656
12,6,38,47148,0.01,-0.08
12,6,38,47187,-0.062,0.093
12,6,38,47226,0.33,0.581
12,6,38,47265,0.138,-0.474
12,6,38,47304,-0.163,0.077
12,6,38,47343,0.114,-0.405
12,6,38,47382,0.285,-0.295
12,6,38,47421,0.455,0.016
12,6,38,47460,0.123,-0.414
12,6,38,47499,-0.207,0.121
12,6,38,47539,0.106,0.635
12,6,38,47578,0.536,-0.268
12,6,38,47617,0.171,-0.11
12,6,38,47656,-0.123,0.59
12,6,38,47695,-0.47,0.018
12,6,38,47734,0.012,-0.223
12,6,38,47773,-0.028,0.388
12,6,38,47812,0.128,0.514
12,6,38,47851,-0.221,0.034
12,6,38,47890,0.307,-0.306
12,6,38,47929,0.134,-0.776
12,6,38,47968,0.15,0.449
12,6,38,48007,-0.054,0.093
12,6,38,48046,-0.176,0.201
12,6,38,48085,-0.018,0.562
12,6,38,48124,0.361,-0.173
12,6,38,48164,0.218,-0.562
12,6,38,48203,0.363,0.082
12,6,38,48242,-0.143,0.395
12,6,38,48281,0.173,-0.678
12,6,38,48320,-0.2,0.125
12,6,38,48359,-0.035,0.339
12,6,38,48398,-0.351,0.043
12,6,38,48437,0.142,0.835
12,6,38,48476,0.085,-0.66
12,6,38,48515,0.389,-0.237
12,6,38,48554,0.015,0.573
12,6,38,48593,0.28,-0.419
12,6,38,48632,-0.327,-0.178
12,6,38,48671,0.155,0.458
12,6,38,48710,0.25,-0.792
12,6,38,48749,0.353,-0.068
12,6,38,48789,0.565,0.168
12,6,38,48828,-0.615,-0.073
12,6,38,48867,0.678,-1.388
12,6,38,48906,-1.17,1.371
12,6,38,48945,0.238,-0.499
12,6,38,48984,-0.245,-0.611
12,6,38,49023,-0.295,1.989
12,6,38,49062,0.121,-2.757
12,6,38,49101,-0.231,1.79
12,6,38,49140,0.955,-0.539
12,6,38,49179,0.496,-1.06
12,6,38,49218,0.007,1.666
12,6,38,49257,0.285,-1.62
12,6,38,49296,0.648,0.121
12,6,38,49335,0.313,0.019
12,6,38,49374,0.355,-0.387
12,6,38,49414,-0.042,0.849
12,6,38,49453,-0.082,-0.624
12,6,38,49492,0.095,-0.243
12,6,38,49531,-0.17,0.935
12,6,38,49570,0.484,-0.118
12,6,38,49609,-0.311,0.017
12,6,38,49648,0.258,-0.081
12,6,38,49687,-0.273,-0.734
12,6,38,49726,0.037,0.623
12,6,38,49765,-0.148,-0.372
12,6,38,49804,0.04,1.086
12,6,38,49843,0.412,-0.338
12,6,38,49882,0.389,-0.335
12,6,38,49921,0.456,-0.345
12,6,38,49960,0.305,-0.126
12,6,38,49999,0.066,0.312
12,6,38,50039,-0.371,-0.435
12,6,38,50078,0.08,0.43
12,6,38,50117,-0.447,0.104
12,6,38,50156,0.37,-0.183
12,6,38,50195,0.343,0.666
12,6,38,50234,0.271,-0.194
12,6,38,50273,-0.283,-0.643
12,6,38,50312,-0.157,0.635
12,6,38,50351,-0.053,-0.369
12,6,38,50390,0.115,0.527
12,6,38,50429,0.222,0.807
12,6,38,50468,0.193,-0.755
12,6,38,50507,-0.164,-0.193
12,6,38,50546,0.63,-0.575
12,6,38,50585,0.213,-0.231
12,6,38,50624,0.046,0.416
12,6,38,50664,-0.562,-0.201
12,6,38,50703,0.391,0.14
12,6,38,50742,0.053,-0.398
12,6,38,50781,0.234,0.155
12,6,38,50820,0.057,0.052
12,6,38,50859,-0.139,0.574
12,6,38,50898,0.241,-1.254
12,6,38,50937,-0.255,0.547
12,6,38,50976,0.27,0.198
12,6,38,51015,-0.23,-0.67
12,6,38,51054,-0.052,1.339
12,6,38,51093,0.451,-0.529
12,6,38,51132,0.447,-0.421
12,6,38,51171,0.297,0.794
12,6,38,51210,0.286,-0.207
12,6,38,51249,-0.094,-0.296
12,6,38,51289,0.34,-0.394
12,6,38,51328,-0.239,0.256
12,6,38,51367,0.263,-0.205
12,6,38,51406,-0.376,0.337
12,6,38,51445,-0.127,0.104
12,6,38,51484,-0.603,-0.552
12,6,38,51523,-0.001,0.587
12,6,38,51562,-0.454,0.282
12,6,38,51601,0.135,-0.029
12,6,38,51640,-0.241,0.681
12,6,38,51679,0.594,-0.017
12,6,38,51718,-0.456,0.246
12,6,38,51757,0.843,0.248
12,6,38,51796,-0.379,-0.296
12,6,38,51835,0.735,0.181
12,6,38,51874,-0.288,-0.618
12,6,38,51914,0.124,0.365
12,6,38,51953,-0.36,-0.051
12,6,38,51992,0.124,0.523
12,6,38,52031,-0.109,-0.908
12,6,38,52070,0.23,-0.058
12,6,38,52109,-0.499,0.146
12,6,38,52148,0.255,-0.381
12,6,38,52187,-0.861,0.687
12,6,38,52226,0.207,-0.027
12,6,38,52265,-0.426,-0.398
12,6,38,52304,0.409,1.065
12,6,38,52343,0.074,-1.156
12,6,38,52382,0.203,0.852
12,6,38,52421,-0.135,-0.434
12,6,38,52460,0.169,-0.043
12,6,38,52499,0.027,0.623
12,6,38,52539,0.18,-0.141
12,6,38,52578,-0.346,0.18
12,6,38,52617,0.181,0.231
12,6,38,52656,0.122,-0.206
12,6,38,52695,0.308,0.167
12,6,38,52734,-0.31,-0.36
12,6,38,52773,-0.379,0.449
12,6,38,52812,-0.298,-0.115
12,6,38,52851,-0.305,0.102
12,6,38,52890,-0.4,0.512
12,6,38,52929,0.039,0.355
12,6,38,52968,-0.177,0.175
12,6,38,53007,0.01,-0.257
12,6,38,53046,-0.223,0.341
12,6,38,53085,0.245,0.421
12,6,38,53124,-0.028,0.04
12,6,38,53164,0.292,-0.26
12,6,38,53203,-0.344,0.231
12,6,38,53242,0.593,-0.291
12,6,38,53281,-0.886,0.455
12,6,38,53320,1.213,0.039
12,6,38,53359,-1.245,-0.689
12,6,38,53398,0.099,0.785
12,6,38,53437,-1.024,-0.936
12,6,38,53476,0.511,0.63
12,6,38,53515,-0.552,-0.335
12,6,38,53554,0.215,1.271
12,6,38,53593,-0.76,-1.228
12,6,38,53632,-0.242,0.493
12,6,38,53671,-0.448,-0.299
12,6,38,53710,0.023,0.322
12,6,38,53749,0.25,-0.075
12,6,38,53789,-0.371,0.24
12,6,38,53828,0.269,-0.851
12,6,38,53867,-0.1,0.37
12,6,38,53906,0.436,-0.087
12,6,38,53945,-0.501,0.269
12,6,38,53984,0.049,0.421
12,6,38,54023,-0.568,-0.481
12,6,38,54062,0.231,0.21
12,6,38,54101,-0.107,0.171
12,6,38,54140,0.307,-0.148
12,6,38,54179,-0.413,0.241
12,6,38,54218,0.012,-0.409
12,6,38,54257,-0.076,0.358
12,6,38,54296,0.71,0.252
12,6,38,54335,-0.212,-0.306
12,6,38,54374,0.197,-0.031
12,6,38,54414,-0.619,-0.307
12,6,38,54453,0.09,0.339
12,6,38,54492,-0.006,-0.687
12,6,38,54531,-0.256,0.876
12,6,38,54570,0.026,-0.122
12,6,38,54609,-0.148,-0.2
12,6,38,54648,0.215,-0.535
12,6,38,54687,-0.139,0.169
12,6,38,54726,0.025,0.539
12,6,38,54765,-0.078,0.273
12,6,38,54804,0.505,-0.03
12,6,38,54843,0.146,-0.037
12,6,38,54882,0.506,-0.321
12,6,38,54921,0.054,-0.046
12,6,38,54960,0.386,-0.552
12,6,38,54999,-0.394,0.535
12,6,38,55039,0.241,0.077
12,6,38,55078,-0.197,-0.447
12,6,38,55117,0.032,0.465
12,6,38,55156,0.127,-0.693
12,6,38,55195,0.213,0.2
12,6,38,55234,-0.15,0.042
12,6,38,55273,0.113,-0.44
12,6,38,55312,-0.438,0.904
12,6,38,55351,-0.065,-0.309
12,6,38,55390,-0.276,-0.092
12,6,38,55429,0.487,0.191
12,6,38,55468,0.211,-0.197
12,6,38,55507,0.458,0.074
12,6,38,55546,0.226,-0.967
12,6,38,55585,0.035,0.714
12,6,38,55624,0.423,-0.595
12,6,38,55664,-0.22,0.322
12,6,38,55703,0.037,0.38
12,6,38,55742,0.447,-0.659
12,6,38,55781,0.468,0.398
12,6,38,55820,-0.149,-0.544
12,6,38,55859,-0.186,-0.33
12,6,38,55898,-0.501,0.514
12,6,38,55937,0.26,-0.804
12,6,38,55976,-0.557,1.163
12,6,38,56015,0.341,-0.077
12,6,38,56054,-0.549,-0.828
12,6,38,56093,0.151,0.656
12,6,38,56132,0.296,-1.059
12,6,38,56171,0.054,1.349
12,6,38,56210,0.366,-0.84
12,6,38,56249,0.092,-0.438
12,6,38,56289,0.269,0.392
12,6,38,56328,0.626,-1.367
12,6,38,56367,-0.489,1.176
12,6,38,56406,-0.022,0.172
12,6,38,56445,-0.802,-0.532
12,6,38,56484,-0.06,0.785
12,6,38,56523,-0.08,-1.614
12,6,38,56562,-0.556,1.97
12,6,38,56601,0.511,-1.081
12,6,38,56640,-0.665,0.055
12,6,38,56679,0.468,-0.085
12,6,38,56718,-0.52,-0.622
12,6,38,56757,0.773,0.701
12,6,38,56796,-0.313,-0.691
12,6,38,56835,0.321,0.115
12,6,38,56874,-0.348,-0.522
12,6,38,56914,0.699,-0.153
12,6,38,56953,-0.064,-0.178
12,6,38,56992,0.544,0.096
12,6,38,57031,-0.04,0.268
12,6,38,57070,0.668,-0.27
12,6,38,57109,-0.174,-0.664
12,6,38,57148,-0.276,0.577
12,6,38,57187,-0.375,-0.708
12,6,38,57226,-0.313,0.854
12,6,38,57265,0.302,0.127
12,6,38,57304,-0.173,0.134
12,6,38,57343,0.391,-0.321
12,6,38,57382,-0.138,-0.444
12,6,38,57421,0.249,-0.026
12,6,38,57460,-0.654,-0.103
12,6,38,57499,0.236,0.886
12,6,38,57539,-0.255,-0.389
12,6,38,57578,0.413,0.188
12,6,38,57617,0.047,-0.021
12,6,38,57656,0.249,0.036
12,6,38,57695,0.164,-0.717
12,6,38,57734,-0.334,0.95
12,6,38,57773,0.115,-0.478
12,6,38,57812,-0.222,0.447
12,6,38,57851,0.474,0.078
12,6,38,57890,-0.49,-0.577
12,6,38,57929,0.566,0.116
12,6,38,57968,-0.463,0.038
12,6,38,58007,0.564,0.118
12,6,38,58046,-0.786,0.094
12,6,38,58085,0.451,0.26
12,6,38,58124,-0.536,-0.431
12,6,38,58164,0.574,0.548
12,6,38,58203,-0.328,-0.418
12,6,38,58242,0.479,0.484
12,6,38,58281,-0.067,-0.598
12,6,38,58320,-0.307,0.589
12,6,38,58359,0.254,-0.679
12,6,38,58398,-0.412,0.768
12,6,38,58437,0.663,-0.635
12,6,38,58476,-0.376,0.645
12,6,38,58515,0.69,-0.305
12,6,38,58554,-0.629,-0.504
12,6,38,58593,0.113,0.769
12,6,38,58632,-0.652,-0.672
12,6,38,58671,0.156,0.674
12,6,38,58710,-0.803,0.469
12,6,38,58749,1.152,-0.885
12,6,38,58789,-0.85,0.674
12,6,38,58828,1.613,-0.729
12,6,38,58867,-1.089,0.094
12,6,38,58906,0.658,0.633
12,6,38,58945,-0.765,-0.37
12,6,38,58984,0.586,0.888
12,6,38,59023,-0.644,-1.113
12,6,38,59062,0.533,0.992
12,6,38,59101,-0.576,-0.861
12,6,38,59140,0.727,0.232
12,6,38,59179,-0.577,0.054
12,6,38,59218,0.198,-0.144
12,6,38,59257,-0.895,0.035
12,6,38,59296,0.223,0.503
12,6,38,59335,-0.41,-0.744
12,6,38,59374,0.313,1.115
12,6,38,59414,-0.087,-0.638
12,6,38,59453,0.332,0.132
12,6,38,59492,-0.294,-0.347
12,6,38,59531,0.371,0.141
12,6,38,59570,0.433,0.191
12,6,38,59609,0.194,0.466
12,6,38,59648,0.067,-0.481
12,6,38,59687,-0.043,0.043
12,6,38,59726,-0.138,-0.21
12,6,38,59765,0.244,0.565
12,6,38,59804,-0.538,0.68
12,6,38,59843,0.184,-0.225
12,6,38,59882,-0.011,-0.156
12,6,38,59921,0.291,-0.227
12,6,38,59960,-0.225,-0.827
12,6,38,59999,-0.08,0.531
12,6,38,60039,-0.07,-0.152
12,6,38,60078,0.065,0.122
12,6,38,60117,-0.162,-0.563
12,6,38,60156,-0.269,0.157
12,6,38,60195,-0.251,0.198
12,6,38,60234,0.151,-0.044
12,6,38,60273,0.109,0.177
12,6,38,60312,-0.135,-0.085
12,6,38,60351,0.338,0.074
12,6,38,60390,0.57,-0.327
12,6,38,60429,0.076,-0.11
12,6,38,60468,0.109,-0.363
12,6,38,60507,-0.049,0.021
12,6,38,60546,-0.127,0.188
12,6,38,60585,0.08,-0.063
12,6,38,60624,0.314,0.335
12,6,38,60664,0.136,-0.442
12,6,38,60703,0.222,-0.335
12,6,38,60742,-0.369,-0.188
12,6,38,60781,0.01,-0.248
12,6,38,60820,-0.116,0.522
12,6,38,60859,0.028,0.605
12,6,38,60898,0.319,-0.589
12,6,38,60937,-0.049,0.524
12,6,38,60976,-0.058,-0.809
12,6,38,61015,-0.528,0.223
12,6,38,61054,0.278,0.68
12,6,38,61093,0.171,-0.567
12,6,38,61132,0.304,0.668
12,6,38,61171,0.006,-0.582
12,6,38,61210,0.655,-0.44
12,6,38,61249,0.525,-0.446
12,6,38,61289,0.403,0.608
12,6,38,61328,0.36,0.303
12,6,38,61367,-0.064,-0.885
12,6,38,61406,0.364,0.093
12,6,38,61445,0.611,0.354
12,6,38,61484,0.567,0.08
12,6,38,61523,0.151,-0.087
12,6,38,61562,-0.152,0.327
12,6,38,61601,-0.217,-0.476
12,6,38,61640,-0.145,-0.259
12,6,38,61679,0.219,0.778
12,6,38,61718,0.143,0.04
12,6,38,61757,-0.283,-0.152
12,6,38,61796,0.057,-0.057
12,6,38,61835,0.17,-0.59
12,6,38,61874,0.189,-0.034
12,6,38,61914,0.067,0.336
12,6,38,61953,-0.027,-0.077
12,6,38,61992,-0.113,-0.588
12,6,38,62031,-0.156,-0.069
12,6,38,62070,0.198,-0.034
12,6,38,62109,0.301,0.859
12,6,38,62148,0.421,0.182
12,6,38,62187,-0.237,-0.42
12,6,38,62226,0.216,-0.018
12,6,38,62265,0.043,0.247
12,6,38,62304,0.152,0.202
12,6,38,62343,-0.206,0.094
12,6,38,62382,0.418,0.066
12,6,38,62421,0.371,-0.849
12,6,38,62460,0.433,0.5
12,6,38,62499,0.054,-0.053
